 #normalor:   1.00000000000000     
   -7.59047000   0.446319359E-05      0.22723600
   -7.36981000   0.576092490E-05      0.21427300
   -7.16156000   0.732500003E-05      0.20238900
   -6.96471000   0.918179037E-05      0.19146900
   -6.77834000   0.113540554E-04      0.18141100
   -6.60163000   0.138597392E-04      0.17212600
   -6.43385000   0.167108083E-04      0.16353800
   -6.27435000   0.199126090E-04      0.15557700
   -6.12251000   0.234627830E-04      0.14818600
   -5.97780000   0.273522256E-04      0.14130900
   -5.83974000   0.315643221E-04      0.13490200
   -5.70786000   0.360755982E-04      0.12892200
   -5.58176000   0.408578915E-04      0.12333100
   -5.46108000   0.458783976E-04      0.11809800
   -5.34546000   0.511007340E-04      0.11319100
   -5.23459000   0.564872151E-04      0.10858500
   -5.12820000   0.620005609E-04      0.10425500
   -5.02600000   0.676022911E-04      0.10018000
   -4.92776000   0.732575474E-04      0.09634000
   -4.83325000   0.789328973E-04      0.09271730
   -4.74226000   0.845983198E-04      0.08929580
   -4.65459000   0.902270848E-04      0.08606090
   -4.57008000   0.957976363E-04      0.08299930
   -4.48854000   0.101289419E-03      0.08009880
   -4.40983000   0.106687839E-03      0.07734830
   -4.33380000   0.111982630E-03      0.07473770
   -4.26031000   0.117163034E-03      0.07225760
   -4.18924000   0.122226353E-03      0.06989940
   -4.12047000   0.127169074E-03      0.06765530
   -4.05389000   0.131991540E-03      0.06551810
   -3.98940000   0.136696469E-03      0.06348110
   -3.92690000   0.141288139E-03      0.06153810
   -3.86630000   0.145772728E-03      0.05968340
   -3.80751000   0.150156504E-03      0.05791170
   -3.75045000   0.154448339E-03      0.05621820
   -3.69505000   0.158658316E-03      0.05459840
   -3.64123000   0.162795201E-03      0.05304790
   -3.58893000   0.166869995E-03      0.05156300
   -3.53808000   0.170893634E-03      0.05013990
   -3.48863000   0.174878953E-03      0.04877530
   -3.44051000   0.178834683E-03      0.04746600
   -3.39368000   0.182775398E-03      0.04620910
   -3.34808000   0.186711010E-03      0.04500180
   -3.30366000   0.190653149E-03      0.04384160
   -3.26038000   0.194613904E-03      0.04272590
   -3.21819000   0.198604064E-03      0.04165270
   -3.17706000   0.202637174E-03      0.04061970
   -3.13694000   0.206722149E-03      0.03962490
   -3.09780000   0.210872093E-03      0.03866650
   -3.05960000   0.215096711E-03      0.03774280
   -3.02230000   0.219405483E-03      0.03685210
   -2.98588000   0.223812107E-03      0.03599280
   -2.95031000   0.228328215E-03      0.03516350
   -2.91555000   0.232961119E-03      0.03436280
   -2.88157000   0.237720222E-03      0.03358930
   -2.84836000   0.242619295E-03      0.03284200
   -2.81588000   0.247665514E-03      0.03211960
   -2.78411000   0.252872063E-03      0.03142090
   -2.75303000   0.258246974E-03      0.03074510
   -2.72261000   0.263801169E-03      0.03009110
   -2.69284000   0.269545095E-03      0.02945790
   -2.66369000   0.275486532E-03      0.02884470
   -2.63514000   0.281637081E-03      0.02825070
   -2.60718000   0.288007553E-03      0.02767510
   -2.57979000   0.294606754E-03      0.02711710
   -2.55294000   0.301442932E-03      0.02657600
   -2.52663000   0.308529532E-03      0.02605110
   -2.50084000   0.315877170E-03      0.02554190
   -2.47554000   0.323489163E-03      0.02504760
   -2.45074000   0.331385484E-03      0.02456770
   -2.42640000   0.339566617E-03      0.02410160
   -2.40253000   0.348051337E-03      0.02364890
   -2.37910000   0.356845361E-03      0.02320900
   -2.35611000   0.365960559E-03      0.02278140
   -2.33353000   0.375404659E-03      0.02236570
   -2.31137000   0.385192918E-03      0.02196150
   -2.28961000   0.395334038E-03      0.02156820
   -2.26823000   0.405837212E-03      0.02118560
   -2.24723000   0.416715115E-03      0.02081330
   -2.22660000   0.427978885E-03      0.02045080
   -2.20633000   0.439638703E-03      0.02009790
   -2.18640000   0.451704947E-03      0.01975420
   -2.16682000   0.464190703E-03      0.01941930
   -2.14756000   0.477105734E-03      0.01909310
   -2.12863000   0.490460868E-03      0.01877520
   -2.11001000   0.504268731E-03      0.01846520
   -2.09169000   0.518538675E-03      0.01816310
   -2.07368000   0.533283473E-03      0.01786840
   -2.05596000   0.548515392E-03      0.01758100
   -2.03852000   0.564243178E-03      0.01730050
   -2.02135000   0.580480456E-03      0.01702690
   -2.00446000   0.597237181E-03      0.01675980
   -1.98783000   0.614526004E-03      0.01649910
   -1.97146000   0.632358155E-03      0.01624460
   -1.95534000   0.650743114E-03      0.01599600
   -1.93947000   0.669694167E-03      0.01575320
   -1.92383000   0.689223614E-03      0.01551600
   -1.90843000   0.709340131E-03      0.01528430
   -1.89326000   0.730055961E-03      0.01505780
   -1.87831000   0.751383916E-03      0.01483640
   -1.86359000   0.773331130E-03      0.01462000
   -1.84907000   0.795914467E-03      0.01440840
   -1.83477000   0.819139120E-03      0.01420150
   -1.82067000   0.843021320E-03      0.01399910
   -1.80677000   0.867568025E-03      0.01380110
   -1.79306000   0.892795826E-03      0.01360730
   -1.77955000   0.918708114E-03      0.01341780
   -1.76623000   0.945317467E-03      0.01323220
   -1.75309000   0.972638484E-03      0.01305060
   -1.74012000   0.100068447E-02      0.01287280
   -1.72734000   0.102945443E-02      0.01269870
   -1.71473000   0.105896795E-02      0.01252820
   -1.70228000   0.108923911E-02      0.01236120
   -1.69000000   0.112027144E-02      0.01219770
   -1.67789000   0.115207037E-02      0.01203740
   -1.66593000   0.118466089E-02      0.01188040
   -1.65412000   0.121805152E-02      0.01172650
   -1.64247000   0.125224151E-02      0.01157570
   -1.63097000   0.128724840E-02      0.01142780
   -1.61962000   0.132307749E-02      0.01128290
   -1.60840000   0.135976118E-02      0.01114070
   -1.59733000   0.139727955E-02      0.01100140
   -1.58640000   0.143566704E-02      0.01086470
   -1.57560000   0.147492007E-02      0.01073060
   -1.56494000   0.151505240E-02      0.01059910
   -1.55440000   0.155609268E-02      0.01047000
   -1.54400000   0.159802438E-02      0.01034340
   -1.53372000   0.164087777E-02      0.01021920
   -1.52356000   0.168466783E-02      0.01009720
   -1.51352000   0.172940925E-02      0.00997750
   -1.50360000   0.177508620E-02      0.00985998
   -1.49380000   0.182174252E-02      0.00974460
   -1.48411000   0.186938276E-02      0.00963131
   -1.47454000   0.191799991E-02      0.00952005
   -1.46507000   0.196763775E-02      0.00941079
   -1.45572000   0.201828070E-02      0.00930347
   -1.44646000   0.207000182E-02      0.00919804
   -1.43732000   0.212274128E-02      0.00909446
   -1.42828000   0.217654944E-02      0.00899269
   -1.41933000   0.223148935E-02      0.00889269
   -1.41049000   0.228748707E-02      0.00879442
   -1.40174000   0.234461883E-02      0.00869783
   -1.39309000   0.240288884E-02      0.00860289
   -1.38454000   0.246229620E-02      0.00850957
   -1.37607000   0.252291127E-02      0.00841781
   -1.36770000   0.258470086E-02      0.00832760
   -1.35942000   0.264770170E-02      0.00823889
   -1.35122000   0.271195574E-02      0.00815166
   -1.34311000   0.277748192E-02      0.00806586
   -1.33509000   0.284426293E-02      0.00798148
   -1.32715000   0.291236378E-02      0.00789847
   -1.31929000   0.298180900E-02      0.00781681
   -1.31152000   0.305255411E-02      0.00773647
   -1.30382000   0.312476043E-02      0.00765742
   -1.29620000   0.319836594E-02      0.00757963
   -1.28866000   0.327339531E-02      0.00750309
   -1.28119000   0.334993119E-02      0.00742775
   -1.27380000   0.342792415E-02      0.00735359
   -1.26649000   0.350744095E-02      0.00728060
   -1.25924000   0.358859441E-02      0.00720875
   -1.25207000   0.367128905E-02      0.00713800
   -1.24497000   0.375564175E-02      0.00706835
   -1.23793000   0.384173619E-02      0.00699977
   -1.23097000   0.392946290E-02      0.00693223
   -1.22407000   0.401898062E-02      0.00686572
   -1.21723000   0.411037739E-02      0.00680021
   -1.21047000   0.420348168E-02      0.00673569
   -1.20376000   0.429858055E-02      0.00667213
   -1.19712000   0.439556951E-02      0.00660952
   -1.19054000   0.449455390E-02      0.00654784
   -1.18403000   0.459548048E-02      0.00648707
   -1.17757000   0.469861268E-02      0.00642718
   -1.17117000   0.480387774E-02      0.00636818
   -1.16483000   0.491129653E-02      0.00631003
   -1.15855000   0.502096833E-02      0.00625272
   -1.15233000   0.513288879E-02      0.00619623
   -1.14616000   0.524725486E-02      0.00614055
   -1.14005000   0.536400215E-02      0.00608567
   -1.13399000   0.548331225E-02      0.00603157
   -1.12798000   0.560522161E-02      0.00597823
   -1.12203000   0.572968214E-02      0.00592564
   -1.11613000   0.585689227E-02      0.00587379
   -1.11028000   0.598689056E-02      0.00582265
   -1.10448000   0.611974495E-02      0.00577223
   -1.09874000   0.625539015E-02      0.00572251
   -1.09304000   0.639422059E-02      0.00567346
   -1.08739000   0.653608719E-02      0.00562509
   -1.08179000   0.668115600E-02      0.00557738
   -1.07624000   0.682943791E-02      0.00553031
   -1.07073000   0.698120447E-02      0.00548388
   -1.06527000   0.713634661E-02      0.00543808
   -1.05985000   0.729522099E-02      0.00539288
   -1.05448000   0.745760631E-02      0.00534829
   -1.04916000   0.762364887E-02      0.00530429
   -1.04387000   0.779386785E-02      0.00526087
   -1.03863000   0.796793759E-02      0.00521803
   -1.03344000   0.814590342E-02      0.00517574
   -1.02828000   0.832841371E-02      0.00513400
   -1.02317000   0.851502122E-02      0.00509281
   -1.01810000   0.870609366E-02      0.00505215
   -1.01306000   0.890211972E-02      0.00501201
   -1.00807000   0.910251706E-02      0.00497239
   -1.00312000   0.930780890E-02      0.00493327
   -0.99820500   0.951815965E-02      0.00489465
   -0.99332900   0.973369482E-02      0.00485652
   -0.98849200   0.995446020E-02      0.00481887
   -0.98369200   0.101807012E-01      0.00478170
   -0.97892800   0.104125967E-01      0.00474499
   -0.97420100   0.106502089E-01      0.00470873
   -0.96951100   0.108937260E-01      0.00467293
   -0.96485500   0.111434236E-01      0.00463756
   -0.96023500   0.113993756E-01      0.00460264
   -0.95565000   0.116617849E-01      0.00456814
   -0.95109900   0.119308129E-01      0.00453406
   -0.94658200   0.122067286E-01      0.00450040
   -0.94209800   0.124897084E-01      0.00446714
   -0.93764700   0.127799343E-01      0.00443429
   -0.93322900   0.130775916E-01      0.00440183
   -0.92884400   0.133828675E-01      0.00436976
   -0.92449000   0.136960713E-01      0.00433807
   -0.92016700   0.140174651E-01      0.00430676
   -0.91587600   0.143471405E-01      0.00427582
   -0.91161600   0.146854279E-01      0.00424525
   -0.90738500   0.150326241E-01      0.00421503
   -0.90318500   0.153888206E-01      0.00418517
   -0.89901500   0.157543756E-01      0.00415565
   -0.89487400   0.161296028E-01      0.00412648
   -0.89076200   0.165146861E-01      0.00409765
   -0.88667900   0.169099406E-01      0.00406914
   -0.88262300   0.173157258E-01      0.00404097
   -0.87859600   0.177322760E-01      0.00401312
   -0.87459700   0.181598122E-01      0.00398558
   -0.87062500   0.185988444E-01      0.00395836
   -0.86668000   0.190495237E-01      0.00393145
   -0.86276200   0.195122162E-01      0.00390484
   -0.85887100   0.199872972E-01      0.00387853
   -0.85500500   0.204751416E-01      0.00385251
   -0.85116500   0.209761201E-01      0.00382678
   -0.84735100   0.214904835E-01      0.00380134
   -0.84356300   0.220185617E-01      0.00377619
   -0.83979900   0.225610252E-01      0.00375131
   -0.83606000   0.231180288E-01      0.00372670
   -0.83234500   0.236901530E-01      0.00370236
   -0.82865500   0.242775502E-01      0.00367829
   -0.82498900   0.248808245E-01      0.00365448
   -0.82134600   0.255005183E-01      0.00363093
   -0.81772700   0.261367958E-01      0.00360764
   -0.81413100   0.267903127E-01      0.00358459
   -0.81055800   0.274614946E-01      0.00356179
   -0.80700700   0.281509457E-01      0.00353924
   -0.80347900   0.288589418E-01      0.00351693
   -0.79997300   0.295861118E-01      0.00349485
   -0.79648900   0.303329220E-01      0.00347301
   -0.79302700   0.310998465E-01      0.00345140
   -0.78958600   0.318875695E-01      0.00343002
   -0.78616700   0.326963839E-01      0.00340886
   -0.78276900   0.335271181E-01      0.00338792
   -0.77939100   0.343804055E-01      0.00336720
   -0.77603400   0.352565585E-01      0.00334670
   -0.77269800   0.361562326E-01      0.00332640
   -0.76938100   0.370804780E-01      0.00330632
   -0.76608500   0.380292409E-01      0.00328644
   -0.76280800   0.390037445E-01      0.00326677
   -0.75955100   0.400041862E-01      0.00324730
   -0.75631400   0.410312922E-01      0.00322803
   -0.75309500   0.420862613E-01      0.00320895
   -0.74989600   0.431691396E-01      0.00319007
   -0.74671500   0.442810265E-01      0.00317137
   -0.74355300   0.454225701E-01      0.00315287
   -0.74040900   0.465946184E-01      0.00313455
   -0.73728400   0.477973469E-01      0.00311641
   -0.73417600   0.490324732E-01      0.00309845
   -0.73108700   0.502998216E-01      0.00308068
   -0.72801500   0.516008479E-01      0.00306307
   -0.72496000   0.529364815E-01      0.00304565
   -0.72192300   0.543067147E-01      0.00302839
   -0.71890400   0.557126311E-01      0.00301130
   -0.71590100   0.571558601E-01      0.00299439
   -0.71291500   0.586365793E-01      0.00297763
   -0.70994500   0.601560413E-01      0.00296104
   -0.70699300   0.617142991E-01      0.00294461
   -0.70405600   0.633136238E-01      0.00292834
   -0.70113600   0.649536560E-01      0.00291222
   -0.69823200   0.666359449E-01      0.00289626
   -0.69534300   0.683619058E-01      0.00288046
   -0.69247100   0.701313053E-01      0.00286480
   -0.68961400   0.719459009E-01      0.00284930
   -0.68677200   0.738070812E-01      0.00283394
   -0.68394600   0.757146602E-01      0.00281872
   -0.68113500   0.776703910E-01      0.00280365
   -0.67833800   0.796758722E-01      0.00278873
   -0.67555700   0.817309705E-01      0.00277394
   -0.67279100   0.838367408E-01      0.00275929
   -0.67003900   0.859953782E-01      0.00274478
   -0.66730100   0.882076068E-01      0.00273040
   -0.66457800   0.904736338E-01      0.00271616
   -0.66186900   0.927951811E-01      0.00270204
   -0.65917400   0.951735348E-01      0.00268806
   -0.65649200   0.976102410E-01      0.00267421
   -0.65382500   0.100104908E+00      0.00266049
   -0.65117100   0.102659935E+00      0.00264689
   -0.64853100   0.105275765E+00      0.00263341
   -0.64590500   0.107953032E+00      0.00262006
   -0.64329100   0.110694659E+00      0.00260683
   -0.64069100   0.113500434E+00      0.00259372
   -0.63810400   0.116371639E+00      0.00258073
   -0.63552900   0.119310352E+00      0.00256785
   -0.63296800   0.122316205E+00      0.00255509
   -0.63041900   0.125391627E+00      0.00254244
   -0.62788300   0.128536900E+00      0.00252991
   -0.62535900   0.131754204E+00      0.00251749
   -0.62284800   0.135043351E+00      0.00250518
   -0.62034900   0.138406554E+00      0.00249298
   -0.61786200   0.141844834E+00      0.00248089
   -0.61538700   0.145358742E+00      0.00246890
   -0.61292400   0.148950154E+00      0.00245702
   -0.61047300   0.152619588E+00      0.00244525
   -0.60803400   0.156367979E+00      0.00243358
   -0.60560600   0.160197739E+00      0.00242200
   -0.60319000   0.164108841E+00      0.00241053
   -0.60078500   0.168102712E+00      0.00239916
   -0.59839100   0.172181332E+00      0.00238789
   -0.59600900   0.176343449E+00      0.00237672
   -0.59363800   0.180592085E+00      0.00236564
   -0.59127800   0.184927567E+00      0.00235466
   -0.58892800   0.189352503E+00      0.00234377
   -0.58659000   0.193864736E+00      0.00233298
   -0.58426200   0.198468071E+00      0.00232228
   -0.58194500   0.203161425E+00      0.00231166
   -0.57963900   0.207946731E+00      0.00230114
   -0.57734300   0.212824767E+00      0.00229071
   -0.57505800   0.217796126E+00      0.00228037
   -0.57278200   0.222863638E+00      0.00227011
   -0.57051700   0.228025761E+00      0.00225994
   -0.56826200   0.233283824E+00      0.00224986
   -0.56601800   0.238636794E+00      0.00223986
   -0.56378300   0.244089693E+00      0.00222995
   -0.56155800   0.249640006E+00      0.00222011
   -0.55934200   0.255292073E+00      0.00221036
   -0.55713700   0.261039902E+00      0.00220069
   -0.55494100   0.266889461E+00      0.00219110
   -0.55275500   0.272837727E+00      0.00218159
   -0.55057800   0.278889137E+00      0.00217216
   -0.54841000   0.285043163E+00      0.00216281
   -0.54625200   0.291296369E+00      0.00215353
   -0.54410300   0.297653268E+00      0.00214433
   -0.54196300   0.304113072E+00      0.00213520
   -0.53983300   0.310671911E+00      0.00212615
   -0.53771100   0.317337369E+00      0.00211717
   -0.53559800   0.324105500E+00      0.00210827
   -0.53349500   0.330972961E+00      0.00209943
   -0.53140000   0.337945623E+00      0.00209067
   -0.52931300   0.345023285E+00      0.00208198
   -0.52723600   0.352200104E+00      0.00207336
   -0.52516600   0.359484436E+00      0.00206481
   -0.52310600   0.366865744E+00      0.00205633
   -0.52105400   0.374350102E+00      0.00204791
   -0.51901000   0.381936890E+00      0.00203957
   -0.51697500   0.389622954E+00      0.00203129
   -0.51494700   0.397413537E+00      0.00202307
   -0.51292800   0.405301684E+00      0.00201492
   -0.51091800   0.413285087E+00      0.00200684
   -0.50891500   0.421370211E+00      0.00199882
   -0.50692000   0.429553434E+00      0.00199086
   -0.50493300   0.437832292E+00      0.00198296
   -0.50295400   0.446206755E+00      0.00197513
   -0.50098300   0.454674123E+00      0.00196736
   -0.49901900   0.463238400E+00      0.00195965
   -0.49706300   0.471893977E+00      0.00195200
   -0.49511500   0.480636417E+00      0.00194441
   -0.49317500   0.489468116E+00      0.00193688
   -0.49124100   0.498393206E+00      0.00192940
   -0.48931600   0.507398143E+00      0.00192199
   -0.48739700   0.516492791E+00      0.00191463
   -0.48548600   0.525667665E+00      0.00190733
   -0.48358300   0.534920560E+00      0.00190008
   -0.48168600   0.544256982E+00      0.00189289
   -0.47979700   0.553668509E+00      0.00188576
   -0.47791500   0.563152648E+00      0.00187868
   -0.47604000   0.572711790E+00      0.00187166
   -0.47417100   0.582346747E+00      0.00186469
   -0.47231000   0.592043445E+00      0.00185777
   -0.47045600   0.601805713E+00      0.00185090
   -0.46860800   0.611635834E+00      0.00184409
   -0.46676800   0.621520882E+00      0.00183733
   -0.46493400   0.631466260E+00      0.00183062
   -0.46310600   0.641472689E+00      0.00182396
   -0.46128600   0.651523034E+00      0.00181735
   -0.45947200   0.661628265E+00      0.00181079
   -0.45766400   0.671781486E+00      0.00180428
   -0.45586300   0.681977914E+00      0.00179782
   -0.45406900   0.692210252E+00      0.00179141
   -0.45228000   0.702487840E+00      0.00178504
   -0.45049800   0.712798408E+00      0.00177873
   -0.44872300   0.723134282E+00      0.00177246
   -0.44695300   0.733504898E+00      0.00176623
   -0.44519000   0.743897644E+00      0.00176006
   -0.44343300   0.754312266E+00      0.00175392
   -0.44168200   0.764742837E+00      0.00174784
   -0.43993800   0.775184154E+00      0.00174180
   -0.43819900   0.785641526E+00      0.00173580
   -0.43646600   0.796105364E+00      0.00172985
   -0.43473900   0.806571691E+00      0.00172394
   -0.43301800   0.817038818E+00      0.00171808
   -0.43130300   0.827498076E+00      0.00171226
   -0.42959400   0.837950039E+00      0.00170648
   -0.42789000   0.848394051E+00      0.00170074
   -0.42619200   0.858820188E+00      0.00169505
   -0.42450000   0.869226739E+00      0.00168939
   -0.42281300   0.879612910E+00      0.00168378
   -0.42113200   0.889968688E+00      0.00167821
   -0.41945700   0.900289874E+00      0.00167268
   -0.41778700   0.910580585E+00      0.00166719
   -0.41612300   0.920828287E+00      0.00166174
   -0.41446300   0.931040285E+00      0.00165633
   -0.41281000   0.941195026E+00      0.00165095
   -0.41116200   0.951302495E+00      0.00164562
   -0.40951900   0.961358526E+00      0.00164033
   -0.40788100   0.971356250E+00      0.00163507
   -0.40624800   0.981291417E+00      0.00162985
   -0.40462100   0.991154193E+00      0.00162467
   -0.40299900   0.100094890E+01      0.00161952
   -0.40138200   0.101067147E+01      0.00161442
   -0.39977000   0.102031499E+01      0.00160934
   -0.39816300   0.102987540E+01      0.00160431
   -0.39656200   0.103934607E+01      0.00159931
   -0.39496500   0.104873114E+01      0.00159435
   -0.39337300   0.105802410E+01      0.00158942
   -0.39178600   0.106721816E+01      0.00158453
   -0.39020400   0.107631246E+01      0.00157967
   -0.38862700   0.108530028E+01      0.00157484
   -0.38705400   0.109418614E+01      0.00157005
   -0.38548600   0.110295810E+01      0.00156530
   -0.38392400   0.111161055E+01      0.00156058
   -0.38236500   0.112015536E+01      0.00155589
   -0.38081200   0.112857074E+01      0.00155123
   -0.37926300   0.113686651E+01      0.00154661
   -0.37771900   0.114503126E+01      0.00154202
   -0.37617900   0.115306979E+01      0.00153746
   -0.37464400   0.116097417E+01      0.00153293
   -0.37311300   0.116874287E+01      0.00152844
   -0.37158700   0.117637149E+01      0.00152397
   -0.37006500   0.118385848E+01      0.00151954
   -0.36854800   0.119120313E+01      0.00151514
   -0.36703500   0.119840065E+01      0.00151077
   -0.36552600   0.120544831E+01      0.00150643
   -0.36402200   0.121234272E+01      0.00150212
   -0.36252200   0.121908569E+01      0.00149784
   -0.36102600   0.122567490E+01      0.00149359
   -0.35953500   0.123210423E+01      0.00148937
   -0.35804700   0.123837592E+01      0.00148518
   -0.35656400   0.124448374E+01      0.00148102
   -0.35508500   0.125042618E+01      0.00147688
   -0.35361000   0.125620828E+01      0.00147278
   -0.35214000   0.126181816E+01      0.00146870
   -0.35067300   0.126726445E+01      0.00146466
   -0.34921000   0.127254226E+01      0.00146064
   -0.34775200   0.127764726E+01      0.00145664
   -0.34629700   0.128258084E+01      0.00145268
   -0.34484600   0.128734230E+01      0.00144874
   -0.34340000   0.129192795E+01      0.00144483
   -0.34195700   0.129634246E+01      0.00144095
   -0.34051800   0.130058228E+01      0.00143709
   -0.33908300   0.130464679E+01      0.00143326
   -0.33765100   0.130853418E+01      0.00142946
   -0.33622400   0.131224304E+01      0.00142568
   -0.33480000   0.131578106E+01      0.00142193
   -0.33338000   0.131913870E+01      0.00141820
   -0.33196300   0.132232128E+01      0.00141450
   -0.33055100   0.132532526E+01      0.00141083
   -0.32914200   0.132815426E+01      0.00140718
   -0.32773600   0.133080463E+01      0.00140355
   -0.32633500   0.133328112E+01      0.00139995
   -0.32493600   0.133558452E+01      0.00139637
   -0.32354200   0.133770799E+01      0.00139282
   -0.32215100   0.133966178E+01      0.00138930
   -0.32076300   0.134143915E+01      0.00138579
   -0.31937900   0.134304365E+01      0.00138231
   -0.31799900   0.134448002E+01      0.00137886
   -0.31662200   0.134574259E+01      0.00137543
   -0.31524800   0.134683960E+01      0.00137202
   -0.31387700   0.134776473E+01      0.00136863
   -0.31251100   0.134852260E+01      0.00136527
   -0.31114700   0.134911869E+01      0.00136193
   -0.30978700   0.134954692E+01      0.00135861
   -0.30843000   0.134981243E+01      0.00135532
   -0.30707600   0.134992034E+01      0.00135205
   -0.30572600   0.134986540E+01      0.00134880
   -0.30437800   0.134965566E+01      0.00134557
   -0.30303400   0.134928665E+01      0.00134236
   -0.30169400   0.134876780E+01      0.00133918
   -0.30035600   0.134809211E+01      0.00133602
   -0.29902200   0.134727060E+01      0.00133288
   -0.29769000   0.134629961E+01      0.00132976
   -0.29636200   0.134518344E+01      0.00132666
   -0.29503700   0.134392315E+01      0.00132358
   -0.29371500   0.134252093E+01      0.00132052
   -0.29239600   0.134097902E+01      0.00131749
   -0.29108000   0.133929974E+01      0.00131447
   -0.28976700   0.133748541E+01      0.00131148
   -0.28845700   0.133554203E+01      0.00130850
   -0.28715000   0.133346487E+01      0.00130555
   -0.28584600   0.133126357E+01      0.00130261
   -0.28454500   0.132893706E+01      0.00129970
   -0.28324700   0.132648792E+01      0.00129680
   -0.28195100   0.132391635E+01      0.00129393
   -0.28065900   0.132122965E+01      0.00129107
   -0.27936900   0.131842561E+01      0.00128824
   -0.27808200   0.131551284E+01      0.00128542
   -0.27679800   0.131249050E+01      0.00128262
   -0.27551700   0.130936131E+01      0.00127984
   -0.27423800   0.130612509E+01      0.00127708
   -0.27296300   0.130279037E+01      0.00127434
   -0.27169000   0.129935399E+01      0.00127162
   -0.27041900   0.129582197E+01      0.00126892
   -0.26915200   0.129219984E+01      0.00126623
   -0.26788700   0.128848402E+01      0.00126356
   -0.26662500   0.128468045E+01      0.00126091
   -0.26536500   0.128078848E+01      0.00125828
   -0.26410800   0.127681764E+01      0.00125567
   -0.26285400   0.127276730E+01      0.00125307
   -0.26160200   0.126863658E+01      0.00125049
   -0.26035300   0.126443181E+01      0.00124793
   -0.25910600   0.126015531E+01      0.00124539
   -0.25786200   0.125581011E+01      0.00124286
   -0.25662000   0.125139510E+01      0.00124036
   -0.25538100   0.124691676E+01      0.00123786
   -0.25414500   0.124238114E+01      0.00123539
   -0.25291100   0.123778351E+01      0.00123293
   -0.25167900   0.123312641E+01      0.00123049
   -0.25045000   0.122841649E+01      0.00122807
   -0.24922300   0.122365544E+01      0.00122566
   -0.24799800   0.121883920E+01      0.00122327
   -0.24677600   0.121398421E+01      0.00122090
   -0.24555600   0.120907899E+01      0.00121854
   -0.24433900   0.120413674E+01      0.00121620
   -0.24312400   0.119915232E+01      0.00121387
   -0.24191100   0.119412808E+01      0.00121156
   -0.24070100   0.118907394E+01      0.00120927
   -0.23949300   0.118398464E+01      0.00120699
   -0.23828700   0.117886241E+01      0.00120472
   -0.23708300   0.117371261E+01      0.00120248
   -0.23588200   0.116853891E+01      0.00120025
   -0.23468300   0.116333889E+01      0.00119803
   -0.23348600   0.115811472E+01      0.00119583
   -0.23229100   0.115287154E+01      0.00119365
   -0.23109900   0.114761608E+01      0.00119147
   -0.22990800   0.114233489E+01      0.00118932
   -0.22872000   0.113704547E+01      0.00118718
   -0.22753400   0.113174201E+01      0.00118505
   -0.22635000   0.112642943E+01      0.00118294
   -0.22516800   0.112110661E+01      0.00118085
   -0.22398800   0.111577541E+01      0.00117877
   -0.22281000   0.111044054E+01      0.00117670
   -0.22163500   0.110510565E+01      0.00117465
   -0.22046100   0.109976285E+01      0.00117261
   -0.21929000   0.109442638E+01      0.00117059
   -0.21812000   0.108908533E+01      0.00116858
   -0.21695200   0.108374899E+01      0.00116658
   -0.21578700   0.107842087E+01      0.00116460
   -0.21462300   0.107309289E+01      0.00116264
   -0.21346200   0.106777899E+01      0.00116068
   -0.21230200   0.106246818E+01      0.00115875
   -0.21114400   0.105716670E+01      0.00115682
   -0.20998800   0.105187872E+01      0.00115491
   -0.20883400   0.104660277E+01      0.00115301
   -0.20768200   0.104134292E+01      0.00115113
   -0.20653200   0.103609767E+01      0.00114926
   -0.20538400   0.103087098E+01      0.00114740
   -0.20423700   0.102565384E+01      0.00114555
   -0.20309200   0.102046033E+01      0.00114372
   -0.20195000   0.101529083E+01      0.00114190
   -0.20080900   0.101013700E+01      0.00114010
   -0.19966900   0.100499993E+01      0.00113831
   -0.19853200   0.999892670E+00      0.00113653
   -0.19739600   0.994806817E+00      0.00113476
   -0.19626300   0.989749986E+00      0.00113301
   -0.19513000   0.984709204E+00      0.00113127
   -0.19400000   0.979701832E+00      0.00112954
   -0.19287100   0.974716918E+00      0.00112783
   -0.19174400   0.969762450E+00      0.00112613
   -0.19061900   0.964836636E+00      0.00112444
   -0.18949500   0.959935700E+00      0.00112276
   -0.18837400   0.955071993E+00      0.00112110
   -0.18725300   0.950232647E+00      0.00111944
   -0.18613500   0.945429316E+00      0.00111780
   -0.18501800   0.940653720E+00      0.00111617
   -0.18390200   0.935908993E+00      0.00111456
   -0.18278900   0.931204543E+00      0.00111295
   -0.18167600   0.926522878E+00      0.00111136
   -0.18056600   0.921884991E+00      0.00110978
   -0.17945700   0.917275396E+00      0.00110822
   -0.17834900   0.912701902E+00      0.00110666
   -0.17724300   0.908162081E+00      0.00110512
   -0.17613900   0.903663531E+00      0.00110358
   -0.17503600   0.899195339E+00      0.00110206
   -0.17393500   0.894769238E+00      0.00110055
   -0.17283500   0.890374392E+00      0.00109905
   -0.17173700   0.886020052E+00      0.00109757
   -0.17064000   0.881702448E+00      0.00109609
   -0.16954500   0.877423732E+00      0.00109463
   -0.16845100   0.873182475E+00      0.00109318
   -0.16735800   0.868976765E+00      0.00109174
   -0.16626700   0.864813199E+00      0.00109031
   -0.16517800   0.860689757E+00      0.00108889
   -0.16409000   0.856605059E+00      0.00108748
   -0.16300300   0.852557191E+00      0.00108609
   -0.16191700   0.848548699E+00      0.00108470
   -0.16083300   0.844581461E+00      0.00108333
   -0.15975100   0.840657881E+00      0.00108197
   -0.15866900   0.836768536E+00      0.00108061
   -0.15758900   0.832923367E+00      0.00107927
   -0.15651100   0.829120355E+00      0.00107794
   -0.15543400   0.825358255E+00      0.00107662
   -0.15435800   0.821637317E+00      0.00107531
   -0.15328300   0.817953554E+00      0.00107401
   -0.15221000   0.814317145E+00      0.00107273
   -0.15113700   0.810717051E+00      0.00107145
   -0.15006700   0.807166076E+00      0.00107018
   -0.14899700   0.803651979E+00      0.00106893
   -0.14792900   0.800181885E+00      0.00106768
   -0.14686200   0.796754746E+00      0.00106645
   -0.14579600   0.793370835E+00      0.00106522
   -0.14473100   0.790028387E+00      0.00106401
   -0.14366800   0.786732961E+00      0.00106280
   -0.14260600   0.783481599E+00      0.00106161
   -0.14154500   0.780270538E+00      0.00106042
   -0.14048500   0.777106247E+00      0.00105925
   -0.13942600   0.773984987E+00      0.00105809
   -0.13836900   0.770912164E+00      0.00105693
   -0.13731200   0.767880109E+00      0.00105579
   -0.13625700   0.764895177E+00      0.00105466
   -0.13520300   0.761958788E+00      0.00105353
   -0.13415000   0.759067384E+00      0.00105242
   -0.13309800   0.756221440E+00      0.00105131
   -0.13204700   0.753423414E+00      0.00105022
   -0.13099800   0.750676510E+00      0.00104914
   -0.12994900   0.747973852E+00      0.00104806
   -0.12890200   0.745321379E+00      0.00104700
   -0.12785500   0.742718293E+00      0.00104594
   -0.12681000   0.740166501E+00      0.00104490
   -0.12576500   0.737661607E+00      0.00104386
   -0.12472200   0.735211196E+00      0.00104283
   -0.12368000   0.732813478E+00      0.00104182
   -0.12263800   0.730465000E+00      0.00104081
   -0.12159800   0.728171258E+00      0.00103981
   -0.12055900   0.725934518E+00      0.00103882
   -0.11952000   0.723749724E+00      0.00103785
   -0.11848300   0.721622207E+00      0.00103688
   -0.11744700   0.719552630E+00      0.00103592
   -0.11641100   0.717540017E+00      0.00103496
   -0.11537700   0.715587654E+00      0.00103402
   -0.11434300   0.713694618E+00      0.00103309
   -0.11331000   0.711864127E+00      0.00103217
   -0.11227900   0.710097351E+00      0.00103125
   -0.11124800   0.708393908E+00      0.00103035
   -0.11021800   0.706755162E+00      0.00102945
   -0.10918900   0.705184443E+00      0.00102857
   -0.10816100   0.703681467E+00      0.00102769
   -0.10713400   0.702249690E+00      0.00102682
   -0.10610700   0.700889436E+00      0.00102596
   -0.10508200   0.699605293E+00      0.00102511
   -0.10405700   0.698392851E+00      0.00102427
   -0.10303300   0.697260876E+00      0.00102344
   -0.10201000   0.696207811E+00      0.00102261
   -0.10098800   0.695237611E+00      0.00102180
   -0.09996660   0.694350382E+00      0.00102099
   -0.09894600   0.693550552E+00      0.00102019
   -0.09792620   0.692840632E+00      0.00101941
   -0.09690720   0.692221491E+00      0.00101863
   -0.09588890   0.691697634E+00      0.00101786
   -0.09487150   0.691270277E+00      0.00101709
   -0.09385470   0.690945909E+00      0.00101634
   -0.09283880   0.690722456E+00      0.00101559
   -0.09182360   0.690608554E+00      0.00101486
   -0.09080910   0.690604119E+00      0.00101413
   -0.08979530   0.690712817E+00      0.00101341
   -0.08878220   0.690940269E+00      0.00101270
   -0.08776990   0.691290441E+00      0.00101200
   -0.08675820   0.691767583E+00      0.00101131
   -0.08574730   0.692374198E+00      0.00101062
   -0.08473700   0.693114970E+00      0.00100994
   -0.08372740   0.693998235E+00      0.00100928
   -0.08271840   0.695025498E+00      0.00100862
   -0.08171010   0.696201937E+00      0.00100797
   -0.08070250   0.697536629E+00      0.00100732
   -0.07969550   0.699031833E+00      0.00100669
   -0.07868910   0.700693602E+00      0.00100606
   -0.07768340   0.702529865E+00      0.00100545
   -0.07667820   0.704547587E+00      0.00100484
   -0.07567370   0.706751487E+00      0.00100424
   -0.07466970   0.709152869E+00      0.00100364
   -0.07366640   0.711753333E+00      0.00100306
   -0.07266360   0.714566829E+00      0.00100248
   -0.07166140   0.717597725E+00      0.00100191
   -0.07065980   0.720854666E+00      0.00100135
   -0.06965870   0.724350835E+00      0.00100080
   -0.06865820   0.728091695E+00      0.00100026
   -0.06765820   0.732087596E+00      0.00099972
   -0.06665870   0.736350917E+00      0.00099920
   -0.06565980   0.740892216E+00      0.00099868
   -0.06466140   0.745723435E+00      0.00099817
   -0.06366350   0.750854702E+00      0.00099766
   -0.06266600   0.756301153E+00      0.00099717
   -0.06166910   0.762072984E+00      0.00099668
   -0.06067270   0.768186555E+00      0.00099620
   -0.05967670   0.774657089E+00      0.00099573
   -0.05868120   0.781499232E+00      0.00099527
   -0.05768620   0.788726926E+00      0.00099482
   -0.05669160   0.796357656E+00      0.00099437
   -0.05569740   0.804413176E+00      0.00099393
   -0.05470370   0.812906987E+00      0.00099350
   -0.05371040   0.821859215E+00      0.00099308
   -0.05271760   0.831293447E+00      0.00099266
   -0.05172510   0.841228578E+00      0.00099225
   -0.05073300   0.851688121E+00      0.00099186
   -0.04974140   0.862692098E+00      0.00099146
   -0.04875010   0.874269324E+00      0.00099108
   -0.04775920   0.886442059E+00      0.00099070
   -0.04676870   0.899241660E+00      0.00099034
   -0.04577850   0.912692919E+00      0.00098998
   -0.04478870   0.926823851E+00      0.00098963
   -0.04379930   0.941669877E+00      0.00098928
   -0.04281020   0.957259824E+00      0.00098894
   -0.04182140   0.973627307E+00      0.00098862
   -0.04083290   0.990812545E+00      0.00098829
   -0.03984480   0.100884272E+01      0.00098798
   -0.03885700   0.102776556E+01      0.00098768
   -0.03786950   0.104761572E+01      0.00098738
   -0.03688220   0.106843954E+01      0.00098709
   -0.03589530   0.109027609E+01      0.00098681
   -0.03490860   0.111317191E+01      0.00098653
   -0.03392220   0.113717429E+01      0.00098627
   -0.03293610   0.116233169E+01      0.00098601
   -0.03195020   0.118869393E+01      0.00098576
   -0.03096450   0.121631625E+01      0.00098551
   -0.02997920   0.124524348E+01      0.00098528
   -0.02899400   0.127554628E+01      0.00098505
   -0.02800910   0.130726936E+01      0.00098483
   -0.02702430   0.134047786E+01      0.00098462
   -0.02603980   0.137523239E+01      0.00098441
   -0.02505550   0.141159108E+01      0.00098421
   -0.02407140   0.144961682E+01      0.00098402
   -0.02308750   0.148937746E+01      0.00098384
   -0.02210370   0.153094254E+01      0.00098367
   -0.02112010   0.157437416E+01      0.00098350
   -0.02013670   0.161973469E+01      0.00098334
   -0.01915340   0.166709978E+01      0.00098319
   -0.01817030   0.171653169E+01      0.00098304
   -0.01718740   0.176809222E+01      0.00098291
   -0.01620450   0.182186241E+01      0.00098278
   -0.01522180   0.187789640E+01      0.00098266
   -0.01423920   0.193625806E+01      0.00098254
   -0.01325670   0.199701339E+01      0.00098244
   -0.01227430   0.206022104E+01      0.00098234
   -0.01129200   0.212593097E+01      0.00098225
   -0.01030980   0.219419974E+01      0.00098216
   -0.00932769   0.226507500E+01      0.00098209
   -0.00834563   0.233859548E+01      0.00098202
   -0.00736364   0.241480117E+01      0.00098196
   -0.00638171   0.249372189E+01      0.00098191
   -0.00539982   0.257537404E+01      0.00098186
   -0.00441798   0.265978296E+01      0.00098182
   -0.00343617   0.274693344E+01      0.00098179
   -0.00245439   0.283683973E+01      0.00098177
   -0.00147263   0.292947086E+01      0.00098176
   -0.00049087   0.302480654E+01      0.00098175
    0.00049087   0.312279466E+01      0.00098175
    0.00147263   0.322339119E+01      0.00098176
    0.00245439   0.332652418E+01      0.00098177
    0.00343617   0.343210180E+01      0.00098179
    0.00441798   0.354004186E+01      0.00098182
    0.00539982   0.365020006E+01      0.00098186
    0.00638171   0.376247219E+01      0.00098191
    0.00736364   0.387668710E+01      0.00098196
    0.00834563   0.399268817E+01      0.00098202
    0.00932769   0.411028008E+01      0.00098209
    0.01030980   0.422927800E+01      0.00098216
    0.01129200   0.434943331E+01      0.00098225
    0.01227430   0.447054230E+01      0.00098234
    0.01325670   0.459232810E+01      0.00098244
    0.01423920   0.471453192E+01      0.00098254
    0.01522180   0.483686901E+01      0.00098266
    0.01620450   0.495902791E+01      0.00098278
    0.01718740   0.508072192E+01      0.00098291
    0.01817030   0.520159045E+01      0.00098304
    0.01915340   0.532135268E+01      0.00098319
    0.02013670   0.543964143E+01      0.00098334
    0.02112010   0.555609777E+01      0.00098350
    0.02210370   0.567039748E+01      0.00098367
    0.02308750   0.578218860E+01      0.00098384
    0.02407140   0.589110850E+01      0.00098402
    0.02505550   0.599680438E+01      0.00098421
    0.02603980   0.609894714E+01      0.00098441
    0.02702430   0.619720025E+01      0.00098462
    0.02800910   0.629122985E+01      0.00098483
    0.02899400   0.638071757E+01      0.00098505
    0.02997920   0.646538079E+01      0.00098528
    0.03096450   0.654490092E+01      0.00098551
    0.03195020   0.661905172E+01      0.00098576
    0.03293610   0.668757053E+01      0.00098601
    0.03392220   0.675021581E+01      0.00098627
    0.03490860   0.680680973E+01      0.00098653
    0.03589530   0.685717447E+01      0.00098681
    0.03688220   0.690113628E+01      0.00098709
    0.03786950   0.693859662E+01      0.00098738
    0.03885700   0.696945020E+01      0.00098768
    0.03984480   0.699361327E+01      0.00098798
    0.04083290   0.701108001E+01      0.00098829
    0.04182140   0.702178299E+01      0.00098862
    0.04281020   0.702578828E+01      0.00098894
    0.04379930   0.702310048E+01      0.00098928
    0.04478870   0.701378730E+01      0.00098963
    0.04577850   0.699797593E+01      0.00098998
    0.04676870   0.697574570E+01      0.00099034
    0.04775920   0.694725681E+01      0.00099070
    0.04875010   0.691264999E+01      0.00099108
    0.04974140   0.687212424E+01      0.00099146
    0.05073300   0.682588407E+01      0.00099186
    0.05172510   0.677411920E+01      0.00099225
    0.05271760   0.671708350E+01      0.00099266
    0.05371040   0.665502856E+01      0.00099308
    0.05470370   0.658818140E+01      0.00099350
    0.05569740   0.651683160E+01      0.00099393
    0.05669160   0.644124526E+01      0.00099437
    0.05768620   0.636169295E+01      0.00099482
    0.05868120   0.627847560E+01      0.00099527
    0.05967670   0.619187108E+01      0.00099573
    0.06067270   0.610215021E+01      0.00099620
    0.06166910   0.600962465E+01      0.00099668
    0.06266600   0.591456952E+01      0.00099717
    0.06366350   0.581724058E+01      0.00099766
    0.06466140   0.571794877E+01      0.00099817
    0.06565980   0.561695475E+01      0.00099868
    0.06665870   0.551450755E+01      0.00099920
    0.06765820   0.541086718E+01      0.00099972
    0.06865820   0.530629102E+01      0.00100026
    0.06965870   0.520100353E+01      0.00100080
    0.07065980   0.509523615E+01      0.00100135
    0.07166140   0.498920423E+01      0.00100191
    0.07266360   0.488311777E+01      0.00100248
    0.07366640   0.477717276E+01      0.00100306
    0.07466970   0.467156481E+01      0.00100364
    0.07567370   0.456643481E+01      0.00100424
    0.07667820   0.446197853E+01      0.00100484
    0.07768340   0.435831513E+01      0.00100545
    0.07868910   0.425561711E+01      0.00100606
    0.07969550   0.415399304E+01      0.00100669
    0.08070250   0.405356103E+01      0.00100732
    0.08171010   0.395443986E+01      0.00100797
    0.08271840   0.385671741E+01      0.00100862
    0.08372740   0.376047188E+01      0.00100928
    0.08473700   0.366580139E+01      0.00100994
    0.08574730   0.357276561E+01      0.00101062
    0.08675820   0.348142511E+01      0.00101131
    0.08776990   0.339182355E+01      0.00101200
    0.08878220   0.330402286E+01      0.00101270
    0.08979530   0.321803430E+01      0.00101341
    0.09080910   0.313390508E+01      0.00101413
    0.09182360   0.305165043E+01      0.00101486
    0.09283880   0.297129558E+01      0.00101559
    0.09385470   0.289285157E+01      0.00101634
    0.09487150   0.281630202E+01      0.00101709
    0.09588890   0.274167815E+01      0.00101786
    0.09690720   0.266895448E+01      0.00101863
    0.09792620   0.259813096E+01      0.00101941
    0.09894600   0.252919619E+01      0.00102019
    0.09996660   0.246212888E+01      0.00102099
    0.10098800   0.239692391E+01      0.00102180
    0.10201000   0.233355401E+01      0.00102261
    0.10303300   0.227198956E+01      0.00102344
    0.10405700   0.221219405E+01      0.00102427
    0.10508200   0.215414119E+01      0.00102511
    0.10610700   0.209786782E+01      0.00102596
    0.10713400   0.204321811E+01      0.00102682
    0.10816100   0.199028323E+01      0.00102769
    0.10918900   0.193896649E+01      0.00102857
    0.11021800   0.188923987E+01      0.00102945
    0.11124800   0.184106463E+01      0.00103035
    0.11227900   0.179441110E+01      0.00103125
    0.11331000   0.174928720E+01      0.00103217
    0.11434300   0.170556590E+01      0.00103309
    0.11537700   0.166326071E+01      0.00103402
    0.11641100   0.162237060E+01      0.00103496
    0.11744700   0.158278567E+01      0.00103592
    0.11848300   0.154454680E+01      0.00103688
    0.11952000   0.150757632E+01      0.00103785
    0.12055900   0.147180993E+01      0.00103882
    0.12159800   0.143727812E+01      0.00103981
    0.12263800   0.140391600E+01      0.00104081
    0.12368000   0.137165992E+01      0.00104182
    0.12472200   0.134053514E+01      0.00104283
    0.12576500   0.131048169E+01      0.00104386
    0.12681000   0.128143741E+01      0.00104490
    0.12785500   0.125343003E+01      0.00104594
    0.12890200   0.122637585E+01      0.00104700
    0.12994900   0.120029350E+01      0.00104806
    0.13099800   0.117510764E+01      0.00104914
    0.13204700   0.115083784E+01      0.00105022
    0.13309800   0.112740467E+01      0.00105131
    0.13415000   0.110481368E+01      0.00105242
    0.13520300   0.108303302E+01      0.00105353
    0.13625700   0.106204026E+01      0.00105466
    0.13731200   0.104180809E+01      0.00105579
    0.13836900   0.102229746E+01      0.00105693
    0.13942600   0.100352190E+01      0.00105809
    0.14048500   0.985421105E+00      0.00105925
    0.14154500   0.967991436E+00      0.00106042
    0.14260600   0.951216935E+00      0.00106161
    0.14366800   0.935069822E+00      0.00106280
    0.14473100   0.919537836E+00      0.00106401
    0.14579600   0.904583515E+00      0.00106522
    0.14686200   0.890203390E+00      0.00106645
    0.14792900   0.876382108E+00      0.00106768
    0.14899700   0.863102573E+00      0.00106893
    0.15006700   0.850334485E+00      0.00107018
    0.15113700   0.838087931E+00      0.00107145
    0.15221000   0.826312065E+00      0.00107273
    0.15328300   0.815027705E+00      0.00107401
    0.15435800   0.804197678E+00      0.00107531
    0.15543400   0.793821107E+00      0.00107662
    0.15651100   0.783884843E+00      0.00107794
    0.15758900   0.774374247E+00      0.00107927
    0.15866900   0.765271117E+00      0.00108061
    0.15975100   0.756562971E+00      0.00108197
    0.16083300   0.748254597E+00      0.00108333
    0.16191700   0.740323992E+00      0.00108470
    0.16300300   0.732756132E+00      0.00108609
    0.16409000   0.725554314E+00      0.00108748
    0.16517800   0.718705257E+00      0.00108889
    0.16626700   0.712199971E+00      0.00109031
    0.16735800   0.706026264E+00      0.00109174
    0.16845100   0.700174948E+00      0.00109318
    0.16954500   0.694645647E+00      0.00109463
    0.17064000   0.689430799E+00      0.00109609
    0.17173700   0.684517160E+00      0.00109757
    0.17283500   0.679902670E+00      0.00109905
    0.17393500   0.675578856E+00      0.00110055
    0.17503600   0.671543703E+00      0.00110206
    0.17613900   0.667786350E+00      0.00110358
    0.17724300   0.664306588E+00      0.00110512
    0.17834900   0.661094650E+00      0.00110666
    0.17945700   0.658146215E+00      0.00110822
    0.18056600   0.655461106E+00      0.00110978
    0.18167600   0.653034770E+00      0.00111136
    0.18278900   0.650857709E+00      0.00111295
    0.18390200   0.648933521E+00      0.00111456
    0.18501800   0.647252115E+00      0.00111617
    0.18613500   0.645815110E+00      0.00111780
    0.18725300   0.644617450E+00      0.00111944
    0.18837400   0.643654714E+00      0.00112110
    0.18949500   0.642928257E+00      0.00112276
    0.19061900   0.642434042E+00      0.00112444
    0.19174400   0.642169183E+00      0.00112613
    0.19287100   0.642131526E+00      0.00112783
    0.19400000   0.642321244E+00      0.00112954
    0.19513000   0.642736433E+00      0.00113127
    0.19626300   0.643375187E+00      0.00113301
    0.19739600   0.644234233E+00      0.00113476
    0.19853200   0.645316711E+00      0.00113653
    0.19966900   0.646618191E+00      0.00113831
    0.20080900   0.648142350E+00      0.00114010
    0.20195000   0.649884271E+00      0.00114190
    0.20309200   0.651844908E+00      0.00114372
    0.20423700   0.654026169E+00      0.00114555
    0.20538400   0.656428137E+00      0.00114740
    0.20653200   0.659046882E+00      0.00114926
    0.20768200   0.661884895E+00      0.00115113
    0.20883400   0.664944437E+00      0.00115301
    0.20998800   0.668224449E+00      0.00115491
    0.21114400   0.671727481E+00      0.00115682
    0.21230200   0.675452710E+00      0.00115875
    0.21346200   0.679402964E+00      0.00116068
    0.21462300   0.683573855E+00      0.00116264
    0.21578700   0.687974097E+00      0.00116460
    0.21695200   0.692599104E+00      0.00116658
    0.21812000   0.697458628E+00      0.00116858
    0.21929000   0.702546688E+00      0.00117059
    0.22046100   0.707863927E+00      0.00117261
    0.22163500   0.713421593E+00      0.00117465
    0.22281000   0.719210097E+00      0.00117670
    0.22398800   0.725241619E+00      0.00117877
    0.22516800   0.731515314E+00      0.00118085
    0.22635000   0.738031556E+00      0.00118294
    0.22753400   0.744792727E+00      0.00118505
    0.22872000   0.751803274E+00      0.00118718
    0.22990800   0.759065814E+00      0.00118932
    0.23109900   0.766585593E+00      0.00119147
    0.23229100   0.774356433E+00      0.00119365
    0.23348600   0.782392509E+00      0.00119583
    0.23468300   0.790692235E+00      0.00119803
    0.23588200   0.799256563E+00      0.00120025
    0.23708300   0.808090693E+00      0.00120248
    0.23828700   0.817203491E+00      0.00120472
    0.23949300   0.826590779E+00      0.00120699
    0.24070100   0.836255825E+00      0.00120927
    0.24191100   0.846204185E+00      0.00121156
    0.24312400   0.856445799E+00      0.00121387
    0.24433900   0.866978136E+00      0.00121620
    0.24555600   0.877802481E+00      0.00121854
    0.24677600   0.888931763E+00      0.00122090
    0.24799800   0.900360666E+00      0.00122327
    0.24922300   0.912105109E+00      0.00122566
    0.25045000   0.924156999E+00      0.00122807
    0.25167900   0.936522521E+00      0.00123049
    0.25291100   0.949211132E+00      0.00123293
    0.25414500   0.962221389E+00      0.00123539
    0.25538100   0.975557217E+00      0.00123786
    0.25662000   0.989228631E+00      0.00124036
    0.25786200   0.100324535E+01      0.00124286
    0.25910600   0.101759752E+01      0.00124539
    0.26035300   0.103230375E+01      0.00124793
    0.26160200   0.104735358E+01      0.00125049
    0.26285400   0.106276343E+01      0.00125307
    0.26410800   0.107852489E+01      0.00125567
    0.26536500   0.109465777E+01      0.00125828
    0.26662500   0.111116080E+01      0.00126091
    0.26788700   0.112803053E+01      0.00126356
    0.26915200   0.114528467E+01      0.00126623
    0.27041900   0.116290726E+01      0.00126892
    0.27169000   0.118093703E+01      0.00127162
    0.27296300   0.119934630E+01      0.00127434
    0.27423800   0.121813833E+01      0.00127708
    0.27551700   0.123735049E+01      0.00127984
    0.27679800   0.125695300E+01      0.00128262
    0.27808200   0.127696484E+01      0.00128542
    0.27936900   0.129738981E+01      0.00128824
    0.28065900   0.131823152E+01      0.00129107
    0.28195100   0.133948010E+01      0.00129393
    0.28324700   0.136116537E+01      0.00129680
    0.28454500   0.138326363E+01      0.00129970
    0.28584600   0.140579126E+01      0.00130261
    0.28715000   0.142875495E+01      0.00130555
    0.28845700   0.145214980E+01      0.00130850
    0.28976700   0.147598603E+01      0.00131148
    0.29108000   0.150025809E+01      0.00131447
    0.29239600   0.152497599E+01      0.00131749
    0.29371500   0.155013769E+01      0.00132052
    0.29503700   0.157574895E+01      0.00132358
    0.29636200   0.160180281E+01      0.00132666
    0.29769000   0.162830447E+01      0.00132976
    0.29902200   0.165528003E+01      0.00133288
    0.30035600   0.168268438E+01      0.00133602
    0.30169400   0.171055970E+01      0.00133918
    0.30303400   0.173886340E+01      0.00134236
    0.30437800   0.176763819E+01      0.00134557
    0.30572600   0.179688420E+01      0.00134880
    0.30707600   0.182655612E+01      0.00135205
    0.30843000   0.185669731E+01      0.00135532
    0.30978700   0.188728878E+01      0.00135861
    0.31114700   0.191831831E+01      0.00136193
    0.31251100   0.194981719E+01      0.00136527
    0.31387700   0.198172497E+01      0.00136863
    0.31524800   0.201412081E+01      0.00137202
    0.31662200   0.204694815E+01      0.00137543
    0.31799900   0.208019718E+01      0.00137886
    0.31937900   0.211387423E+01      0.00138231
    0.32076300   0.214799404E+01      0.00138579
    0.32215100   0.218255174E+01      0.00138930
    0.32354200   0.221751018E+01      0.00139282
    0.32493600   0.225287456E+01      0.00139637
    0.32633500   0.228868463E+01      0.00139995
    0.32773600   0.232485454E+01      0.00140355
    0.32914200   0.236145588E+01      0.00140718
    0.33055100   0.239842091E+01      0.00141083
    0.33196300   0.243575331E+01      0.00141450
    0.33338000   0.247349192E+01      0.00141820
    0.33480000   0.251156578E+01      0.00142193
    0.33622400   0.255000541E+01      0.00142568
    0.33765100   0.258875849E+01      0.00142946
    0.33908300   0.262788344E+01      0.00143326
    0.34051800   0.266729813E+01      0.00143709
    0.34195700   0.270702523E+01      0.00144095
    0.34340000   0.274705172E+01      0.00144483
    0.34484600   0.278734289E+01      0.00144874
    0.34629700   0.282791939E+01      0.00145268
    0.34775200   0.286876048E+01      0.00145664
    0.34921000   0.290981433E+01      0.00146064
    0.35067300   0.295111522E+01      0.00146466
    0.35214000   0.299263361E+01      0.00146870
    0.35361000   0.303430723E+01      0.00147278
    0.35508500   0.307618516E+01      0.00147688
    0.35656400   0.311822020E+01      0.00148102
    0.35804700   0.316039375E+01      0.00148518
    0.35953500   0.320270755E+01      0.00148937
    0.36102600   0.324510053E+01      0.00149359
    0.36252200   0.328759401E+01      0.00149784
    0.36402200   0.333014670E+01      0.00150212
    0.36552600   0.337272849E+01      0.00150643
    0.36703500   0.341536555E+01      0.00151077
    0.36854800   0.345798810E+01      0.00151514
    0.37006500   0.350058308E+01      0.00151954
    0.37158700   0.354315696E+01      0.00152397
    0.37311300   0.358564769E+01      0.00152844
    0.37464400   0.362807029E+01      0.00153293
    0.37617900   0.367037200E+01      0.00153746
    0.37771900   0.371255741E+01      0.00154202
    0.37926300   0.375456317E+01      0.00154661
    0.38081200   0.379640288E+01      0.00155123
    0.38236500   0.383801299E+01      0.00155589
    0.38392400   0.387944483E+01      0.00156058
    0.38548600   0.392055767E+01      0.00156530
    0.38705400   0.396144068E+01      0.00157005
    0.38862700   0.400201848E+01      0.00157484
    0.39020400   0.404224886E+01      0.00157967
    0.39178600   0.408212163E+01      0.00158453
    0.39337300   0.412162151E+01      0.00158942
    0.39496500   0.416071074E+01      0.00159435
    0.39656200   0.419937420E+01      0.00159931
    0.39816300   0.423756054E+01      0.00160431
    0.39977000   0.427528246E+01      0.00160934
    0.40138200   0.431249994E+01      0.00161442
    0.40299900   0.434917516E+01      0.00161952
    0.40462100   0.438529429E+01      0.00162467
    0.40624800   0.442081957E+01      0.00162985
    0.40788100   0.445576065E+01      0.00163507
    0.40951900   0.449005669E+01      0.00164033
    0.41116200   0.452368280E+01      0.00164562
    0.41281000   0.455662721E+01      0.00165095
    0.41446300   0.458886614E+01      0.00165633
    0.41612300   0.462040458E+01      0.00166174
    0.41778700   0.465115667E+01      0.00166719
    0.41945700   0.468115318E+01      0.00167268
    0.42113200   0.471033897E+01      0.00167821
    0.42281300   0.473871108E+01      0.00168378
    0.42450000   0.476626056E+01      0.00168939
    0.42619200   0.479293533E+01      0.00169505
    0.42789000   0.481874617E+01      0.00170074
    0.42959400   0.484365975E+01      0.00170648
    0.43130300   0.486764079E+01      0.00171226
    0.43301800   0.489068732E+01      0.00171808
    0.43473900   0.491279517E+01      0.00172394
    0.43646600   0.493391984E+01      0.00172985
    0.43819900   0.495408648E+01      0.00173580
    0.43993800   0.497323834E+01      0.00174180
    0.44168200   0.499137677E+01      0.00174784
    0.44343300   0.500848497E+01      0.00175392
    0.44519000   0.502456585E+01      0.00176006
    0.44695300   0.503959367E+01      0.00176623
    0.44872300   0.505358178E+01      0.00177246
    0.45049800   0.506647248E+01      0.00177873
    0.45228000   0.507828988E+01      0.00178504
    0.45406900   0.508903892E+01      0.00179141
    0.45586300   0.509868284E+01      0.00179782
    0.45766400   0.510721675E+01      0.00180428
    0.45947200   0.511466309E+01      0.00181079
    0.46128600   0.512099726E+01      0.00181735
    0.46310600   0.512621706E+01      0.00182396
    0.46493400   0.513032946E+01      0.00183062
    0.46676800   0.513332390E+01      0.00183733
    0.46860800   0.513518701E+01      0.00184409
    0.47045600   0.513595445E+01      0.00185090
    0.47231000   0.513560798E+01      0.00185777
    0.47417100   0.513413851E+01      0.00186469
    0.47604000   0.513157919E+01      0.00187166
    0.47791500   0.512790395E+01      0.00187868
    0.47979700   0.512313423E+01      0.00188576
    0.48168600   0.511727672E+01      0.00189289
    0.48358300   0.511033757E+01      0.00190008
    0.48548600   0.510232842E+01      0.00190733
    0.48739700   0.509324060E+01      0.00191463
    0.48931600   0.508309787E+01      0.00192199
    0.49124100   0.507191800E+01      0.00192940
    0.49317500   0.505970226E+01      0.00193688
    0.49511500   0.504646131E+01      0.00194441
    0.49706300   0.503221488E+01      0.00195200
    0.49901900   0.501697684E+01      0.00195965
    0.50098300   0.500074767E+01      0.00196736
    0.50295400   0.498356401E+01      0.00197513
    0.50493300   0.496543650E+01      0.00198296
    0.50692000   0.494636809E+01      0.00199086
    0.50891500   0.492637684E+01      0.00199882
    0.51091800   0.490550980E+01      0.00200684
    0.51292800   0.488375264E+01      0.00201492
    0.51494700   0.486113654E+01      0.00202307
    0.51697500   0.483768104E+01      0.00203129
    0.51901000   0.481341186E+01      0.00203957
    0.52105400   0.478833172E+01      0.00204791
    0.52310600   0.476248620E+01      0.00205633
    0.52516600   0.473588421E+01      0.00206481
    0.52723600   0.470854059E+01      0.00207336
    0.52931300   0.468049777E+01      0.00208198
    0.53140000   0.465174548E+01      0.00209067
    0.53349500   0.462233045E+01      0.00209943
    0.53559800   0.459229080E+01      0.00210827
    0.53771100   0.456161313E+01      0.00211717
    0.53983300   0.453033390E+01      0.00212615
    0.54196300   0.449849063E+01      0.00213520
    0.54410300   0.446608276E+01      0.00214433
    0.54625200   0.443316099E+01      0.00215353
    0.54841000   0.439972439E+01      0.00216281
    0.55057800   0.436581065E+01      0.00217216
    0.55275500   0.433144524E+01      0.00218159
    0.55494100   0.429664083E+01      0.00219110
    0.55713700   0.426143420E+01      0.00220069
    0.55934200   0.422583905E+01      0.00221036
    0.56155800   0.418987717E+01      0.00222011
    0.56378300   0.415357675E+01      0.00222995
    0.56601800   0.411696079E+01      0.00223986
    0.56826200   0.408006808E+01      0.00224986
    0.57051700   0.404289447E+01      0.00225994
    0.57278200   0.400547811E+01      0.00227011
    0.57505800   0.396781678E+01      0.00228037
    0.57734300   0.392997496E+01      0.00229071
    0.57963900   0.389194701E+01      0.00230114
    0.58194500   0.385375901E+01      0.00231166
    0.58426200   0.381543077E+01      0.00232228
    0.58659000   0.377698484E+01      0.00233298
    0.58892800   0.373844632E+01      0.00234377
    0.59127800   0.369980852E+01      0.00235466
    0.59363800   0.366113266E+01      0.00236564
    0.59600900   0.362242533E+01      0.00237672
    0.59839100   0.358369616E+01      0.00238789
    0.60078500   0.354495138E+01      0.00239916
    0.60319000   0.350623569E+01      0.00241053
    0.60560600   0.346755776E+01      0.00242200
    0.60803400   0.342892266E+01      0.00243358
    0.61047300   0.339037312E+01      0.00244525
    0.61292400   0.335189287E+01      0.00245702
    0.61538700   0.331351999E+01      0.00246890
    0.61786200   0.327526144E+01      0.00248089
    0.62034900   0.323713404E+01      0.00249298
    0.62284800   0.319915399E+01      0.00250518
    0.62535900   0.316133692E+01      0.00251749
    0.62788300   0.312369458E+01      0.00252991
    0.63041900   0.308623564E+01      0.00254244
    0.63296800   0.304897118E+01      0.00255509
    0.63552900   0.301191836E+01      0.00256785
    0.63810400   0.297508403E+01      0.00258073
    0.64069100   0.293848758E+01      0.00259372
    0.64329100   0.290214713E+01      0.00260683
    0.64590500   0.286603552E+01      0.00262006
    0.64853100   0.283021509E+01      0.00263341
    0.65117100   0.279465511E+01      0.00264689
    0.65382500   0.275937525E+01      0.00266049
    0.65649200   0.272438845E+01      0.00267421
    0.65917400   0.268969025E+01      0.00268806
    0.66186900   0.265530402E+01      0.00270204
    0.66457800   0.262122724E+01      0.00271616
    0.66730100   0.258747654E+01      0.00273040
    0.67003900   0.255404095E+01      0.00274478
    0.67279100   0.252094664E+01      0.00275929
    0.67555700   0.248818459E+01      0.00277394
    0.67833800   0.245576697E+01      0.00278873
    0.68113500   0.242368255E+01      0.00280365
    0.68394600   0.239195705E+01      0.00281872
    0.68677200   0.236058603E+01      0.00283394
    0.68961400   0.232956525E+01      0.00284930
    0.69247100   0.229890896E+01      0.00286480
    0.69534300   0.226862132E+01      0.00288046
    0.69823200   0.223868856E+01      0.00289626
    0.70113600   0.220912513E+01      0.00291222
    0.70405600   0.217993974E+01      0.00292834
    0.70699300   0.215110615E+01      0.00294461
    0.70994500   0.212266464E+01      0.00296104
    0.71291500   0.209457942E+01      0.00297763
    0.71590100   0.206687578E+01      0.00299439
    0.71890400   0.203954091E+01      0.00301130
    0.72192300   0.201258416E+01      0.00302839
    0.72496000   0.198599838E+01      0.00304565
    0.72801500   0.195977863E+01      0.00306307
    0.73108700   0.193393939E+01      0.00308068
    0.73417600   0.190847469E+01      0.00309845
    0.73728400   0.188336517E+01      0.00311641
    0.74040900   0.185863703E+01      0.00313455
    0.74355300   0.183427087E+01      0.00315287
    0.74671500   0.181027300E+01      0.00317137
    0.74989600   0.178663680E+01      0.00319007
    0.75309500   0.176336775E+01      0.00320895
    0.75631400   0.174044743E+01      0.00322803
    0.75955100   0.171789238E+01      0.00324730
    0.76280800   0.169569006E+01      0.00326677
    0.76608500   0.167383942E+01      0.00328644
    0.76938100   0.165233875E+01      0.00330632
    0.77269800   0.163118174E+01      0.00332640
    0.77603400   0.161037138E+01      0.00334670
    0.77939100   0.158990129E+01      0.00336720
    0.78276900   0.156975898E+01      0.00338792
    0.78616700   0.154996318E+01      0.00340886
    0.78958600   0.153049101E+01      0.00343002
    0.79302700   0.151134123E+01      0.00345140
    0.79648900   0.149252115E+01      0.00347301
    0.79997300   0.147401368E+01      0.00349485
    0.80347900   0.145582665E+01      0.00351693
    0.80700700   0.143794730E+01      0.00353924
    0.81055800   0.142037912E+01      0.00356179
    0.81413100   0.140311322E+01      0.00358459
    0.81772700   0.138614312E+01      0.00360764
    0.82134600   0.136947563E+01      0.00363093
    0.82498900   0.135309468E+01      0.00365448
    0.82865500   0.133700075E+01      0.00367829
    0.83234500   0.132119216E+01      0.00370236
    0.83606000   0.130565806E+01      0.00372670
    0.83979900   0.129040310E+01      0.00375131
    0.84356300   0.127541641E+01      0.00377619
    0.84735100   0.126069763E+01      0.00380134
    0.85116500   0.124623784E+01      0.00382678
    0.85500500   0.123203391E+01      0.00385251
    0.85887100   0.121808260E+01      0.00387853
    0.86276200   0.120438298E+01      0.00390484
    0.86668000   0.119092664E+01      0.00393145
    0.87062500   0.117770593E+01      0.00395836
    0.87459700   0.116472608E+01      0.00398558
    0.87859600   0.115197498E+01      0.00401312
    0.88262300   0.113944705E+01      0.00404097
    0.88667900   0.112714108E+01      0.00406914
    0.89076200   0.111505751E+01      0.00409765
    0.89487400   0.110318466E+01      0.00412648
    0.89901500   0.109151904E+01      0.00415565
    0.90318500   0.108005711E+01      0.00418517
    0.90738500   0.106879760E+01      0.00421503
    0.91161600   0.105773127E+01      0.00424525
    0.91587600   0.104685379E+01      0.00427582
    0.92016700   0.103616632E+01      0.00430676
    0.92449000   0.102565983E+01      0.00433807
    0.92884400   0.101532824E+01      0.00436976
    0.93322900   0.100517571E+01      0.00440183
    0.93764700   0.995188006E+00      0.00443429
    0.94209800   0.985361654E+00      0.00446714
    0.94658200   0.975700738E+00      0.00450040
    0.95109900   0.966190027E+00      0.00453406
    0.95565000   0.956836156E+00      0.00456814
    0.96023500   0.947627793E+00      0.00460264
    0.96485500   0.938560251E+00      0.00463756
    0.96951100   0.929628889E+00      0.00467293
    0.97420100   0.920835700E+00      0.00470873
    0.97892800   0.912170356E+00      0.00474499
    0.98369200   0.903629266E+00      0.00478170
    0.98849200   0.895209583E+00      0.00481887
    0.99332900   0.886906709E+00      0.00485652
    0.99820500   0.878715338E+00      0.00489465
    1.00312000   0.870631849E+00      0.00493327
    1.00807000   0.862655343E+00      0.00497239
    1.01306000   0.854778390E+00      0.00501201
    1.01810000   0.846987324E+00      0.00505215
    1.02317000   0.839298662E+00      0.00509281
    1.02828000   0.831694789E+00      0.00513400
    1.03344000   0.824166293E+00      0.00517574
    1.03863000   0.816727926E+00      0.00521803
    1.04387000   0.809357690E+00      0.00526087
    1.04916000   0.802052342E+00      0.00530429
    1.05448000   0.794821658E+00      0.00534829
    1.05985000   0.787651872E+00      0.00539288
    1.06527000   0.780536141E+00      0.00543808
    1.07073000   0.773475272E+00      0.00548388
    1.07624000   0.766464645E+00      0.00553031
    1.08179000   0.759501252E+00      0.00557738
    1.08739000   0.752580769E+00      0.00562509
    1.09304000   0.745696227E+00      0.00567346
    1.09874000   0.738847508E+00      0.00572251
    1.10448000   0.732031016E+00      0.00577223
    1.11028000   0.725236279E+00      0.00582265
    1.11613000   0.718463283E+00      0.00587379
    1.12203000   0.711711846E+00      0.00592564
    1.12798000   0.704978424E+00      0.00597823
    1.13399000   0.698253232E+00      0.00603157
    1.14005000   0.691535878E+00      0.00608567
    1.14616000   0.684826278E+00      0.00614055
    1.15233000   0.678114981E+00      0.00619623
    1.15855000   0.671401500E+00      0.00625272
    1.16483000   0.664686576E+00      0.00631003
    1.17117000   0.657957195E+00      0.00636818
    1.17757000   0.651220253E+00      0.00642718
    1.18403000   0.644466197E+00      0.00648707
    1.19054000   0.637697897E+00      0.00654784
    1.19712000   0.630904309E+00      0.00660952
    1.20376000   0.624091741E+00      0.00667213
    1.21047000   0.617248639E+00      0.00673569
    1.21723000   0.610380611E+00      0.00680021
    1.22407000   0.603481222E+00      0.00686572
    1.23097000   0.596546584E+00      0.00693223
    1.23793000   0.589581011E+00      0.00699977
    1.24497000   0.582574407E+00      0.00706835
    1.25207000   0.575532966E+00      0.00713800
    1.25924000   0.568449323E+00      0.00720875
    1.26649000   0.561322607E+00      0.00728060
    1.27380000   0.554156358E+00      0.00735359
    1.28119000   0.546944340E+00      0.00742775
    1.28866000   0.539685406E+00      0.00750309
    1.29620000   0.532384327E+00      0.00757963
    1.30382000   0.525031550E+00      0.00765742
    1.31152000   0.517635889E+00      0.00773647
    1.31929000   0.510193379E+00      0.00781681
    1.32715000   0.502701722E+00      0.00789847
    1.33509000   0.495163587E+00      0.00798148
    1.34311000   0.487582327E+00      0.00806586
    1.35122000   0.479952596E+00      0.00815166
    1.35942000   0.472281133E+00      0.00823889
    1.36770000   0.464565541E+00      0.00832760
    1.37607000   0.456807219E+00      0.00841781
    1.38454000   0.449007608E+00      0.00850957
    1.39309000   0.441174003E+00      0.00860289
    1.40174000   0.433302414E+00      0.00869783
    1.41049000   0.425394810E+00      0.00879442
    1.41933000   0.417456402E+00      0.00889269
    1.42828000   0.409489521E+00      0.00899269
    1.43732000   0.401499871E+00      0.00909446
    1.44646000   0.393487385E+00      0.00919804
    1.45572000   0.385451943E+00      0.00930347
    1.46507000   0.377408761E+00      0.00941079
    1.47454000   0.369346568E+00      0.00952005
    1.48411000   0.361283565E+00      0.00963131
    1.49380000   0.353214695E+00      0.00974460
    1.50360000   0.345147077E+00      0.00985998
    1.51352000   0.337087303E+00      0.00997750
    1.52356000   0.329036993E+00      0.01009720
    1.53372000   0.321000684E+00      0.01021920
    1.54400000   0.312988317E+00      0.01034340
    1.55440000   0.305001964E+00      0.01047000
    1.56494000   0.297043090E+00      0.01059910
    1.57560000   0.289125172E+00      0.01073060
    1.58640000   0.281247227E+00      0.01086470
    1.59733000   0.273417277E+00      0.01100140
    1.60840000   0.265637510E+00      0.01114070
    1.61962000   0.257915161E+00      0.01128290
    1.63097000   0.250260983E+00      0.01142780
    1.64247000   0.242674379E+00      0.01157570
    1.65412000   0.235160492E+00      0.01172650
    1.66593000   0.227726576E+00      0.01188040
    1.67789000   0.220378639E+00      0.01203740
    1.69000000   0.213123281E+00      0.01219770
    1.70228000   0.205961194E+00      0.01236120
    1.71473000   0.198898230E+00      0.01252820
    1.72734000   0.191942638E+00      0.01269870
    1.74012000   0.185097308E+00      0.01287280
    1.75309000   0.178362830E+00      0.01305060
    1.76623000   0.171749089E+00      0.01323220
    1.77955000   0.165258294E+00      0.01341780
    1.79306000   0.158893224E+00      0.01360730
    1.80677000   0.152655979E+00      0.01380110
    1.82067000   0.146552897E+00      0.01399910
    1.83477000   0.140585902E+00      0.01420150
    1.84907000   0.134758447E+00      0.01440840
    1.86359000   0.129070104E+00      0.01462000
    1.87831000   0.123527360E+00      0.01483640
    1.89326000   0.118127995E+00      0.01505780
    1.90843000   0.112875724E+00      0.01528430
    1.92383000   0.107771464E+00      0.01551600
    1.93947000   0.102815136E+00      0.01575320
    1.95534000   0.980097417E-01      0.01599600
    1.97146000   0.933537047E-01      0.01624460
    1.98783000   0.888475588E-01      0.01649910
    2.00446000   0.844908712E-01      0.01675980
    2.02135000   0.802837063E-01      0.01702690
    2.03852000   0.762237774E-01      0.01730050
    2.05596000   0.723117326E-01      0.01758100
    2.07368000   0.685458715E-01      0.01786840
    2.09169000   0.649243431E-01      0.01816310
    2.11001000   0.614441832E-01      0.01846520
    2.12863000   0.581049973E-01      0.01877520
    2.14756000   0.549040023E-01      0.01909310
    2.16682000   0.518380978E-01      0.01941930
    2.18640000   0.489058431E-01      0.01975420
    2.20633000   0.461030191E-01      0.02009790
    2.22660000   0.434278172E-01      0.02045080
    2.24723000   0.408764289E-01      0.02081330
    2.26823000   0.384457287E-01      0.02118560
    2.28961000   0.361324102E-01      0.02156820
    2.31137000   0.339334364E-01      0.02196150
    2.33353000   0.318449098E-01      0.02236570
    2.35611000   0.298629269E-01      0.02278140
    2.37910000   0.279847724E-01      0.02320900
    2.40253000   0.262060713E-01      0.02364890
    2.42640000   0.245236014E-01      0.02410160
    2.45074000   0.229332576E-01      0.02456770
    2.47554000   0.214320808E-01      0.02504760
    2.50084000   0.200156257E-01      0.02554190
    2.52663000   0.186809596E-01      0.02605110
    2.55294000   0.174242222E-01      0.02657600
    2.57979000   0.162417566E-01      0.02711710
    2.60718000   0.151306056E-01      0.02767510
    2.63514000   0.140869690E-01      0.02825070
    2.66369000   0.131076273E-01      0.02884470
    2.69284000   0.121895112E-01      0.02945790
    2.72261000   0.113294519E-01      0.03009110
    2.75303000   0.105242482E-01      0.03074510
    2.78411000   0.977113811E-02      0.03142090
    2.81588000   0.906722673E-02      0.03211960
    2.84836000   0.840971342E-02      0.03284200
    2.88157000   0.779608065E-02      0.03358930
    2.91555000   0.722359378E-02      0.03436280
    2.95031000   0.669002937E-02      0.03516350
    2.98588000   0.619294898E-02      0.03599280
    3.02230000   0.573006132E-02      0.03685210
    3.05960000   0.529934162E-02      0.03774280
    3.09780000   0.489879917E-02      0.03866650
    3.13694000   0.452639244E-02      0.03962490
    3.17706000   0.418037100E-02      0.04061970
    3.21819000   0.385899779E-02      0.04165270
    3.26038000   0.356061969E-02      0.04272590
    3.30366000   0.328370931E-02      0.04384160
    3.34808000   0.302679867E-02      0.04500180
    3.39368000   0.278852138E-02      0.04620910
    3.44051000   0.256758311E-02      0.04746600
    3.48863000   0.236276816E-02      0.04877530
    3.53808000   0.217293951E-02      0.05013990
    3.58893000   0.199702935E-02      0.05156300
    3.64123000   0.183404231E-02      0.05304790
    3.69505000   0.168304247E-02      0.05459840
    3.75045000   0.154317069E-02      0.05621820
    3.80751000   0.141360828E-02      0.05791170
    3.86630000   0.129360125E-02      0.05968340
    3.92690000   0.118245952E-02      0.06153810
    3.98940000   0.107952815E-02      0.06348110
    4.05389000   0.984208285E-03      0.06551810
    4.12047000   0.895945754E-03      0.06765530
    4.18924000   0.814228634E-03      0.06989940
    4.26031000   0.738591941E-03      0.07225760
    4.33380000   0.668600343E-03      0.07473770
    4.40983000   0.603860716E-03      0.07734830
    4.48854000   0.544013037E-03      0.08009880
    4.57008000   0.488728173E-03      0.08299930
    4.65459000   0.437708841E-03      0.08606090
    4.74226000   0.390681927E-03      0.08929580
    4.83325000   0.347403746E-03      0.09271730
    4.92776000   0.307651701E-03      0.09634000
    5.02600000   0.271222342E-03      0.10018000
    5.12820000   0.237932029E-03      0.10425500
    5.23459000   0.207610368E-03      0.10858500
    5.34546000   0.180100159E-03      0.11319100
    5.46108000   0.155251292E-03      0.11809800
    5.58176000   0.132922052E-03      0.12333100
    5.70786000   0.112972973E-03      0.12892200
    5.83974000   0.952663381E-04      0.13490200
    5.97780000   0.796623189E-04      0.14130900
    6.12251000   0.660201289E-04      0.14818600
    6.27435000   0.541964524E-04      0.15557700
    6.43385000   0.440435356E-04      0.16353800
    6.60163000   0.354125883E-04      0.17212600
    6.77834000   0.281534799E-04      0.18141100
    6.96471000   0.221170629E-04      0.19146900
    7.16156000   0.171572740E-04      0.20238900
    7.36981000   0.131332905E-04      0.21427300
    7.59047000   0.991163474E-05      0.22723600
    7.82469000   0.736826435E-05      0.24141500
