   
  PADE SELF ENERGY DATA ick=           1
  order   Im[sigma(0)] 
           1 -0.731725078165168     
           2 -0.706022026641871     
           3 -0.672507080039872     
           4 -0.506042546847972     
           5 -0.513293688840536     
           6 -0.560053845942925     
           7 -0.557573294388623     
           8 -0.540640794891315     
           9 -0.541202567149460     
          10 -0.537122683735666     
          11 -0.545723576720232     
          12 -0.545959781606546     
          13 -0.545703863612721     
          14 -0.545523786811420     
          15 -0.543003855643411     
          16 -0.545493095046024     
          17 -0.545872117153549     
          18 -0.545849855403498     
          19 -0.545871833559175     
          20 -0.545623313024593     
          21 -0.545857017396789     
          22 -0.546728129418037     
          23 -0.546020788741074     
          24 -0.547004223453427     
          25 -0.546192862778056     
          26 -0.545707892556046     
          27 -0.546085756465863     
          28 -0.546000045449801     
          29 -0.546236078055155     
          30 -0.545673544104160     
          31 -0.546596310569592     
          32 -0.545812155993116     
          33 -0.546748418215831     
          34 -0.545744641284750     
          35 -0.546413688045053     
          36 -0.545729409265621     
          37 -0.546051738927936     
          38 -0.545760880466764     
          39 -0.545956329466377     
          40 -0.545707144370562     
   
   
  PADE SELF ENERGY DATA ick=           2
  order   Im[sigma(0)] 
           1 -0.732739474836901     
           2 -0.705928119949337     
           3 -0.670958367634484     
           4 -0.506305755186823     
           5 -0.513633988881379     
           6 -0.562159511493994     
           7 -0.559721219383032     
           8 -0.544164752684920     
           9 -0.544782572104951     
          10 -0.539449378749747     
          11 -0.550572615665411     
          12 -0.551634714479274     
          13 -0.550391241991041     
          14 -0.550155600122305     
          15 -0.550544900338285     
          16 -0.549628851288084     
          17 -0.550493126366226     
          18 -0.550502841721837     
          19 -0.550493940526176     
          20 -0.550462407526555     
          21 -0.550491511272701     
          22 -0.550221993437239     
          23 -0.550367227873574     
          24 -0.550235795876037     
          25 -0.550403614253802     
          26 -0.549623984594075     
          27 -0.550475496646049     
          28 -0.550022832552947     
          29 -0.550115075414943     
          30 -0.550023199289018     
          31 -0.550665050144675     
          32 -0.550013742766033     
          33 -0.550438620481326     
          34 -0.550084792924343     
          35 -0.550103057252857     
          36 -0.550085297587035     
          37 -0.549791367912986     
          38 -0.550050002610379     
          39 -0.549696127753824     
          40 -0.551097442840650     
   
   
  PADE SELF ENERGY DATA ick=           3
  order   Im[sigma(0)] 
           1 -0.733639516488179     
           2 -0.705576730629196     
           3 -0.669061083586394     
           4 -0.504828342081728     
           5 -0.512081005173389     
           6 -0.558819718130002     
           7 -0.556342600747506     
           8 -0.539467505567489     
           9 -0.540030124702395     
          10 -0.535929322894027     
          11 -0.544666836907657     
          12 -0.545223289617815     
          13 -0.544579201662661     
          14 -0.544374620091602     
          15 -0.544854762631232     
          16 -0.544235105773874     
          17 -0.544717861008262     
          18 -0.544718081110877     
          19 -0.544717598002445     
          20 -0.544678697487331     
          21 -0.544714197709838     
          22 -0.544477588370693     
          23 -0.544617873382247     
          24 -0.544503581529581     
          25 -0.544642326617541     
          26 -0.543996645257522     
          27 -0.544839104417722     
          28 -0.544330092038758     
          29 -0.544758829373155     
          30 -0.544181559039821     
          31 -0.545312834643811     
          32 -0.544127614336086     
          33 -0.545119530176238     
          34 -0.544384120402424     
          35 -0.544548748599857     
          36 -0.544389109852628     
          37 -0.544085104392557     
          38 -0.544365196079218     
          39 -0.543893216480449     
          40 -0.544504373400340     
   
