  -7.59047000000000      -0.117932658929324     
  -7.36981000000000      -0.136619163001392     
  -7.16156000000000      -0.146179598034396     
  -6.96471000000000      -0.153493937645360     
  -6.77834000000000      -0.159939557400941     
  -6.60163000000000      -0.165976525353016     
  -6.43385000000000      -0.171802718509579     
  -6.27435000000000      -0.177517474302942     
  -6.12251000000000      -0.183177797618177     
  -5.97780000000000      -0.188817758288412     
  -5.83974000000000      -0.194459459639102     
  -5.70786000000000      -0.200119500959717     
  -5.58176000000000      -0.205809106221611     
  -5.46108000000000      -0.211536513288268     
  -5.34546000000000      -0.217309735772188     
  -5.23459000000000      -0.223134598286778     
  -5.12820000000000      -0.229015236780912     
  -5.02600000000000      -0.234957643331877     
  -4.92776000000000      -0.240965262608668     
  -4.83325000000000      -0.247042357401546     
  -4.74226000000000      -0.253192885570653     
  -4.65459000000000      -0.259421137346994     
  -4.57008000000000      -0.265729517004662     
  -4.48854000000000      -0.272123582910191     
  -4.40983000000000      -0.278606057299131     
  -4.33380000000000      -0.285181383521166     
  -4.26031000000000      -0.291854204844693     
  -4.18924000000000      -0.298628345835201     
  -4.12047000000000      -0.305508564366615     
  -4.05389000000000      -0.312499628556756     
  -3.98940000000000      -0.319606246569262     
  -3.92690000000000      -0.326834100446483     
  -3.86630000000000      -0.334188759123846     
  -3.80751000000000      -0.341676894997338     
  -3.75045000000000      -0.349305057312953     
  -3.69505000000000      -0.357079524548075     
  -3.64123000000000      -0.365009175330643     
  -3.58893000000000      -0.373101252917050     
  -3.53808000000000      -0.381365819720476     
  -3.48863000000000      -0.389811166355505     
  -3.44051000000000      -0.398450594516059     
  -3.39368000000000      -0.407293958860313     
  -3.34808000000000      -0.416356985760202     
  -3.30366000000000      -0.425656111922592     
  -3.26038000000000      -0.435207178457693     
  -3.21819000000000      -0.445031100681170     
  -3.17706000000000      -0.455148263064787     
  -3.13694000000000      -0.465587320786571     
  -3.09780000000000      -0.476375727032687     
  -3.05960000000000      -0.487547412160445     
  -3.02230000000000      -0.499140427070417     
  -2.98588000000000      -0.511189450191208     
  -2.95031000000000      -0.523733707869217     
  -2.91555000000000      -0.536816893278872     
  -2.88157000000000      -0.550478064071822     
  -2.84836000000000      -0.564741414138358     
  -2.81588000000000      -0.579638725622169     
  -2.78411000000000      -0.595181087606821     
  -2.75303000000000      -0.611364647108710     
  -2.72261000000000      -0.628179270693727     
  -2.69284000000000      -0.645576451530367     
  -2.66369000000000      -0.663511135189937     
  -2.63514000000000      -0.681911903049498     
  -2.60718000000000      -0.700671304235302     
  -2.57979000000000      -0.719679736938298     
  -2.55294000000000      -0.738855431164134     
  -2.52663000000000      -0.758022286089782     
  -2.50084000000000      -0.777052603646617     
  -2.47554000000000      -0.795893718856044     
  -2.45074000000000      -0.814281873709963     
  -2.42640000000000      -0.832270213896709     
  -2.40253000000000      -0.849581257323875     
  -2.37910000000000      -0.866266330895031     
  -2.35611000000000      -0.882106388681600     
  -2.33353000000000      -0.897256595102513     
  -2.31137000000000      -0.911420818814586     
  -2.28961000000000      -0.924645212462832     
  -2.26823000000000      -0.937051131605613     
  -2.24723000000000      -0.948485430983783     
  -2.22660000000000      -0.958954850745826     
  -2.20633000000000      -0.968420896504089     
  -2.18640000000000      -0.977188694171977     
  -2.16682000000000      -0.984774838515537     
  -2.14756000000000      -0.991795556356344     
  -2.12863000000000      -0.997747549435396     
  -2.11001000000000       -1.00296417946068     
  -2.09169000000000       -1.00768672255971     
  -2.07368000000000       -1.01133235675765     
  -2.05596000000000       -1.01427594517592     
  -2.03852000000000       -1.01659647421130     
  -2.02135000000000       -1.01864304188028     
  -2.00446000000000       -1.01969030785565     
  -1.98783000000000       -1.02037125720489     
  -1.97146000000000       -1.02039922246138     
  -1.95534000000000       -1.02004230027369     
  -1.93947000000000       -1.01882633121366     
  -1.92383000000000       -1.01771855994000     
  -1.90843000000000       -1.01592037290744     
  -1.89326000000000       -1.01360242711224     
  -1.87831000000000       -1.01133610201433     
  -1.86359000000000       -1.00776289131448     
  -1.84907000000000       -1.00488387290786     
  -1.83477000000000       -1.00089390319091     
  -1.82067000000000      -0.996815987197832     
  -1.80677000000000      -0.992272713614307     
  -1.79306000000000      -0.988083185603671     
  -1.77955000000000      -0.983106913709386     
  -1.76623000000000      -0.977497152920813     
  -1.75309000000000      -0.971553630297098     
  -1.74012000000000      -0.966586950259198     
  -1.72734000000000      -0.960156373142886     
  -1.71473000000000      -0.953279921703390     
  -1.70228000000000      -0.947108155117722     
  -1.69000000000000      -0.940613878977885     
  -1.67789000000000      -0.932724125598991     
  -1.66593000000000      -0.925123834567359     
  -1.65412000000000      -0.918195788024060     
  -1.64247000000000      -0.910368213073211     
  -1.63097000000000      -0.902336201472923     
  -1.61962000000000      -0.893044303447683     
  -1.60840000000000      -0.885436608256213     
  -1.59733000000000      -0.876769050827802     
  -1.58640000000000      -0.867360848588713     
  -1.57560000000000      -0.858716206746865     
  -1.56494000000000      -0.848511824818221     
  -1.55440000000000      -0.840003134856945     
  -1.54400000000000      -0.829494555474599     
  -1.53372000000000      -0.819170788966316     
  -1.52356000000000      -0.809020250261428     
  -1.51352000000000      -0.798920475746595     
  -1.50360000000000      -0.788684405489661     
  -1.49380000000000      -0.777527322510060     
  -1.48411000000000      -0.767277965447809     
  -1.47454000000000      -0.755090182971013     
  -1.46507000000000      -0.744945027468716     
  -1.45572000000000      -0.731804303916712     
  -1.44646000000000      -0.722106659029024     
  -1.43732000000000      -0.709651238199560     
  -1.42828000000000      -0.696532284765751     
  -1.41933000000000      -0.685888874419974     
  -1.41049000000000      -0.672800188458234     
  -1.40174000000000      -0.661162910983160     
  -1.39309000000000      -0.649149261965042     
  -1.38454000000000      -0.634904476249831     
  -1.37607000000000      -0.623544977697618     
  -1.36770000000000      -0.610507654879461     
  -1.35942000000000      -0.596459359884692     
  -1.35122000000000      -0.584182774964176     
  -1.34311000000000      -0.571663953934184     
  -1.33509000000000      -0.557698244238276     
  -1.32715000000000      -0.544188043971071     
  -1.31929000000000      -0.531918941049520     
  -1.31152000000000      -0.516751396748254     
  -1.30382000000000      -0.503610624214641     
  -1.29620000000000      -0.490400427226775     
  -1.28866000000000      -0.475939545115797     
  -1.28119000000000      -0.463354400252330     
  -1.27380000000000      -0.450245498262284     
  -1.26649000000000      -0.434316343271191     
  -1.25924000000000      -0.422091485546569     
  -1.25207000000000      -0.407847595440706     
  -1.24497000000000      -0.392585266928273     
  -1.23793000000000      -0.380780936407955     
  -1.23097000000000      -0.365291694894532     
  -1.22407000000000      -0.350794163632629     
  -1.21723000000000      -0.339538576715974     
  -1.21047000000000      -0.322976562617101     
  -1.20376000000000      -0.310668193473543     
  -1.19712000000000      -0.296646424367652     
  -1.19054000000000      -0.284143978324515     
  -1.18403000000000      -0.268069292761843     
  -1.17757000000000      -0.254729736208536     
  -1.17117000000000      -0.241645036402343     
  -1.16483000000000      -0.228591373766414     
  -1.15855000000000      -0.215336196566630     
  -1.15233000000000      -0.200487211305147     
  -1.14616000000000      -0.187912511935471     
  -1.14005000000000      -0.173446322078818     
  -1.13399000000000      -0.159804253405956     
  -1.12798000000000      -0.148325442365440     
  -1.12203000000000      -0.134623482895596     
  -1.11613000000000      -0.121378543170171     
  -1.11028000000000      -0.108755352815957     
  -1.10448000000000      -9.784773644614619E-002
  -1.09874000000000      -8.273266002292501E-002
  -1.09304000000000      -7.064982338958103E-002
  -1.08739000000000      -5.873798897239382E-002
  -1.08179000000000      -4.660799265109633E-002
  -1.07624000000000      -3.275035625221694E-002
  -1.07073000000000      -2.156343417997331E-002
  -1.06527000000000      -8.594880312499331E-003
  -1.05985000000000       1.693150383192416E-003
  -1.05448000000000       1.269151506381707E-002
  -1.04916000000000       2.750645159780853E-002
  -1.04387000000000       3.664061055624152E-002
  -1.03863000000000       4.663716221076356E-002
  -1.03344000000000       6.081740073054920E-002
  -1.02828000000000       6.966433717639187E-002
  -1.02317000000000       8.135520150303965E-002
  -1.01810000000000       9.428194133720612E-002
  -1.01306000000000       0.101892640265787     
  -1.00807000000000       0.112556512990727     
  -1.00312000000000       0.124053144964559     
 -0.998205000000000       0.133965300616824     
 -0.993329000000000       0.143717481683881     
 -0.988492000000000       0.153805617733329     
 -0.983692000000000       0.163773206681072     
 -0.978928000000000       0.173159918485755     
 -0.974201000000000       0.182426542974985     
 -0.969511000000000       0.192150716724829     
 -0.964855000000000       0.201025882326161     
 -0.960235000000000       0.209986233087298     
 -0.955650000000000       0.218963328202979     
 -0.951099000000000       0.227681192830964     
 -0.946582000000000       0.236380106563328     
 -0.942098000000000       0.244772797647981     
 -0.937647000000000       0.252920007883914     
 -0.933229000000000       0.260932611999280     
 -0.928844000000000       0.269240836241581     
 -0.924490000000000       0.277169656949533     
 -0.920167000000000       0.284604803460557     
 -0.915876000000000       0.292199149926603     
 -0.911616000000000       0.299991297568218     
 -0.907385000000000       0.306947626911586     
 -0.903185000000000       0.314054513525858     
 -0.899015000000000       0.321215507957823     
 -0.894874000000000       0.328113815183422     
 -0.890762000000000       0.334842665496015     
 -0.886679000000000       0.341796529304632     
 -0.882623000000000       0.347928721637321     
 -0.878596000000000       0.354240461131619     
 -0.874597000000000       0.360620781971294     
 -0.870625000000000       0.366734962838406     
 -0.866680000000000       0.372640605195744     
 -0.862762000000000       0.378438607627218     
 -0.858871000000000       0.384544497925746     
 -0.855005000000000       0.390053766412689     
 -0.851165000000000       0.395389259126288     
 -0.847351000000000       0.400657696601112     
 -0.843563000000000       0.406277845540181     
 -0.839799000000000       0.411356077082724     
 -0.836060000000000       0.416486574312870     
 -0.832345000000000       0.421172370023713     
 -0.828655000000000       0.426056004162047     
 -0.824989000000000       0.430980953622610     
 -0.821346000000000       0.435424200289105     
 -0.817727000000000       0.440021955847899     
 -0.814131000000000       0.444459147229511     
 -0.810558000000000       0.448946037094797     
 -0.807007000000000       0.452962956936816     
 -0.803479000000000       0.457141415127131     
 -0.799973000000000       0.461137980739521     
 -0.796489000000000       0.465006236694419     
 -0.793027000000000       0.468969557089063     
 -0.789586000000000       0.472503984443701     
 -0.786167000000000       0.476265820837475     
 -0.782769000000000       0.480079356548343     
 -0.779391000000000       0.483386125130737     
 -0.776034000000000       0.486669139178062     
 -0.772698000000000       0.490330875099164     
 -0.769381000000000       0.493247323944980     
 -0.766085000000000       0.496630296642087     
 -0.762808000000000       0.499529372816035     
 -0.759551000000000       0.502417420192647     
 -0.756314000000000       0.505700398987474     
 -0.753095000000000       0.508246745166636     
 -0.749896000000000       0.511281836477583     
 -0.746715000000000       0.513858157935613     
 -0.743553000000000       0.516590767566755     
 -0.740409000000000       0.518957802825023     
 -0.737284000000000       0.521757502515709     
 -0.734176000000000       0.523854100561318     
 -0.731087000000000       0.526497594317375     
 -0.728015000000000       0.528881804246629     
 -0.724960000000000       0.530834778166446     
 -0.721923000000000       0.532856362158827     
 -0.718904000000000       0.535361493712098     
 -0.715901000000000       0.537370166720187     
 -0.712915000000000       0.539490848678144     
 -0.709945000000000       0.541008112184333     
 -0.706993000000000       0.543342957490646     
 -0.704056000000000       0.544903375048576     
 -0.701136000000000       0.546766162140749     
 -0.698232000000000       0.548713059440933     
 -0.695343000000000       0.549996455284411     
 -0.692471000000000       0.551888513763092     
 -0.689614000000000       0.553561417240130     
 -0.686772000000000       0.554865156906206     
 -0.683946000000000       0.556473522267487     
 -0.681135000000000       0.558147695268578     
 -0.678338000000000       0.559114706475963     
 -0.675557000000000       0.560480663877509     
 -0.672791000000000       0.562050469724226     
 -0.670039000000000       0.563402774035599     
 -0.667301000000000       0.564391899901987     
 -0.664578000000000       0.565681657215300     
 -0.661869000000000       0.566888035021444     
 -0.659174000000000       0.568192922232695     
 -0.656492000000000       0.568836091512098     
 -0.653825000000000       0.570081843618928     
 -0.651171000000000       0.570900141342009     
 -0.648531000000000       0.571783967274960     
 -0.645905000000000       0.573126912205206     
 -0.643291000000000       0.573713831548560     
 -0.640691000000000       0.574658150586910     
 -0.638104000000000       0.575716196267150     
 -0.635529000000000       0.576111992187223     
 -0.632968000000000       0.577124921003720     
 -0.630419000000000       0.577726180284733     
 -0.627883000000000       0.578554417362069     
 -0.625359000000000       0.579023499352445     
 -0.622848000000000       0.579795583002835     
 -0.620349000000000       0.580458089657072     
 -0.617862000000000       0.581034171744465     
 -0.615387000000000       0.581547575441489     
 -0.612924000000000       0.582022052384013     
 -0.610473000000000       0.582502949124289     
 -0.608034000000000       0.583198795994121     
 -0.605606000000000       0.583510666106171     
 -0.603190000000000       0.584103491814407     
 -0.600785000000000       0.584536697772161     
 -0.598391000000000       0.584650919261370     
 -0.596009000000000       0.585119717441155     
 -0.593638000000000       0.585535486172832     
 -0.591278000000000       0.586082026565661     
 -0.588928000000000       0.585973789437311     
 -0.586590000000000       0.586506196209068     
 -0.584262000000000       0.586601984242443     
 -0.581945000000000       0.586746446575658     
 -0.579639000000000       0.587148456935726     
 -0.577343000000000       0.587219777568137     
 -0.575058000000000       0.587797835732605     
 -0.572782000000000       0.587613161066749     
 -0.570517000000000       0.587770711486550     
 -0.568262000000000       0.587678088864049     
 -0.566018000000000       0.588193701651125     
 -0.563783000000000       0.588250002176401     
 -0.561558000000000       0.588486388281854     
 -0.559342000000000       0.588102000028705     
 -0.557137000000000       0.588409197447096     
 -0.554941000000000       0.588331390638540     
 -0.552755000000000       0.588547868132391     
 -0.550578000000000       0.588603351056960     
 -0.548410000000000       0.588335619224929     
 -0.546252000000000       0.588418323713681     
 -0.544103000000000       0.588387344243911     
 -0.541963000000000       0.588099774963640     
 -0.539833000000000       0.588417501778561     
 -0.537711000000000       0.588215119009797     
 -0.535598000000000       0.587819088956373     
 -0.533495000000000       0.588111747154088     
 -0.531400000000000       0.588144020054660     
 -0.529313000000000       0.587592630495932     
 -0.527236000000000       0.587951063701008     
 -0.525166000000000       0.587266967157603     
 -0.523106000000000       0.587362040984951     
 -0.521054000000000       0.587299987800365     
 -0.519010000000000       0.586936640049210     
 -0.516975000000000       0.587123212028498     
 -0.514947000000000       0.586529131735462     
 -0.512928000000000       0.586149000199201     
 -0.510918000000000       0.586384206626522     
 -0.508915000000000       0.586110130631668     
 -0.506920000000000       0.585821776101674     
 -0.504933000000000       0.585534083042111     
 -0.502954000000000       0.585278110437494     
 -0.500983000000000       0.585250031692959     
 -0.499019000000000       0.584787616229698     
 -0.497063000000000       0.584386211195066     
 -0.495115000000000       0.584093496075601     
 -0.493175000000000       0.584275008019841     
 -0.491241000000000       0.583444725863675     
 -0.489316000000000       0.583622496248045     
 -0.487397000000000       0.582977143532107     
 -0.485486000000000       0.582518543008031     
 -0.483583000000000       0.582627910205131     
 -0.481686000000000       0.581972963895189     
 -0.479797000000000       0.581743609398270     
 -0.477915000000000       0.581489212091802     
 -0.476040000000000       0.581391068876441     
 -0.474171000000000       0.580594458748705     
 -0.472310000000000       0.580294719682900     
 -0.470456000000000       0.580181198651186     
 -0.468608000000000       0.579419593475126     
 -0.466768000000000       0.579407834316838     
 -0.464934000000000       0.579146929061404     
 -0.463106000000000       0.578283615203110     
 -0.461286000000000       0.578214495396244     
 -0.459472000000000       0.577950870583654     
 -0.457664000000000       0.577309317063520     
 -0.455863000000000       0.576830592697990     
 -0.454069000000000       0.576893615125199     
 -0.452280000000000       0.576125988851580     
 -0.450498000000000       0.575562238116146     
 -0.448723000000000       0.575578882660887     
 -0.446953000000000       0.574809815787954     
 -0.445190000000000       0.574462744767347     
 -0.443433000000000       0.574031209466494     
 -0.441682000000000       0.573362735396275     
 -0.439938000000000       0.573366005840606     
 -0.438199000000000       0.572857922021681     
 -0.436466000000000       0.572349760341674     
 -0.434739000000000       0.571846573589333     
 -0.433018000000000       0.571357538285472     
 -0.431303000000000       0.570917553690624     
 -0.429594000000000       0.570726394458444     
 -0.427890000000000       0.570094381139710     
 -0.426192000000000       0.569554418415970     
 -0.424500000000000       0.569295417850468     
 -0.422813000000000       0.568616278657961     
 -0.421132000000000       0.568051110411401     
 -0.419457000000000       0.567801586689845     
 -0.417787000000000       0.567207403340033     
 -0.416123000000000       0.567146190144570     
 -0.414463000000000       0.566037980624637     
 -0.412810000000000       0.565822248735612     
 -0.411162000000000       0.565495101687507     
 -0.409519000000000       0.565077991182779     
 -0.407881000000000       0.564563388332288     
 -0.406248000000000       0.563763843606366     
 -0.404621000000000       0.563400175962192     
 -0.402999000000000       0.562969871884044     
 -0.401382000000000       0.562486113350243     
 -0.399770000000000       0.561945719068496     
 -0.398163000000000       0.561185716072536     
 -0.396562000000000       0.561125796717551     
 -0.394965000000000       0.560551476783059     
 -0.393373000000000       0.559992279904281     
 -0.391786000000000       0.559452767015038     
 -0.390204000000000       0.558962590294041     
 -0.388627000000000       0.558717210093758     
 -0.387054000000000       0.557983830823160     
 -0.385486000000000       0.557131879954654     
 -0.383924000000000       0.557253699467388     
 -0.382365000000000       0.556220307324390     
 -0.380812000000000       0.556001172890128     
 -0.379263000000000       0.555374698059474     
 -0.377719000000000       0.555070310151291     
 -0.376179000000000       0.554385380683562     
 -0.374644000000000       0.554039482037615     
 -0.373113000000000       0.553327512430261     
 -0.371587000000000       0.552969215147698     
 -0.370065000000000       0.552259264721687     
 -0.368548000000000       0.551942019127326     
 -0.367035000000000       0.551485687988545     
 -0.365526000000000       0.550711104196181     
 -0.364022000000000       0.550355483976484     
 -0.362522000000000       0.549886800467630     
 -0.361026000000000       0.549143726955551     
 -0.359535000000000       0.549043892641004     
 -0.358047000000000       0.548138576020799     
 -0.356564000000000       0.547699373652852     
 -0.355085000000000       0.547176880802946     
 -0.353610000000000       0.546411376421880     
 -0.352140000000000       0.546348107134418     
 -0.350673000000000       0.545711559609517     
 -0.349210000000000       0.544873821908162     
 -0.347752000000000       0.544765449882526     
 -0.346297000000000       0.544100080705647     
 -0.344846000000000       0.543247159444640     
 -0.343400000000000       0.543150119992608     
 -0.341957000000000       0.542545376716197     
 -0.340518000000000       0.542002045903021     
 -0.339083000000000       0.541701162867158     
 -0.337651000000000       0.540722647362094     
 -0.336224000000000       0.540553535605533     
 -0.334800000000000       0.539929989360934     
 -0.333380000000000       0.539577496521776     
 -0.331963000000000       0.538572142374636     
 -0.330551000000000       0.538424229353902     
 -0.329142000000000       0.538028932249711     
 -0.327736000000000       0.537024325736492     
 -0.326335000000000       0.537081648677912     
 -0.324936000000000       0.535976828250757     
 -0.323542000000000       0.535774669502290     
 -0.322151000000000       0.535377553188539     
 -0.320763000000000       0.534581213840374     
 -0.319379000000000       0.533950049728212     
 -0.317999000000000       0.533708755476050     
 -0.316622000000000       0.533329290135651     
 -0.315248000000000       0.532788069251414     
 -0.313877000000000       0.531705170475920     
 -0.312511000000000       0.531782732987673     
 -0.311147000000000       0.530978900337827     
 -0.309787000000000       0.530620828269034     
 -0.308430000000000       0.530151527769137     
 -0.307076000000000       0.529398367845338     
 -0.305726000000000       0.529306784650778     
 -0.304378000000000       0.528346499807356     
 -0.303034000000000       0.527654158492503     
 -0.301694000000000       0.527634550803350     
 -0.300356000000000       0.526806167616564     
 -0.299022000000000       0.526684936450397     
 -0.297690000000000       0.525750158004303     
 -0.296362000000000       0.525326287630341     
 -0.295037000000000       0.524862957445634     
 -0.293715000000000       0.524370576740444     
 -0.292396000000000       0.523861617584398     
 -0.291080000000000       0.523341745452233     
 -0.289767000000000       0.522815292684878     
 -0.288457000000000       0.522287192793417     
 -0.287150000000000       0.521761511833791     
 -0.285846000000000       0.521247905681993     
 -0.284545000000000       0.520774280305982     
 -0.283247000000000       0.520535471447876     
 -0.281951000000000       0.519577449344910     
 -0.280659000000000       0.519440767609673     
 -0.279369000000000       0.518789822218587     
 -0.278082000000000       0.518193240110729     
 -0.276798000000000       0.517664289049664     
 -0.275517000000000       0.517393631829456     
 -0.274238000000000       0.516428104709935     
 -0.272963000000000       0.516339579976196     
 -0.271690000000000       0.515974345078948     
 -0.270419000000000       0.514937910569552     
 -0.269152000000000       0.514780643753538     
 -0.267887000000000       0.514172373437811     
 -0.266625000000000       0.513894104814127     
 -0.265365000000000       0.513166536266328     
 -0.264108000000000       0.512576942807983     
 -0.262854000000000       0.512331356156360     
 -0.261602000000000       0.511668688925061     
 -0.260353000000000       0.511372075310897     
 -0.259106000000000       0.510672253161484     
 -0.257862000000000       0.510338761602154     
 -0.256620000000000       0.509580208710813     
 -0.255381000000000       0.508987067690735     
 -0.254145000000000       0.508793589662853     
 -0.252911000000000       0.508432374211136     
 -0.251679000000000       0.507711364937593     
 -0.250450000000000       0.507431104678833     
 -0.249223000000000       0.507002961984304     
 -0.247998000000000       0.506218693531500     
 -0.246776000000000       0.505852318165705     
 -0.245556000000000       0.505126520639155     
 -0.244339000000000       0.504845313251651     
 -0.243124000000000       0.504425829147952     
 -0.241911000000000       0.503670755969788     
 -0.240701000000000       0.503389005703057     
 -0.239493000000000       0.503013939488341     
 -0.238287000000000       0.502530086301488     
 -0.237083000000000       0.501732935002740     
 -0.235882000000000       0.501427940837493     
 -0.234683000000000       0.501041050542968     
 -0.233486000000000       0.500565893394961     
 -0.232291000000000       0.499820642006778     
 -0.231099000000000       0.499798484952536     
 -0.229908000000000       0.498911660005470     
 -0.228720000000000       0.498553665711820     
 -0.227534000000000       0.498147100811194     
 -0.226350000000000       0.497701462945545     
 -0.225168000000000       0.497222894493738     
 -0.223988000000000       0.496692869284124     
 -0.222810000000000       0.495915714129847     
 -0.221635000000000       0.495898174920114     
 -0.220461000000000       0.495072480116773     
 -0.219290000000000       0.495052030554970     
 -0.218120000000000       0.494428435136677     
 -0.216952000000000       0.493589507918992     
 -0.215787000000000       0.493536679332627     
 -0.214623000000000       0.492692727225535     
 -0.213462000000000       0.492679104673170     
 -0.212302000000000       0.492105900770979     
 -0.211144000000000       0.491561277719740     
 -0.209988000000000       0.491038132392535     
 -0.208834000000000       0.490534592750713     
 -0.207682000000000       0.490057679803343     
 -0.206532000000000       0.489639865632826     
 -0.205384000000000       0.489501295051740     
 -0.204237000000000       0.488807261169139     
 -0.203092000000000       0.487952947612065     
 -0.201950000000000       0.487988419673920     
 -0.200809000000000       0.487711809999829     
 -0.199669000000000       0.486707707691471     
 -0.198532000000000       0.486572925910965     
 -0.197396000000000       0.485719150104067     
 -0.196263000000000       0.485979246512937     
 -0.195130000000000       0.484935362610863     
 -0.194000000000000       0.484804675565055     
 -0.192871000000000       0.484172371214917     
 -0.191744000000000       0.483648729515935     
 -0.190619000000000       0.483432450369605     
 -0.189495000000000       0.482527296213846     
 -0.188374000000000       0.482771959926848     
 -0.187253000000000       0.481735301157370     
 -0.186135000000000       0.481666433339506     
 -0.185018000000000       0.481348135931703     
 -0.183902000000000       0.480373885198049     
 -0.182789000000000       0.480574851228543     
 -0.181676000000000       0.479506127996537     
 -0.180566000000000       0.479427154332289     
 -0.179457000000000       0.479135696301350     
 -0.178349000000000       0.478399322294322     
 -0.177243000000000       0.477826620686892     
 -0.176139000000000       0.477632011371323     
 -0.175036000000000       0.477010241275159     
 -0.173935000000000       0.476785010672728     
 -0.172835000000000       0.476147742938450     
 -0.171737000000000       0.475919436536684     
 -0.170640000000000       0.475293686904767     
 -0.169545000000000       0.475109877218314     
 -0.168451000000000       0.474753689190745     
 -0.167358000000000       0.473985396949753     
 -0.166267000000000       0.473417899303795     
 -0.165178000000000       0.473296699295688     
 -0.164090000000000       0.473041251365148     
 -0.163003000000000       0.472641668023991     
 -0.161917000000000       0.471854982113566     
 -0.160833000000000       0.471309881328870     
 -0.159751000000000       0.471447309355701     
 -0.158669000000000       0.470594819271962     
 -0.157589000000000       0.469971629024858     
 -0.156511000000000       0.469823159382949     
 -0.155434000000000       0.469564494215207     
 -0.154358000000000       0.469193341532528     
 -0.153283000000000       0.468507513959551     
 -0.152210000000000       0.468524724662280     
 -0.151137000000000       0.467380304963690     
 -0.150067000000000       0.467555167005555     
 -0.148997000000000       0.466793919496927     
 -0.147929000000000       0.466549027060413     
 -0.146862000000000       0.466223429248605     
 -0.145796000000000       0.465798373168864     
 -0.144731000000000       0.465051498689485     
 -0.143668000000000       0.464826559739572     
 -0.142606000000000       0.464532146089347     
 -0.141545000000000       0.464178979370741     
 -0.140485000000000       0.463750194132660     
 -0.139426000000000       0.463044790754455     
 -0.138369000000000       0.463107294134968     
 -0.137312000000000       0.462267343700300     
 -0.136257000000000       0.461980274674878     
 -0.135203000000000       0.461645018458181     
 -0.134150000000000       0.461264481814104     
 -0.133098000000000       0.460821728647756     
 -0.132047000000000       0.460112634009453     
 -0.130998000000000       0.460197209481633     
 -0.129949000000000       0.459425856559541     
 -0.128902000000000       0.459464397048775     
 -0.127855000000000       0.458658110557069     
 -0.126810000000000       0.458663222447564     
 -0.125765000000000       0.457804630288707     
 -0.124722000000000       0.457553660356142     
 -0.123680000000000       0.457517094122033     
 -0.122638000000000       0.456627957828668     
 -0.121598000000000       0.456360959588232     
 -0.120559000000000       0.456313844039668     
 -0.119520000000000       0.455418307476258     
 -0.118483000000000       0.455156247217318     
 -0.117447000000000       0.455132196356855     
 -0.116411000000000       0.454295762108531     
 -0.115377000000000       0.454330037587158     
 -0.114343000000000       0.453756747730358     
 -0.113310000000000       0.452977700552211     
 -0.112279000000000       0.453071400832202     
 -0.111248000000000       0.452584215483594     
 -0.110218000000000       0.452130316261858     
 -0.109189000000000       0.451713068423600     
 -0.108161000000000       0.451355918259610     
 -0.107134000000000       0.451268927279240     
 -0.106107000000000       0.450396195609167     
 -0.105082000000000       0.450427806810061     
 -0.104057000000000       0.449901936000891     
 -0.103033000000000       0.449427739534186     
 -0.102010000000000       0.449013335883905     
 -0.100988000000000       0.448756715702256     
 -9.996660000000000E-002  0.448374205850193     
 -9.894600000000001E-002  0.447989423754837     
 -9.792620000000000E-002  0.447609420313291     
 -9.690720000000000E-002  0.447258920065971     
 -9.588890000000000E-002  0.446834282766066     
 -9.487150000000000E-002  0.446526353126986     
 -9.385470000000000E-002  0.446085305941498     
 -9.283880000000000E-002  0.445746342030104     
 -9.182360000000001E-002  0.445392919423592     
 -9.080910000000000E-002  0.445029081236782     
 -8.979529999999999E-002  0.444653983461063     
 -8.878220000000001E-002  0.444248809585745     
 -8.776990000000000E-002  0.443922442178510     
 -8.675819999999999E-002  0.443512651237846     
 -8.574730000000000E-002  0.443191301893131     
 -8.473700000000001E-002  0.442813746768740     
 -8.372739999999999E-002  0.442469734303764     
 -8.271840000000000E-002  0.442076920831197     
 -8.171009999999999E-002  0.441699425493371     
 -8.070250000000000E-002  0.441363640209780     
 -7.969550000000000E-002  0.441010447741610     
 -7.868910000000000E-002  0.440622561498259     
 -7.768340000000000E-002  0.440310024527127     
 -7.667820000000000E-002  0.439909535144556     
 -7.567370000000000E-002  0.439590849805919     
 -7.466970000000001E-002  0.439186689532455     
 -7.366640000000001E-002  0.438869077075033     
 -7.266359999999999E-002  0.438495919265867     
 -7.166140000000000E-002  0.438131229605226     
 -7.065979999999999E-002  0.437801505796601     
 -6.965870000000000E-002  0.437425807490308     
 -6.865820000000000E-002  0.437094691605817     
 -6.765820000000000E-002  0.436746411795456     
 -6.665870000000000E-002  0.436360600700351     
 -6.565980000000000E-002  0.436027594200211     
 -6.466139999999999E-002  0.435691031309282     
 -6.366350000000000E-002  0.435373190547749     
 -6.266600000000000E-002  0.434967872620434     
 -6.166910000000000E-002  0.434627004108402     
 -6.067270000000000E-002  0.434313645889635     
 -5.967670000000000E-002  0.433945492292170     
 -5.868120000000000E-002  0.433588951653634     
 -5.768620000000000E-002  0.433274236156131     
 -5.669160000000000E-002  0.432940679474662     
 -5.569740000000000E-002  0.432565048082950     
 -5.470370000000000E-002  0.432233724049207     
 -5.371040000000000E-002  0.431869539542080     
 -5.271760000000000E-002  0.431584160402194     
 -5.172510000000000E-002  0.431228410848167     
 -5.073300000000000E-002  0.430848698868017     
 -4.974140000000000E-002  0.430555577991370     
 -4.875010000000000E-002  0.430202949626286     
 -4.775920000000000E-002  0.429857161910780     
 -4.676870000000000E-002  0.429544607615797     
 -4.577850000000000E-002  0.429182369720228     
 -4.478870000000000E-002  0.428834825850271     
 -4.379930000000000E-002  0.428530947615962     
 -4.281020000000000E-002  0.428210104471147     
 -4.182140000000000E-002  0.427876235132996     
 -4.083290000000000E-002  0.427507451342620     
 -3.984480000000000E-002  0.427188894260365     
 -3.885700000000000E-002  0.426869501361542     
 -3.786950000000000E-002  0.426573104473425     
 -3.688220000000000E-002  0.426192893085786     
 -3.589530000000000E-002  0.425902423611427     
 -3.490860000000000E-002  0.425555943410497     
 -3.392220000000000E-002  0.425219626146439     
 -3.293610000000000E-002  0.424923143944107     
 -3.195020000000000E-002  0.424603155949693     
 -3.096450000000000E-002  0.424215768869975     
 -2.997920000000000E-002  0.423957444268092     
 -2.899400000000000E-002  0.423604973923577     
 -2.800910000000000E-002  0.423326728698477     
 -2.702430000000000E-002  0.422956801031713     
 -2.603980000000000E-002  0.422641953051881     
 -2.505550000000000E-002  0.422323094572249     
 -2.407140000000000E-002  0.422005894974794     
 -2.308750000000000E-002  0.421718217816043     
 -2.210370000000000E-002  0.421378240480938     
 -2.112010000000000E-002  0.421048774362262     
 -2.013670000000000E-002  0.420753062702950     
 -1.915340000000000E-002  0.420410033699136     
 -1.817030000000000E-002  0.420084806657609     
 -1.718740000000000E-002  0.419828429591069     
 -1.620450000000000E-002  0.419476377336269     
 -1.522180000000000E-002  0.419175675326203     
 -1.423920000000000E-002  0.418867061281072     
 -1.325670000000000E-002  0.418553051747742     
 -1.227430000000000E-002  0.418238222776460     
 -1.129200000000000E-002  0.417923685839502     
 -1.030980000000000E-002  0.417613108644455     
 -9.327690000000000E-003  0.417314688222710     
 -8.345630000000000E-003  0.417003777543826     
 -7.363640000000000E-003  0.416695224555353     
 -6.381710000000000E-003  0.416392763764419     
 -5.399820000000000E-003  0.416084274289425     
 -4.417980000000000E-003  0.415780824478937     
 -3.436170000000000E-003  0.415473644914235     
 -2.454390000000000E-003  0.415168918167119     
 -1.472630000000000E-003  0.414869770252599     
 -4.908700000000000E-004  0.414561994935063     
  4.908700000000000E-004  0.414267571981166     
  1.472630000000000E-003  0.413961835919076     
  2.454390000000000E-003  0.413664516942521     
  3.436170000000000E-003  0.413366457433128     
  4.417980000000000E-003  0.413064972178343     
  5.399820000000000E-003  0.412768182892295     
  6.381710000000000E-003  0.412466238204390     
  7.363640000000000E-003  0.412172039717619     
  8.345630000000000E-003  0.411876492898134     
  9.327690000000000E-003  0.411573763987275     
  1.030980000000000E-002  0.411286323347945     
  1.129200000000000E-002  0.410996802884572     
  1.227430000000000E-002  0.410703796516814     
  1.325670000000000E-002  0.410408186624401     
  1.423920000000000E-002  0.410110253238588     
  1.522180000000000E-002  0.409814622945219     
  1.620450000000000E-002  0.409547129592068     
  1.718740000000000E-002  0.409203620920323     
  1.817030000000000E-002  0.408954436973593     
  1.915340000000000E-002  0.408683090274778     
  2.013670000000000E-002  0.408369595233602     
  2.112010000000000E-002  0.408099743731646     
  2.210370000000000E-002  0.407815802697630     
  2.308750000000000E-002  0.407494515960243     
  2.407140000000000E-002  0.407221929501462     
  2.505550000000000E-002  0.406943330141405     
  2.603980000000000E-002  0.406663522725630     
  2.702430000000000E-002  0.406408076808328     
  2.800910000000000E-002  0.406071476183614     
  2.899400000000000E-002  0.405819240305459     
  2.997920000000000E-002  0.405494188043769     
  3.096450000000000E-002  0.405286091258636     
  3.195020000000000E-002  0.404970757868151     
  3.293610000000000E-002  0.404671215962044     
  3.392220000000000E-002  0.404416004785327     
  3.490860000000000E-002  0.404144376133506     
  3.589530000000000E-002  0.403837758702920     
  3.688220000000000E-002  0.403605742470902     
  3.786950000000000E-002  0.403282430213824     
  3.885700000000000E-002  0.403013887312613     
  3.984480000000000E-002  0.402747716322355     
  4.083290000000000E-002  0.402506003617631     
  4.182140000000000E-002  0.402210478549679     
  4.281020000000000E-002  0.401920663450459     
  4.379930000000000E-002  0.401639122073721     
  4.478870000000000E-002  0.401398231240165     
  4.577850000000000E-002  0.401139303895694     
  4.676870000000000E-002  0.400840523622739     
  4.775920000000000E-002  0.400586326908174     
  4.875010000000000E-002  0.400318676861657     
  4.974140000000000E-002  0.400019292065763     
  5.073300000000000E-002  0.399799537416889     
  5.172510000000000E-002  0.399516652715809     
  5.271760000000000E-002  0.399206168459629     
  5.371040000000000E-002  0.398982969616268     
  5.470370000000000E-002  0.398709935844997     
  5.569740000000000E-002  0.398467557034926     
  5.669160000000000E-002  0.398175819432401     
  5.768620000000000E-002  0.397897725010782     
  5.868120000000000E-002  0.397661460803592     
  5.967670000000000E-002  0.397407411201601     
  6.067270000000000E-002  0.397114806672027     
  6.166910000000000E-002  0.396873016606943     
  6.266600000000000E-002  0.396649754454017     
  6.366350000000000E-002  0.396337623948957     
  6.466139999999999E-002  0.396079548249129     
  6.565980000000000E-002  0.395826259476854     
  6.665870000000000E-002  0.395601881451469     
  6.765820000000000E-002  0.395323938234168     
  6.865820000000000E-002  0.395054571601797     
  6.965870000000000E-002  0.394821713736523     
  7.065979999999999E-002  0.394544931712302     
  7.166140000000000E-002  0.394309591049603     
  7.266359999999999E-002  0.394060402311549     
  7.366640000000001E-002  0.393779054771921     
  7.466970000000001E-002  0.393570321391580     
  7.567370000000000E-002  0.393276888297299     
  7.667820000000000E-002  0.393061542206044     
  7.768340000000000E-002  0.392766642944093     
  7.868910000000000E-002  0.392553244527151     
  7.969550000000000E-002  0.392287330863361     
  8.070250000000000E-002  0.392029779413281     
  8.171009999999999E-002  0.391810387072722     
  8.271840000000000E-002  0.391573678441276     
  8.372739999999999E-002  0.391296720882815     
  8.473700000000001E-002  0.391059904143978     
  8.574730000000000E-002  0.390788203585532     
  8.675819999999999E-002  0.390590092245595     
  8.776990000000000E-002  0.390309797377118     
  8.878220000000001E-002  0.390107418298245     
  8.979529999999999E-002  0.389848385210514     
  9.080910000000000E-002  0.389590028455559     
  9.182360000000001E-002  0.389337526057086     
  9.283880000000000E-002  0.389095645019694     
  9.385470000000000E-002  0.388911293800587     
  9.487150000000000E-002  0.388606328988870     
  9.588890000000000E-002  0.388421960956518     
  9.690720000000000E-002  0.388148365491228     
  9.792620000000000E-002  0.387920395729261     
  9.894600000000001E-002  0.387683533874676     
  9.996660000000000E-002  0.387434419462335     
  0.100988000000000       0.387139835147377     
  0.102010000000000       0.387015885770578     
  0.103033000000000       0.386843374335658     
  0.104057000000000       0.386600265002032     
  0.105082000000000       0.386078437066653     
  0.106107000000000       0.386291187324406     
  0.107134000000000       0.385660609560403     
  0.108161000000000       0.385530043471246     
  0.109189000000000       0.385372846390742     
  0.110218000000000       0.385175237616043     
  0.111248000000000       0.384921151560381     
  0.112279000000000       0.384410958919554     
  0.113310000000000       0.384677211763333     
  0.114343000000000       0.384360004799177     
  0.115377000000000       0.383780125309142     
  0.116411000000000       0.383952094101803     
  0.117447000000000       0.383316601000325     
  0.118483000000000       0.383225779211567     
  0.119520000000000       0.383361697284221     
  0.120559000000000       0.382692140305695     
  0.121598000000000       0.382573525134788     
  0.122638000000000       0.382689058806794     
  0.123680000000000       0.382010495424702     
  0.124722000000000       0.381888414934878     
  0.125765000000000       0.382008818678196     
  0.126810000000000       0.381366789613277     
  0.127855000000000       0.381489943014519     
  0.128902000000000       0.380864493461151     
  0.129949000000000       0.381003396132708     
  0.130998000000000       0.380405759155081     
  0.132047000000000       0.380606531571631     
  0.133098000000000       0.380304496058297     
  0.134150000000000       0.380017471013694     
  0.135203000000000       0.379763095037570     
  0.136257000000000       0.379562866545470     
  0.137312000000000       0.379623729996236     
  0.138369000000000       0.378961795877107     
  0.139426000000000       0.379109388350316     
  0.140485000000000       0.378775168641840     
  0.141545000000000       0.378464367955721     
  0.142606000000000       0.378198457739480     
  0.143668000000000       0.378004327881012     
  0.144731000000000       0.378110240818316     
  0.145796000000000       0.377742352655895     
  0.146862000000000       0.377421376158137     
  0.147929000000000       0.377181061810593     
  0.148997000000000       0.377226990323194     
  0.150067000000000       0.376612113388056     
  0.151137000000000       0.377050231016507     
  0.152210000000000       0.376302743487718     
  0.153283000000000       0.376369295663136     
  0.154358000000000       0.375991976305310     
  0.155434000000000       0.375672678635259     
  0.156511000000000       0.375458344763217     
  0.157589000000000       0.375596641468438     
  0.158669000000000       0.375525120252485     
  0.159751000000000       0.374798098196390     
  0.160833000000000       0.374946891853916     
  0.161917000000000       0.374928293674526     
  0.163003000000000       0.374470704513480     
  0.164090000000000       0.374096130565335     
  0.165178000000000       0.373844115064621     
  0.166267000000000       0.373964387291503     
  0.167358000000000       0.373922303754690     
  0.168451000000000       0.373466384816976     
  0.169545000000000       0.373133286989919     
  0.170640000000000       0.373154757551484     
  0.171737000000000       0.372802263110630     
  0.172835000000000       0.372799371709705     
  0.173935000000000       0.372433099237872     
  0.175036000000000       0.372424701744248     
  0.176139000000000       0.372066933498311     
  0.177243000000000       0.372098724133908     
  0.178349000000000       0.372002343590983     
  0.179457000000000       0.371527289161136     
  0.180566000000000       0.371223547996313     
  0.181676000000000       0.371518602986307     
  0.182789000000000       0.370756050647788     
  0.183902000000000       0.371094660243657     
  0.185018000000000       0.370594453912970     
  0.186135000000000       0.370257933598577     
  0.187253000000000       0.370531365244399     
  0.188374000000000       0.369769913494313     
  0.189495000000000       0.370120276680619     
  0.190619000000000       0.369680833996696     
  0.191744000000000       0.369644954773061     
  0.192871000000000       0.369529049686543     
  0.194000000000000       0.369120558240616     
  0.195130000000000       0.369325191115333     
  0.196263000000000       0.368528526177653     
  0.197396000000000       0.368853081596258     
  0.198532000000000       0.368440386713087     
  0.199669000000000       0.368656414678394     
  0.200809000000000       0.368083988616814     
  0.201950000000000       0.367720573816665     
  0.203092000000000       0.368046188049286     
  0.204237000000000       0.367825673168343     
  0.205384000000000       0.367311172349431     
  0.206532000000000       0.367245407753643     
  0.207682000000000       0.367159088871589     
  0.208834000000000       0.367041135940878     
  0.209988000000000       0.366897634809168     
  0.211144000000000       0.366727176677894     
  0.212302000000000       0.366510441149691     
  0.213462000000000       0.366058240908019     
  0.214623000000000       0.366278430908847     
  0.215787000000000       0.365813377737022     
  0.216952000000000       0.366031754165782     
  0.218120000000000       0.365760965259308     
  0.219290000000000       0.365260775019772     
  0.220461000000000       0.365444834206656     
  0.221635000000000       0.364964138443817     
  0.222810000000000       0.365182232877671     
  0.223988000000000       0.364957129730656     
  0.225168000000000       0.364732068814862     
  0.226350000000000       0.364523403104557     
  0.227534000000000       0.364333871658684     
  0.228720000000000       0.364188638960696     
  0.229908000000000       0.364278012318007     
  0.231099000000000       0.363722866023456     
  0.232291000000000       0.363881362955944     
  0.233486000000000       0.363626518240530     
  0.234683000000000       0.363394734486327     
  0.235882000000000       0.363232637839680     
  0.237083000000000       0.363346545610232     
  0.238287000000000       0.363045097081698     
  0.239493000000000       0.362781232520621     
  0.240701000000000       0.362599666857582     
  0.241911000000000       0.362702982022964     
  0.243124000000000       0.362412034375070     
  0.244339000000000       0.362199274206774     
  0.245556000000000       0.362290774160348     
  0.246776000000000       0.362028144380119     
  0.247998000000000       0.362053212054150     
  0.249223000000000       0.361705570893980     
  0.250450000000000       0.361444394281293     
  0.251679000000000       0.361486962493674     
  0.252911000000000       0.361161976203882     
  0.254145000000000       0.360937469104791     
  0.255381000000000       0.361058255613014     
  0.256620000000000       0.361060150255051     
  0.257862000000000       0.360730816106855     
  0.259106000000000       0.360719154627463     
  0.260353000000000       0.360396606471061     
  0.261602000000000       0.360391693338722     
  0.262854000000000       0.360085584664990     
  0.264108000000000       0.360128454841071     
  0.265365000000000       0.360076952236998     
  0.266625000000000       0.359717064560046     
  0.267887000000000       0.359695450411413     
  0.269152000000000       0.359416991983628     
  0.270419000000000       0.359697190631368     
  0.271690000000000       0.359249933222290     
  0.272963000000000       0.358959301638031     
  0.274238000000000       0.359255196735226     
  0.275517000000000       0.358859660039744     
  0.276798000000000       0.358829839215749     
  0.278082000000000       0.358770045410798     
  0.279369000000000       0.358646637174819     
  0.280659000000000       0.358287796871032     
  0.281951000000000       0.358511375125090     
  0.283247000000000       0.358072790988056     
  0.284545000000000       0.358012567081923     
  0.285846000000000       0.357944750210263     
  0.287150000000000       0.357855832996977     
  0.288457000000000       0.357752191146807     
  0.289767000000000       0.357637751492626     
  0.291080000000000       0.357516010939532     
  0.292396000000000       0.357390290511564     
  0.293715000000000       0.357264369397351     
  0.295037000000000       0.357144896050269     
  0.296362000000000       0.357056619319967     
  0.297690000000000       0.357172360472028     
  0.299022000000000       0.356698080595545     
  0.300356000000000       0.356831166500730     
  0.301694000000000       0.356408981224371     
  0.303034000000000       0.356641531224415     
  0.304378000000000       0.356703295406387     
  0.305726000000000       0.356190132241545     
  0.307076000000000       0.356320716601464     
  0.308430000000000       0.356105527292923     
  0.309787000000000       0.355936946271557     
  0.311147000000000       0.356009121434085     
  0.312511000000000       0.355572347591825     
  0.313877000000000       0.355997333938001     
  0.315248000000000       0.355696780878453     
  0.316622000000000       0.355432132461850     
  0.317999000000000       0.355267951211102     
  0.319379000000000       0.355407508739152     
  0.320763000000000       0.355432084485484     
  0.322151000000000       0.355134754288211     
  0.323542000000000       0.354956601554824     
  0.324936000000000       0.355261757228952     
  0.326335000000000       0.354717285603271     
  0.327736000000000       0.355040345227825     
  0.329142000000000       0.354707957559165     
  0.330551000000000       0.354497437921933     
  0.331963000000000       0.354808393616009     
  0.333380000000000       0.354478419636697     
  0.334800000000000       0.354442345290787     
  0.336224000000000       0.354192124312091     
  0.337651000000000       0.354456170298955     
  0.339083000000000       0.354107143772561     
  0.340518000000000       0.354079989779772     
  0.341957000000000       0.354015703977463     
  0.343400000000000       0.353745066306786     
  0.344846000000000       0.354026332473203     
  0.346297000000000       0.353906535002636     
  0.347752000000000       0.353580819772448     
  0.349210000000000       0.353819259249645     
  0.350673000000000       0.353674140888885     
  0.352140000000000       0.353336814962951     
  0.353610000000000       0.353576247819398     
  0.355085000000000       0.353472550747428     
  0.356564000000000       0.353387182327043     
  0.358047000000000       0.353498813377381     
  0.359535000000000       0.353092540091818     
  0.361026000000000       0.353259090511603     
  0.362522000000000       0.353109437484751     
  0.364022000000000       0.353000671075711     
  0.365526000000000       0.353126013608736     
  0.367035000000000       0.352934973743711     
  0.368548000000000       0.352800652449809     
  0.370065000000000       0.352916488783099     
  0.371587000000000       0.352752297888188     
  0.373113000000000       0.352829639405589     
  0.374644000000000       0.352640799380868     
  0.376179000000000       0.352699681543215     
  0.377719000000000       0.352503061663990     
  0.379263000000000       0.352566580882623     
  0.380812000000000       0.352405103354326     
  0.382365000000000       0.352678797066764     
  0.383924000000000       0.352209828819892     
  0.385486000000000       0.352559917107926     
  0.387054000000000       0.352523254850950     
  0.388627000000000       0.352239822560720     
  0.390204000000000       0.352269412011941     
  0.391786000000000       0.352283238043888     
  0.393373000000000       0.352264048374601     
  0.394965000000000       0.352203061314423     
  0.396562000000000       0.351965389347796     
  0.398163000000000       0.352243068354814     
  0.399770000000000       0.352189575605481     
  0.401382000000000       0.352121824638006     
  0.402999000000000       0.352067495514834     
  0.404621000000000       0.352048147775042     
  0.406248000000000       0.352226365697214     
  0.407881000000000       0.352088743477235     
  0.409519000000000       0.351962113269703     
  0.411162000000000       0.351873993575047     
  0.412810000000000       0.351860189757785     
  0.414463000000000       0.352223047065282     
  0.416123000000000       0.351817665482615     
  0.417787000000000       0.351944312769557     
  0.419457000000000       0.351844363266433     
  0.421132000000000       0.351989760083074     
  0.422813000000000       0.352058754635898     
  0.424500000000000       0.351887351381753     
  0.426192000000000       0.351978276664266     
  0.427890000000000       0.352008874423885     
  0.429594000000000       0.351816372341934     
  0.431303000000000       0.351903125199869     
  0.433018000000000       0.351969190095156     
  0.434739000000000       0.352002385798338     
  0.436466000000000       0.352007100660288     
  0.438199000000000       0.351974993866876     
  0.439938000000000       0.351781991149891     
  0.441682000000000       0.352067176393055     
  0.443433000000000       0.352056217677309     
  0.445190000000000       0.352054551108294     
  0.446953000000000       0.352218123089377     
  0.448723000000000       0.351948178619577     
  0.450498000000000       0.352181824287996     
  0.452280000000000       0.352300306997195     
  0.454069000000000       0.351990280066284     
  0.455863000000000       0.352199012276931     
  0.457664000000000       0.352329093599143     
  0.459472000000000       0.352199103464781     
  0.461286000000000       0.352155852301001     
  0.463106000000000       0.352503390287068     
  0.464934000000000       0.352328128192845     
  0.466768000000000       0.352242864087594     
  0.468608000000000       0.352568466748773     
  0.470456000000000       0.352416692714987     
  0.472310000000000       0.352533021972664     
  0.474171000000000       0.352780685900436     
  0.476040000000000       0.352559522250749     
  0.477915000000000       0.352608730051707     
  0.479797000000000       0.352684686667028     
  0.481686000000000       0.352901320084301     
  0.483583000000000       0.352705165732488     
  0.485486000000000       0.352973766813691     
  0.487397000000000       0.353135545173452     
  0.489316000000000       0.352910074279675     
  0.491241000000000       0.353283807599996     
  0.493175000000000       0.353017950334274     
  0.495115000000000       0.353232743517061     
  0.497063000000000       0.353409029641610     
  0.499019000000000       0.353508591538720     
  0.500983000000000       0.353410435059551     
  0.502954000000000       0.353549725225929     
  0.504933000000000       0.353665881696065     
  0.506920000000000       0.353749511013349     
  0.508915000000000       0.353798378149536     
  0.510918000000000       0.353710398291614     
  0.512928000000000       0.354052621106354     
  0.514947000000000       0.354267465459595     
  0.516975000000000       0.354082642804118     
  0.519010000000000       0.354320560548272     
  0.521054000000000       0.354333205582347     
  0.523106000000000       0.354397966730922     
  0.525166000000000       0.354776654291995     
  0.527236000000000       0.354565660159153     
  0.529313000000000       0.354931848592450     
  0.531400000000000       0.354853344229598     
  0.533495000000000       0.354857001423376     
  0.535598000000000       0.355236215882010     
  0.537711000000000       0.355325229400669     
  0.539833000000000       0.355263873867556     
  0.541963000000000       0.355590536932018     
  0.544103000000000       0.355674349231213     
  0.546252000000000       0.355770772601672     
  0.548410000000000       0.356018891268478     
  0.550578000000000       0.356038948191386     
  0.552755000000000       0.356095407352368     
  0.554941000000000       0.356329842819707     
  0.557137000000000       0.356394252725107     
  0.559342000000000       0.356768931963252     
  0.561558000000000       0.356728118132695     
  0.563783000000000       0.356874745631084     
  0.566018000000000       0.356893912505626     
  0.568262000000000       0.357270916091277     
  0.570517000000000       0.357419621284890     
  0.572782000000000       0.357672568049014     
  0.575058000000000       0.357585153364579     
  0.577343000000000       0.357877149562848     
  0.579639000000000       0.357985650755522     
  0.581945000000000       0.358261106094203     
  0.584262000000000       0.358477190612605     
  0.586590000000000       0.358536760881108     
  0.588928000000000       0.358900478890544     
  0.591278000000000       0.358887759777626     
  0.593638000000000       0.359080763643513     
  0.596009000000000       0.359288177564462     
  0.598391000000000       0.359613761861385     
  0.600785000000000       0.359720169766455     
  0.603190000000000       0.359851457533135     
  0.605606000000000       0.360130947835868     
  0.608034000000000       0.360239128118133     
  0.610473000000000       0.360521833967306     
  0.612924000000000       0.360771086875713     
  0.615387000000000       0.360988687979144     
  0.617862000000000       0.361187463942789     
  0.620349000000000       0.361379818716808     
  0.622848000000000       0.361586959992715     
  0.625359000000000       0.361919463076950     
  0.627883000000000       0.362070353148587     
  0.630419000000000       0.362361893639326     
  0.632968000000000       0.362509297708313     
  0.635529000000000       0.362924563728912     
  0.638104000000000       0.362994857285670     
  0.640691000000000       0.363262028868716     
  0.643291000000000       0.363621462055589     
  0.645905000000000       0.363679758230542     
  0.648531000000000       0.364074143432024     
  0.651171000000000       0.364400942433283     
  0.653825000000000       0.364578473537241     
  0.656492000000000       0.365008898691070     
  0.659174000000000       0.365103236976196     
  0.661869000000000       0.365375370998676     
  0.664578000000000       0.365654300310488     
  0.667301000000000       0.366032630516606     
  0.670039000000000       0.366224445438768     
  0.672791000000000       0.366453955392528     
  0.675557000000000       0.366844054434902     
  0.678338000000000       0.367283150352274     
  0.681135000000000       0.367403942334916     
  0.683946000000000       0.367714740771936     
  0.686772000000000       0.368122647716473     
  0.689614000000000       0.368350269535597     
  0.692471000000000       0.368621428409028     
  0.695343000000000       0.369116919566009     
  0.698232000000000       0.369295080643976     
  0.701136000000000       0.369644198745448     
  0.704056000000000       0.370067977279278     
  0.706993000000000       0.370238682350183     
  0.709945000000000       0.370788815110493     
  0.712915000000000       0.371010032942448     
  0.715901000000000       0.371361588672427     
  0.718904000000000       0.371612056354197     
  0.721923000000000       0.372124879835485     
  0.724960000000000       0.372543186006505     
  0.728015000000000       0.372797635600630     
  0.731087000000000       0.373102809795938     
  0.734176000000000       0.373619622246618     
  0.737284000000000       0.373859497687278     
  0.740409000000000       0.374346725504735     
  0.743553000000000       0.374673370251467     
  0.746715000000000       0.375100622546688     
  0.749896000000000       0.375408845129065     
  0.753095000000000       0.375925734342772     
  0.756314000000000       0.376187331414650     
  0.759551000000000       0.376705046456822     
  0.762808000000000       0.377146628991658     
  0.766085000000000       0.377471523743589     
  0.769381000000000       0.377998122298692     
  0.772698000000000       0.378277329434039     
  0.776034000000000       0.378804571142763     
  0.779391000000000       0.379255232774167     
  0.782769000000000       0.379588652813105     
  0.786167000000000       0.380064391132198     
  0.789586000000000       0.380596765372765     
  0.793027000000000       0.380985089423127     
  0.796489000000000       0.381479963286622     
  0.799973000000000       0.381938040555934     
  0.803479000000000       0.382387049359403     
  0.807007000000000       0.382903849334610     
  0.810558000000000       0.383292705099170     
  0.814131000000000       0.383796313327564     
  0.817727000000000       0.384281465426461     
  0.821346000000000       0.384826932393753     
  0.824989000000000       0.385248678344832     
  0.828655000000000       0.385790114682148     
  0.832345000000000       0.386369128126015     
  0.836060000000000       0.386809059792968     
  0.839799000000000       0.387338457406307     
  0.843563000000000       0.387780201782784     
  0.847351000000000       0.388417709319708     
  0.851165000000000       0.388974692409659     
  0.855005000000000       0.389482889605157     
  0.858871000000000       0.389924213417981     
  0.862762000000000       0.390565996134369     
  0.866680000000000       0.391138663453337     
  0.870625000000000       0.391682502649407     
  0.874597000000000       0.392228454042427     
  0.878596000000000       0.392853120527248     
  0.882623000000000       0.393481199831078     
  0.886679000000000       0.393921955134052     
  0.890762000000000       0.394573558428282     
  0.894874000000000       0.395170864983195     
  0.899015000000000       0.395761690994132     
  0.903185000000000       0.396422876682944     
  0.907385000000000       0.397082964834500     
  0.911616000000000       0.397570608451609     
  0.915876000000000       0.398270266128032     
  0.920167000000000       0.398963520956357     
  0.924490000000000       0.399529110858968     
  0.928844000000000       0.400142402417061     
  0.933229000000000       0.400897122434357     
  0.937647000000000       0.401569288642351     
  0.942098000000000       0.402211965676148     
  0.946582000000000       0.402858179867929     
  0.951099000000000       0.403570271568306     
  0.955650000000000       0.404257413716568     
  0.960235000000000       0.405000712874119     
  0.964855000000000       0.405738924355497     
  0.969511000000000       0.406340769018897     
  0.974201000000000       0.407182015735913     
  0.978928000000000       0.407910027347202     
  0.983692000000000       0.408569659009439     
  0.988492000000000       0.409344057596339     
  0.993329000000000       0.410191032342626     
  0.998205000000000       0.410920061361472     
   1.00312000000000       0.411501159259705     
   1.00807000000000       0.412574564113598     
   1.01306000000000       0.413774069368126     
   1.01810000000000       0.413631415803581     
   1.02317000000000       0.414778982939040     
   1.02828000000000       0.416038276748676     
   1.03344000000000       0.416101930734154     
   1.03863000000000       0.417768957629624     
   1.04387000000000       0.418604144826674     
   1.04916000000000       0.418586650372249     
   1.05448000000000       0.420243171602218     
   1.05985000000000       0.421184176160607     
   1.06527000000000       0.421619015831372     
   1.07073000000000       0.422778148482367     
   1.07624000000000       0.423337953000339     
   1.08179000000000       0.424667238097268     
   1.08739000000000       0.425655404973829     
   1.09304000000000       0.426518153462516     
   1.09874000000000       0.427179376818816     
   1.10448000000000       0.428911697364432     
   1.11028000000000       0.429543053593521     
   1.11613000000000       0.430444234412991     
   1.12203000000000       0.431482913111599     
   1.12798000000000       0.432793960416917     
   1.13399000000000       0.433395152893507     
   1.14005000000000       0.434429873452125     
   1.14616000000000       0.435828334999513     
   1.15233000000000       0.436648808104461     
   1.15855000000000       0.438124002526876     
   1.16483000000000       0.439251804702615     
   1.17117000000000       0.440292250297048     
   1.17757000000000       0.441294321019333     
   1.18403000000000       0.442221456100570     
   1.19054000000000       0.444065423387548     
   1.19712000000000       0.444975226962452     
   1.20376000000000       0.446304197422444     
   1.21047000000000       0.447009156634551     
   1.21723000000000       0.449054417214738     
   1.22407000000000       0.449622769157607     
   1.23097000000000       0.450960082911126     
   1.23793000000000       0.452756774492338     
   1.24497000000000       0.453472097309102     
   1.25207000000000       0.455134749196201     
   1.25924000000000       0.456645361370564     
   1.26649000000000       0.457502696797001     
   1.27380000000000       0.459468602786661     
   1.28119000000000       0.460735510427857     
   1.28866000000000       0.461803211460339     
   1.29620000000000       0.463438918910203     
   1.30382000000000       0.464767911640927     
   1.31152000000000       0.466058330432075     
   1.31929000000000       0.468022182327655     
   1.32715000000000       0.469188247508114     
   1.33509000000000       0.470722001328230     
   1.34311000000000       0.472457953549767     
   1.35122000000000       0.473818831380586     
   1.35942000000000       0.475116726684582     
   1.36770000000000       0.476991823458775     
   1.37607000000000       0.478639557534147     
   1.38454000000000       0.479808827862506     
   1.39309000000000       0.481904044548611     
   1.40174000000000       0.483387255224522     
   1.41049000000000       0.484798213749644     
   1.41933000000000       0.486710712278470     
   1.42828000000000       0.487926210186522     
   1.43732000000000       0.489966405308468     
   1.44646000000000       0.491854176557489     
   1.45572000000000       0.492947866956362     
   1.46507000000000       0.495180504293110     
   1.47454000000000       0.496533266133098     
   1.48411000000000       0.498594586762724     
   1.49380000000000       0.500100465314322     
   1.50360000000000       0.501962888640193     
   1.51352000000000       0.503588972437432     
   1.52356000000000       0.505244363641212     
   1.53372000000000       0.506992572833577     
   1.54400000000000       0.508873600031630     
   1.55440000000000       0.510854417309236     
   1.56494000000000       0.512258825310580     
   1.57560000000000       0.514299813949363     
   1.58640000000000       0.515887648287638     
   1.59733000000000       0.517807928053934     
   1.60840000000000       0.519522602544326     
   1.61962000000000       0.520989407113547     
   1.63097000000000       0.523111052398831     
   1.64247000000000       0.524846068618055     
   1.65412000000000       0.526575070085276     
   1.66593000000000       0.528087848147352     
   1.67789000000000       0.529945677368067     
   1.69000000000000       0.531950441936967     
   1.70228000000000       0.533516809107769     
   1.71473000000000       0.535085953374588     
   1.72734000000000       0.536999469059216     
   1.74012000000000       0.538792005089779     
   1.75309000000000       0.540158939460131     
   1.76623000000000       0.541997336022334     
   1.77955000000000       0.543778501919936     
   1.79306000000000       0.545395951395269     
   1.80677000000000       0.546829261741547     
   1.82067000000000       0.548501294953014     
   1.83477000000000       0.550089995596354     
   1.84907000000000       0.551726462476842     
   1.86359000000000       0.553048007283259     
   1.87831000000000       0.554731462374286     
   1.89326000000000       0.555997140372414     
   1.90843000000000       0.557388166909806     
   1.92383000000000       0.558663408913793     
   1.93947000000000       0.559765919277697     
   1.95534000000000       0.560999435442078     
   1.97146000000000       0.561966005926687     
   1.98783000000000       0.562854414046834     
   2.00446000000000       0.563545280731526     
   2.02135000000000       0.564142514749914     
   2.03852000000000       0.564377143175116     
   2.05596000000000       0.564534959064107     
   2.07368000000000       0.564451296187462     
   2.09169000000000       0.564077002579989     
   2.11001000000000       0.563240174175702     
   2.12863000000000       0.562169968488763     
   2.14756000000000       0.560744300917005     
   2.16682000000000       0.558804563846295     
   2.18640000000000       0.556550179465361     
   2.20633000000000       0.553701197677746     
   2.22660000000000       0.550452783802001     
   2.24723000000000       0.546661242548924     
   2.26823000000000       0.542334204286204     
   2.28961000000000       0.537462108538165     
   2.31137000000000       0.532107927803551     
   2.33353000000000       0.526218420153190     
   2.35611000000000       0.519775780016872     
   2.37910000000000       0.512913810039668     
   2.40253000000000       0.505573522526558     
   2.42640000000000       0.497859756570802     
   2.45074000000000       0.489762676827565     
   2.47554000000000       0.481415132400487     
   2.50084000000000       0.472808442466729     
   2.52663000000000       0.464069137573770     
   2.55294000000000       0.455232811365470     
   2.57979000000000       0.446365369947864     
   2.60718000000000       0.437551042242817     
   2.63514000000000       0.428831753976603     
   2.66369000000000       0.420258845543198     
   2.69284000000000       0.411880472252816     
   2.72261000000000       0.403727491456053     
   2.75303000000000       0.395817944142192     
   2.78411000000000       0.388170439106026     
   2.81588000000000       0.380786537622574     
   2.84836000000000       0.373665071301666     
   2.88157000000000       0.366798740888138     
   2.91555000000000       0.360171483475806     
   2.95031000000000       0.353771583419379     
   2.98588000000000       0.347581193263968     
   3.02230000000000       0.341580790061956     
   3.05960000000000       0.335753433722674     
   3.09780000000000       0.330084724424161     
   3.13694000000000       0.324558618250959     
   3.17706000000000       0.319160986026703     
   3.21819000000000       0.313880797787300     
   3.26038000000000       0.308706097900547     
   3.30366000000000       0.303628927688663     
   3.34808000000000       0.298640795017049     
   3.39368000000000       0.293735428963809     
   3.44051000000000       0.288905995902672     
   3.48863000000000       0.284145952846045     
   3.53808000000000       0.279451678375707     
   3.58893000000000       0.274817440044584     
   3.64123000000000       0.270240114333553     
   3.69505000000000       0.265715425751366     
   3.75045000000000       0.261240574455558     
   3.80751000000000       0.256811709006422     
   3.86630000000000       0.252426354737505     
   3.92690000000000       0.248081797115085     
   3.98940000000000       0.243775142770591     
   4.05389000000000       0.239504038037842     
   4.12047000000000       0.235265995444251     
   4.18924000000000       0.231059044568273     
   4.26031000000000       0.226881091458447     
   4.33380000000000       0.222729972020789     
   4.40983000000000       0.218604028876325     
   4.48854000000000       0.214501019214466     
   4.57008000000000       0.210418742734852     
   4.65459000000000       0.206356003338234     
   4.74226000000000       0.202309712249881     
   4.83325000000000       0.198278740274991     
   4.92776000000000       0.194260641003290     
   5.02600000000000       0.190253056736668     
   5.12820000000000       0.186253280508469     
   5.23459000000000       0.182259025724024     
   5.34546000000000       0.178266090319812     
   5.46108000000000       0.174271267174120     
   5.58176000000000       0.170269913693197     
   5.70786000000000       0.166255462310933     
   5.83974000000000       0.162220577450275     
   5.97780000000000       0.158155030428163     
   6.12251000000000       0.154043431357833     
   6.27435000000000       0.149864457535379     
   6.43385000000000       0.145584880706615     
   6.60163000000000       0.141148745311535     
   6.77834000000000       0.136457393589352     
   6.96471000000000       0.131313676887935     
   7.16156000000000       0.125258237853916     
   7.36981000000000       0.116914281708235     
   7.59047000000000       9.940180615491581E-002
