  -7.59047000000000       0.205052808067953     
  -7.36981000000000       0.176114064502740     
  -7.16156000000000       0.159012958145540     
  -6.96471000000000       0.147721521334731     
  -6.77834000000000       0.139583678004111     
  -6.60163000000000       0.133378060363504     
  -6.43385000000000       0.128455524524883     
  -6.27435000000000       0.124419327622265     
  -6.12251000000000       0.121064687930803     
  -5.97780000000000       0.118216778188670     
  -5.83974000000000       0.115742292761719     
  -5.70786000000000       0.113602741487529     
  -5.58176000000000       0.111725516588211     
  -5.46108000000000       0.110035033129178     
  -5.34546000000000       0.108539231174281     
  -5.23459000000000       0.107206597518041     
  -5.12820000000000       0.105961243075016     
  -5.02600000000000       0.104860666963795     
  -4.92776000000000       0.103839392751621     
  -4.83325000000000       0.102900917645611     
  -4.74226000000000       0.102033113802859     
  -4.65459000000000       0.101260367404817     
  -4.57008000000000       0.100488180308693     
  -4.48854000000000       9.981555594219432E-002
  -4.40983000000000       9.916016485592566E-002
  -4.33380000000000       9.854228931702222E-002
  -4.26031000000000       9.798176688912898E-002
  -4.18924000000000       9.744181030785549E-002
  -4.12047000000000       9.693502731365604E-002
  -4.05389000000000       9.645946972721485E-002
  -3.98940000000000       9.599058690350502E-002
  -3.92690000000000       9.554596025208996E-002
  -3.86630000000000       9.510695523418781E-002
  -3.80751000000000       9.470073948505844E-002
  -3.75045000000000       9.432491870308356E-002
  -3.69505000000000       9.392421040531122E-002
  -3.64123000000000       9.357874500923574E-002
  -3.58893000000000       9.321022543548077E-002
  -3.53808000000000       9.289539668630065E-002
  -3.48863000000000       9.251500542888944E-002
  -3.44051000000000       9.222671231336907E-002
  -3.39368000000000       9.185851634867900E-002
  -3.34808000000000       9.151485258730434E-002
  -3.30366000000000       9.120852500398710E-002
  -3.26038000000000       9.085574265823890E-002
  -3.21819000000000       9.056673837232343E-002
  -3.17706000000000       9.016047207685746E-002
  -3.13694000000000       8.980685564436637E-002
  -3.09780000000000       8.935945378591519E-002
  -3.05960000000000       8.886267237469667E-002
  -3.02230000000000       8.841817979230371E-002
  -2.98588000000000       8.779725741633605E-002
  -2.95031000000000       8.694302871988766E-002
  -2.91555000000000       8.598945107033296E-002
  -2.88157000000000       8.495002478975389E-002
  -2.84836000000000       8.338569172212995E-002
  -2.81588000000000       8.157388450643736E-002
  -2.78411000000000       7.931016017660147E-002
  -2.75303000000000       7.641239813512404E-002
  -2.72261000000000       7.302115867418781E-002
  -2.69284000000000       6.869354882251667E-002
  -2.66369000000000       6.361595529699665E-002
  -2.63514000000000       5.772097921842007E-002
  -2.60718000000000       5.066892138011673E-002
  -2.57979000000000       4.242403326350817E-002
  -2.55294000000000       3.340974146400116E-002
  -2.52663000000000       2.297380714445138E-002
  -2.50084000000000       1.124490124764596E-002
  -2.47554000000000      -1.134895257637334E-003
  -2.45074000000000      -1.527938883264945E-002
  -2.42640000000000      -2.985785004731634E-002
  -2.40253000000000      -4.601924736834154E-002
  -2.37910000000000      -6.276057766189759E-002
  -2.35611000000000      -8.077292452599831E-002
  -2.33353000000000      -9.893538778870695E-002
  -2.31137000000000      -0.118374270578509     
  -2.28961000000000      -0.138440370671103     
  -2.26823000000000      -0.158599913566020     
  -2.24723000000000      -0.179404763321286     
  -2.22660000000000      -0.200670784105672     
  -2.20633000000000      -0.222350576622162     
  -2.18640000000000      -0.243687701898526     
  -2.16682000000000      -0.265965924138409     
  -2.14756000000000      -0.287523453094256     
  -2.12863000000000      -0.309786739647397     
  -2.11001000000000      -0.331705605025595     
  -2.09169000000000      -0.353189676116150     
  -2.07368000000000      -0.375474380618911     
  -2.05596000000000      -0.397403336739653     
  -2.03852000000000      -0.418947008665459     
  -2.02135000000000      -0.439898465877240     
  -2.00446000000000      -0.461536547528083     
  -1.98783000000000      -0.482511726034137     
  -1.97146000000000      -0.503526972315165     
  -1.95534000000000      -0.524181879131855     
  -1.93947000000000      -0.544998871016019     
  -1.92383000000000      -0.564709291719197     
  -1.90843000000000      -0.584884123122395     
  -1.89326000000000      -0.604786798108771     
  -1.87831000000000      -0.624125508326743     
  -1.86359000000000      -0.644240715456397     
  -1.84907000000000      -0.662670008840132     
  -1.83477000000000      -0.682158176383920     
  -1.82067000000000      -0.700778429034195     
  -1.80677000000000      -0.719215867369577     
  -1.79306000000000      -0.736952995596963     
  -1.77955000000000      -0.755462764081656     
  -1.76623000000000      -0.773760016453173     
  -1.75309000000000      -0.791281232350025     
  -1.74012000000000      -0.807862165032292     
  -1.72734000000000      -0.825957185694246     
  -1.71473000000000      -0.843115382659080     
  -1.70228000000000      -0.859216454119453     
  -1.69000000000000      -0.876016714888260     
  -1.67789000000000      -0.893255191178227     
  -1.66593000000000      -0.908986664810565     
  -1.65412000000000      -0.924293839602555     
  -1.64247000000000      -0.940476139961055     
  -1.63097000000000      -0.956377635967605     
  -1.61962000000000      -0.972137970459832     
  -1.60840000000000      -0.986206927623642     
  -1.59733000000000       -1.00163626377673     
  -1.58640000000000       -1.01669505163947     
  -1.57560000000000       -1.03096144548984     
  -1.56494000000000       -1.04576500683792     
  -1.55440000000000       -1.05921456980745     
  -1.54400000000000       -1.07410635548412     
  -1.53372000000000       -1.08764969471762     
  -1.52356000000000       -1.10072845823192     
  -1.51352000000000       -1.11368967595182     
  -1.50360000000000       -1.12677470731634     
  -1.49380000000000       -1.13986158081385     
  -1.48411000000000       -1.15228408332379     
  -1.47454000000000       -1.16520298009140     
  -1.46507000000000       -1.17675491797045     
  -1.45572000000000       -1.18928436813216     
  -1.44646000000000       -1.19971278558731     
  -1.43732000000000       -1.21237428027849     
  -1.42828000000000       -1.22344393319595     
  -1.41933000000000       -1.23338361907486     
  -1.41049000000000       -1.24461515988264     
  -1.40174000000000       -1.25445288181767     
  -1.39309000000000       -1.26510004907514     
  -1.38454000000000       -1.27547053812318     
  -1.37607000000000       -1.28413626976073     
  -1.36770000000000       -1.29424416679161     
  -1.35942000000000       -1.30342621601028     
  -1.35122000000000       -1.31143345877353     
  -1.34311000000000       -1.32025289130119     
  -1.33509000000000       -1.32911291194595     
  -1.32715000000000       -1.33683109767864     
  -1.31929000000000       -1.34464613154584     
  -1.31152000000000       -1.35287268410279     
  -1.30382000000000       -1.35931338421456     
  -1.29620000000000       -1.36626994360274     
  -1.28866000000000       -1.37293552114099     
  -1.28119000000000       -1.37880291318440     
  -1.27380000000000       -1.38572890116304     
  -1.26649000000000       -1.39207251259139     
  -1.25924000000000       -1.39686916151151     
  -1.25207000000000       -1.40298147196000     
  -1.24497000000000       -1.40781552631200     
  -1.23793000000000       -1.41214555108862     
  -1.23097000000000       -1.41754494089185     
  -1.22407000000000       -1.42089172973916     
  -1.21723000000000       -1.42472764463712     
  -1.21047000000000       -1.42926349977906     
  -1.20376000000000       -1.43179975387600     
  -1.19712000000000       -1.43525072698833     
  -1.19054000000000       -1.43871303965733     
  -1.18403000000000       -1.44202541980311     
  -1.17757000000000       -1.44355387331553     
  -1.17117000000000       -1.44547795005059     
  -1.16483000000000       -1.44760696437051     
  -1.15855000000000       -1.44994089075800     
  -1.15233000000000       -1.45163402331968     
  -1.14616000000000       -1.45271743961031     
  -1.14005000000000       -1.45389278762933     
  -1.13399000000000       -1.45388172449121     
  -1.12798000000000       -1.45420748384433     
  -1.12203000000000       -1.45501954602742     
  -1.11613000000000       -1.45492611884676     
  -1.11028000000000       -1.45444327822002     
  -1.10448000000000       -1.45479632633331     
  -1.09874000000000       -1.45486371196369     
  -1.09304000000000       -1.45352022706083     
  -1.08739000000000       -1.45268002277711     
  -1.08179000000000       -1.45212857640460     
  -1.07624000000000       -1.45075166522834     
  -1.07073000000000       -1.44892918704749     
  -1.06527000000000       -1.44694221050336     
  -1.05985000000000       -1.44487640006954     
  -1.05448000000000       -1.44391838560375     
  -1.04916000000000       -1.44137292405021     
  -1.04387000000000       -1.43819696381033     
  -1.03863000000000       -1.43683713448095     
  -1.03344000000000       -1.43416655977930     
  -1.02828000000000       -1.43118675447854     
  -1.02317000000000       -1.42894670097274     
  -1.01810000000000       -1.42493159935909     
  -1.01306000000000       -1.42146073639736     
  -1.00807000000000       -1.41902962002624     
  -1.00312000000000       -1.41562779299217     
 -0.998205000000000       -1.41183694979898     
 -0.993329000000000       -1.40826960107188     
 -0.988492000000000       -1.40460499937676     
 -0.983692000000000       -1.40063721726637     
 -0.978928000000000       -1.39660936468755     
 -0.974201000000000       -1.39268471151243     
 -0.969511000000000       -1.38847472851044     
 -0.964855000000000       -1.38418810484140     
 -0.960235000000000       -1.37994769410850     
 -0.955650000000000       -1.37557162895863     
 -0.951099000000000       -1.37110277788489     
 -0.946582000000000       -1.36650430242230     
 -0.942098000000000       -1.36181669517352     
 -0.937647000000000       -1.35713877552414     
 -0.933229000000000       -1.35251932601479     
 -0.928844000000000       -1.34770373497905     
 -0.924490000000000       -1.34270814134718     
 -0.920167000000000       -1.33781824889185     
 -0.915876000000000       -1.33295366968301     
 -0.911616000000000       -1.32780508700777     
 -0.907385000000000       -1.32273416196130     
 -0.903185000000000       -1.31773191755630     
 -0.899015000000000       -1.31261428044075     
 -0.894874000000000       -1.30743893049344     
 -0.890762000000000       -1.30228455903743     
 -0.886679000000000       -1.29689570870296     
 -0.882623000000000       -1.29164043047868     
 -0.878596000000000       -1.28645456160374     
 -0.874597000000000       -1.28115690065398     
 -0.870625000000000       -1.27581232894327     
 -0.866680000000000       -1.27050328316884     
 -0.862762000000000       -1.26526253277372     
 -0.858871000000000       -1.25979577871005     
 -0.855005000000000       -1.25434519453977     
 -0.851165000000000       -1.24899953757380     
 -0.847351000000000       -1.24375855112003     
 -0.843563000000000       -1.23830446938490     
 -0.839799000000000       -1.23288614319414     
 -0.836060000000000       -1.22741297287090     
 -0.832345000000000       -1.22209850682551     
 -0.828655000000000       -1.21677934791953     
 -0.824989000000000       -1.21132225320798     
 -0.821346000000000       -1.20598759516902     
 -0.817727000000000       -1.20062675014858     
 -0.814131000000000       -1.19527715104581     
 -0.810558000000000       -1.18981912720612     
 -0.807007000000000       -1.18450691094100     
 -0.803479000000000       -1.17916778036571     
 -0.799973000000000       -1.17385109306937     
 -0.796489000000000       -1.16859381457657     
 -0.793027000000000       -1.16325152723422     
 -0.789586000000000       -1.15807803550096     
 -0.786167000000000       -1.15287120909199     
 -0.782769000000000       -1.14751664881427     
 -0.779391000000000       -1.14230838914436     
 -0.776034000000000       -1.13722169018886     
 -0.772698000000000       -1.13189811587398     
 -0.769381000000000       -1.12684646614484     
 -0.766085000000000       -1.12163030215522     
 -0.762808000000000       -1.11656461454988     
 -0.759551000000000       -1.11161113711451     
 -0.756314000000000       -1.10640930699654     
 -0.753095000000000       -1.10149401823323     
 -0.749896000000000       -1.09639670440847     
 -0.746715000000000       -1.09144974478977     
 -0.743553000000000       -1.08643670023329     
 -0.740409000000000       -1.08162338140454     
 -0.737284000000000       -1.07658194249173     
 -0.734176000000000       -1.07186310333759     
 -0.731087000000000       -1.06694394524607     
 -0.728015000000000       -1.06200791411400     
 -0.724960000000000       -1.05730096545474     
 -0.721923000000000       -1.05272671896735     
 -0.718904000000000       -1.04788464268173     
 -0.715901000000000       -1.04317571412709     
 -0.712915000000000       -1.03837682892204     
 -0.709945000000000       -1.03397172181974     
 -0.706993000000000       -1.02918590412800     
 -0.704056000000000       -1.02471359574200     
 -0.701136000000000       -1.02018079867202     
 -0.698232000000000       -1.01551064304077     
 -0.695343000000000       -1.01122191328738     
 -0.692471000000000       -1.00670757895657     
 -0.689614000000000       -1.00219377404168     
 -0.686772000000000      -0.997909697942347     
 -0.683946000000000      -0.993540112249268     
 -0.681135000000000      -0.989019307519340     
 -0.678338000000000      -0.984896746240625     
 -0.675557000000000      -0.980726955575771     
 -0.672791000000000      -0.976407693150272     
 -0.670039000000000      -0.972096887040898     
 -0.667301000000000      -0.968027724603143     
 -0.664578000000000      -0.963869141693130     
 -0.661869000000000      -0.959736962100912     
 -0.659174000000000      -0.955464691807194     
 -0.656492000000000      -0.951607133648223     
 -0.653825000000000      -0.947492115224596     
 -0.651171000000000      -0.943592644527790     
 -0.648531000000000      -0.939765010547590     
 -0.645905000000000      -0.935608363469826     
 -0.643291000000000      -0.931837317256856     
 -0.640691000000000      -0.927965809671440     
 -0.638104000000000      -0.923942466253098     
 -0.635529000000000      -0.920337365181054     
 -0.632968000000000      -0.916445615499078     
 -0.630419000000000      -0.912766379739324     
 -0.627883000000000      -0.908959624582088     
 -0.625359000000000      -0.905390877461028     
 -0.622848000000000      -0.901694025168607     
 -0.620349000000000      -0.898028486101946     
 -0.617862000000000      -0.894408434691733     
 -0.615387000000000      -0.890845831659341     
 -0.612924000000000      -0.887344902939268     
 -0.610473000000000      -0.883894304074316     
 -0.608034000000000      -0.880286795761520     
 -0.605606000000000      -0.876908265718555     
 -0.603190000000000      -0.873384274210294     
 -0.600785000000000      -0.869902292719452     
 -0.598391000000000      -0.866682112028286     
 -0.596009000000000      -0.863325894988678     
 -0.593638000000000      -0.859991307187611     
 -0.591278000000000      -0.856491495563534     
 -0.588928000000000      -0.853443554630881     
 -0.586590000000000      -0.850058854342189     
 -0.584262000000000      -0.846916259911918     
 -0.581945000000000      -0.843828328645019     
 -0.579639000000000      -0.840581815879787     
 -0.577343000000000      -0.837563899266198     
 -0.575058000000000      -0.834170565938837     
 -0.572782000000000      -0.831232190761479     
 -0.570517000000000      -0.828163808016293     
 -0.568262000000000      -0.825349382320644     
 -0.566018000000000      -0.822144165805411     
 -0.563783000000000      -0.819160264447706     
 -0.561558000000000      -0.816017112995495     
 -0.559342000000000      -0.813355117384978     
 -0.557137000000000      -0.810323927955881     
 -0.554941000000000      -0.807532674012890     
 -0.552755000000000      -0.804554633296016     
 -0.550578000000000      -0.801616533458896     
 -0.548410000000000      -0.798943390861487     
 -0.546252000000000      -0.796100435820752     
 -0.544103000000000      -0.793302722355511     
 -0.541963000000000      -0.790757448309348     
 -0.539833000000000      -0.787805564021795     
 -0.537711000000000      -0.785118923627951     
 -0.535598000000000      -0.782696181958665     
 -0.533495000000000      -0.779853327637043     
 -0.531400000000000      -0.777045069514445     
 -0.529313000000000      -0.774713958045991     
 -0.527236000000000      -0.771765230635808     
 -0.525166000000000      -0.769532887696198     
 -0.523106000000000      -0.766880310850647     
 -0.521054000000000      -0.764264445203558     
 -0.519010000000000      -0.761895496317541     
 -0.516975000000000      -0.759111302454670     
 -0.514947000000000      -0.756842875332113     
 -0.512928000000000      -0.754607195696286     
 -0.510918000000000      -0.751932817580695     
 -0.508915000000000      -0.749514452289827     
 -0.506920000000000      -0.747133731159426     
 -0.504933000000000      -0.744796855426643     
 -0.502954000000000      -0.742483713512232     
 -0.500983000000000      -0.739967799690933     
 -0.499019000000000      -0.737732941837882     
 -0.497063000000000      -0.735542379398220     
 -0.495115000000000      -0.733363889588800     
 -0.493175000000000      -0.730747630650471     
 -0.491241000000000      -0.728868299136563     
 -0.489316000000000      -0.726306489622230     
 -0.487397000000000      -0.724279815039460     
 -0.485486000000000      -0.722265289235107     
 -0.483583000000000      -0.719805834787334     
 -0.481686000000000      -0.717864121785464     
 -0.479797000000000      -0.715699839299418     
 -0.477915000000000      -0.713552334148127     
 -0.476040000000000      -0.711203071147510     
 -0.474171000000000      -0.709387335267203     
 -0.472310000000000      -0.707341052782740     
 -0.470456000000000      -0.705097060671886     
 -0.468608000000000      -0.703366776534215     
 -0.466768000000000      -0.701146754415539     
 -0.464934000000000      -0.698983173092761     
 -0.463106000000000      -0.697341131852951     
 -0.461286000000000      -0.695210062329075     
 -0.459472000000000      -0.693122025750357     
 -0.457664000000000      -0.691321370873536     
 -0.455863000000000      -0.689523143109425     
 -0.454069000000000      -0.687254832459032     
 -0.452280000000000      -0.685544892663249     
 -0.450498000000000      -0.683833453432695     
 -0.448723000000000      -0.681649299523835     
 -0.446953000000000      -0.680012292156201     
 -0.445190000000000      -0.678134887916810     
 -0.443433000000000      -0.676306087771179     
 -0.441682000000000      -0.674738833443241     
 -0.439938000000000      -0.672666990796152     
 -0.438199000000000      -0.670891834338559     
 -0.436466000000000      -0.669141178721743     
 -0.434739000000000      -0.667424825083926     
 -0.433018000000000      -0.665735460428988     
 -0.431303000000000      -0.664051598387386     
 -0.429594000000000      -0.662132324256987     
 -0.427890000000000      -0.660515485582369     
 -0.426192000000000      -0.658906268460327     
 -0.424500000000000      -0.657067285024908     
 -0.422813000000000      -0.655533685540605     
 -0.421132000000000      -0.654005011768166     
 -0.419457000000000      -0.652236896533071     
 -0.417787000000000      -0.650736451946256     
 -0.416123000000000      -0.648751049530174     
 -0.414463000000000      -0.647603507249464     
 -0.412810000000000      -0.645906091741112     
 -0.411162000000000      -0.644238500349555     
 -0.409519000000000      -0.642587539105774     
 -0.407881000000000      -0.640982435541742     
 -0.406248000000000      -0.639671653379515     
 -0.404621000000000      -0.638097050919319     
 -0.402999000000000      -0.636547781084895     
 -0.401382000000000      -0.635019872507014     
 -0.399770000000000      -0.633533803800539     
 -0.398163000000000      -0.632317615888765     
 -0.396562000000000      -0.630560822701093     
 -0.394965000000000      -0.629121408624499     
 -0.393373000000000      -0.627696739215622     
 -0.391786000000000      -0.626295304089660     
 -0.390204000000000      -0.624894163550703     
 -0.388627000000000      -0.623246681510950     
 -0.387054000000000      -0.621936276883775     
 -0.385486000000000      -0.620876372268731     
 -0.383924000000000      -0.619016863997436     
 -0.382365000000000      -0.618028777945671     
 -0.380812000000000      -0.616473122457433     
 -0.379263000000000      -0.615226657011673     
 -0.377719000000000      -0.613714471582518     
 -0.376179000000000      -0.612504136511627     
 -0.374644000000000      -0.611033467241839     
 -0.373113000000000      -0.609866939223375     
 -0.371587000000000      -0.608436175677827     
 -0.370065000000000      -0.607306912154994     
 -0.368548000000000      -0.605891177869769     
 -0.367035000000000      -0.604523022650924     
 -0.365526000000000      -0.603449082342758     
 -0.364022000000000      -0.602090796888550     
 -0.362522000000000      -0.600777445789856     
 -0.361026000000000      -0.599738089728552     
 -0.359535000000000      -0.598153560688587     
 -0.358047000000000      -0.597185344013513     
 -0.356564000000000      -0.595919657783792     
 -0.355085000000000      -0.594702167000742     
 -0.353610000000000      -0.593756982000344     
 -0.352140000000000      -0.592238329125643     
 -0.350673000000000      -0.591077293117146     
 -0.349210000000000      -0.590181893530241     
 -0.347752000000000      -0.588715456329946     
 -0.346297000000000      -0.587609196061539     
 -0.344846000000000      -0.586768302861723     
 -0.343400000000000      -0.585346765095980     
 -0.341957000000000      -0.584260765271846     
 -0.340518000000000      -0.583160742469260     
 -0.339083000000000      -0.581818450352886     
 -0.337651000000000      -0.581072130944538     
 -0.336224000000000      -0.579727207800799     
 -0.334800000000000      -0.578707411145919     
 -0.333380000000000      -0.577428033699090     
 -0.331963000000000      -0.576748729145926     
 -0.330551000000000      -0.575447186859636     
 -0.329142000000000      -0.574221791521490     
 -0.327736000000000      -0.573566038351068     
 -0.326335000000000      -0.572043059514196     
 -0.324936000000000      -0.571454156630837     
 -0.323542000000000      -0.570224909986469     
 -0.322151000000000      -0.569058630395694     
 -0.320763000000000      -0.568216890275287     
 -0.319379000000000      -0.567355491145283     
 -0.317999000000000      -0.566190544059592     
 -0.316622000000000      -0.565052723597376     
 -0.315248000000000      -0.563975503830438     
 -0.313877000000000      -0.563477685842404     
 -0.312511000000000      -0.562071502215315     
 -0.311147000000000      -0.561316902519134     
 -0.309787000000000      -0.560236584055137     
 -0.308430000000000      -0.559205103775556     
 -0.307076000000000      -0.558458110426765     
 -0.305726000000000      -0.557131648610629     
 -0.304378000000000      -0.556477510425337     
 -0.303034000000000      -0.555766944404116     
 -0.301694000000000      -0.554475884641091     
 -0.300356000000000      -0.553809684616064     
 -0.299022000000000      -0.552542259307698     
 -0.297690000000000      -0.551931878435829     
 -0.296362000000000      -0.550989196756191     
 -0.295037000000000      -0.550071452932168     
 -0.293715000000000      -0.549164534083702     
 -0.292396000000000      -0.548270519257240     
 -0.291080000000000      -0.547390438649743     
 -0.289767000000000      -0.546524403484735     
 -0.288457000000000      -0.545671463368307     
 -0.287150000000000      -0.544829984030901     
 -0.285846000000000      -0.543996276125687     
 -0.284545000000000      -0.543151909788469     
 -0.283247000000000      -0.542042706916907     
 -0.281951000000000      -0.541559286660071     
 -0.280659000000000      -0.540439456296525     
 -0.279369000000000      -0.539686491723742     
 -0.278082000000000      -0.538927973359293     
 -0.276798000000000      -0.538161776307362     
 -0.275517000000000      -0.537128589611973     
 -0.274238000000000      -0.536719779516229     
 -0.272963000000000      -0.535643981562307     
 -0.271690000000000      -0.534657190727058     
 -0.270419000000000      -0.534286893666873     
 -0.269152000000000      -0.533267301227669     
 -0.267887000000000      -0.532589574884677     
 -0.266625000000000      -0.531606667733684     
 -0.265365000000000      -0.530980069629795     
 -0.264108000000000      -0.530325547988855     
 -0.262854000000000      -0.529373994396162     
 -0.261602000000000      -0.528752232132972     
 -0.260353000000000      -0.527821605141776     
 -0.259106000000000      -0.527224994539854     
 -0.257862000000000      -0.526324326031808     
 -0.256620000000000      -0.525779140858913     
 -0.255381000000000      -0.525199431930107     
 -0.254145000000000      -0.524296241668530     
 -0.252911000000000      -0.523437340745780     
 -0.251679000000000      -0.522894937487973     
 -0.250450000000000      -0.522019806359658     
 -0.249223000000000      -0.521197481325207     
 -0.247998000000000      -0.520699080008053     
 -0.246776000000000      -0.519889601871818     
 -0.245556000000000      -0.519411107032789     
 -0.244339000000000      -0.518592205273032     
 -0.243124000000000      -0.517821927722804     
 -0.241911000000000      -0.517369012429204     
 -0.240701000000000      -0.516573392219986     
 -0.239493000000000      -0.515803038759845     
 -0.238287000000000      -0.515070659042978     
 -0.237083000000000      -0.514661123105443     
 -0.235882000000000      -0.513906626758531     
 -0.234683000000000      -0.513177105261330     
 -0.233486000000000      -0.512479412653090     
 -0.232291000000000      -0.512078561532386     
 -0.231099000000000      -0.511049492961519     
 -0.229908000000000      -0.510710805592484     
 -0.228720000000000      -0.510009644824681     
 -0.227534000000000      -0.509332633801613     
 -0.226350000000000      -0.508665287622685     
 -0.225168000000000      -0.508013134454385     
 -0.223988000000000      -0.507394536373774     
 -0.222810000000000      -0.507074744548189     
 -0.221635000000000      -0.506114943368784     
 -0.220461000000000      -0.505818912858922     
 -0.219290000000000      -0.504848972884245     
 -0.218120000000000      -0.504286033713046     
 -0.216952000000000      -0.504009949402681     
 -0.215787000000000      -0.503096130679397     
 -0.214623000000000      -0.502846082197485     
 -0.213462000000000      -0.501914064302308     
 -0.212302000000000      -0.501366448403173     
 -0.211144000000000      -0.500814034040115     
 -0.209988000000000      -0.500275664970365     
 -0.208834000000000      -0.499745674866775     
 -0.207682000000000      -0.499217476091033     
 -0.206532000000000      -0.498667187210598     
 -0.205384000000000      -0.497812029549184     
 -0.204237000000000      -0.497351460790988     
 -0.203092000000000      -0.497172155486409     
 -0.201950000000000      -0.496300063755183     
 -0.200809000000000      -0.495518476070644     
 -0.199669000000000      -0.495384977486149     
 -0.198532000000000      -0.494588116017172     
 -0.197396000000000      -0.494442622112350     
 -0.196263000000000      -0.493313000031748     
 -0.195130000000000      -0.493222550176474     
 -0.194000000000000      -0.492432131943461     
 -0.192871000000000      -0.492028587587147     
 -0.191744000000000      -0.491591748195290     
 -0.190619000000000      -0.490864052635949     
 -0.189495000000000      -0.490774837763927     
 -0.188374000000000      -0.489697316585840     
 -0.187253000000000      -0.489656834256988     
 -0.186135000000000      -0.488886815531421     
 -0.185018000000000      -0.488208452293651     
 -0.183902000000000      -0.488155164954796     
 -0.182789000000000      -0.487115967646438     
 -0.181676000000000      -0.487118543600453     
 -0.180566000000000      -0.486385713671773     
 -0.179457000000000      -0.485722856686748     
 -0.178349000000000      -0.485413604450118     
 -0.177243000000000      -0.485072594424808     
 -0.176139000000000      -0.484414259536925     
 -0.175036000000000      -0.484099725881089     
 -0.173935000000000      -0.483451408174920     
 -0.172835000000000      -0.483151159836635     
 -0.171737000000000      -0.482516316613053     
 -0.170640000000000      -0.482223839329077     
 -0.169545000000000      -0.481575533396494     
 -0.168451000000000      -0.480982004881137     
 -0.167358000000000      -0.480745272446311     
 -0.166267000000000      -0.480470092426106     
 -0.165178000000000      -0.479845352875478     
 -0.164090000000000      -0.479242968485052     
 -0.163003000000000      -0.478678485592926     
 -0.161917000000000      -0.478471331724688     
 -0.160833000000000      -0.478206897492076     
 -0.159751000000000      -0.477302337767618     
 -0.158669000000000      -0.477134932675403     
 -0.157589000000000      -0.476914558971059     
 -0.156511000000000      -0.476346351563690     
 -0.155434000000000      -0.475796655322482     
 -0.154358000000000      -0.475274885439324     
 -0.153283000000000      -0.475067679920078     
 -0.152210000000000      -0.474228711477576     
 -0.151137000000000      -0.474404074550919     
 -0.150067000000000      -0.473537292855972     
 -0.148997000000000      -0.473398229901595     
 -0.147929000000000      -0.472876916280977     
 -0.146862000000000      -0.472382778164642     
 -0.145796000000000      -0.471922034993830     
 -0.144731000000000      -0.471793420985469     
 -0.143668000000000      -0.471300882401343     
 -0.142606000000000      -0.470826486600469     
 -0.141545000000000      -0.470358707155627     
 -0.140485000000000      -0.469923451020670     
 -0.139426000000000      -0.469797225282023     
 -0.138369000000000      -0.469011015739269     
 -0.137312000000000      -0.468940689207387     
 -0.136257000000000      -0.468489242300215     
 -0.135203000000000      -0.468060316297123     
 -0.134150000000000      -0.467638842034599     
 -0.133098000000000      -0.467248329515057     
 -0.132047000000000      -0.467168044886358     
 -0.130998000000000      -0.466418389731502     
 -0.129949000000000      -0.466358490160184     
 -0.128902000000000      -0.465615352922866     
 -0.127855000000000      -0.465568261532485     
 -0.126810000000000      -0.464843335428400     
 -0.125765000000000      -0.464832279175078     
 -0.124722000000000      -0.464419559772961     
 -0.123680000000000      -0.463728597114727     
 -0.122638000000000      -0.463732154218010     
 -0.121598000000000      -0.463336012997699     
 -0.120559000000000      -0.462663345322959     
 -0.119520000000000      -0.462686161285576     
 -0.118483000000000      -0.462306277808806     
 -0.117447000000000      -0.461641825287903     
 -0.116411000000000      -0.461649825442111     
 -0.115377000000000      -0.460959767049382     
 -0.114343000000000      -0.460686556263415     
 -0.113310000000000      -0.460702547323316     
 -0.112279000000000      -0.460028905431183     
 -0.111248000000000      -0.459742766960407     
 -0.110218000000000      -0.459445656225519     
 -0.109189000000000      -0.459153381080904     
 -0.108161000000000      -0.458841268305302     
 -0.107134000000000      -0.458229470653319     
 -0.106107000000000      -0.458293581085432     
 -0.105082000000000      -0.457654207964862     
 -0.104057000000000      -0.457406573689097     
 -0.103033000000000      -0.457146464239260     
 -0.102010000000000      -0.456883332046973     
 -0.100988000000000      -0.456487280163716     
 -9.996660000000000E-002 -0.456170143968947     
 -9.894600000000001E-002 -0.455856222032842     
 -9.792620000000000E-002 -0.455546280674539     
 -9.690720000000000E-002 -0.455209783851218     
 -9.588890000000000E-002 -0.454942308940256     
 -9.487150000000000E-002 -0.454579165128885     
 -9.385470000000000E-002 -0.454326435213864     
 -9.283880000000000E-002 -0.454003422791480     
 -9.182360000000001E-002 -0.453688501655857     
 -9.080910000000000E-002 -0.453377396157282     
 -8.979529999999999E-002 -0.453074560831979     
 -8.878220000000001E-002 -0.452807942500754     
 -8.776990000000000E-002 -0.452479357721245     
 -8.675819999999999E-002 -0.452222600760291     
 -8.574730000000000E-002 -0.451897960147963     
 -8.473700000000001E-002 -0.451615787698200     
 -8.372739999999999E-002 -0.451304597340157     
 -8.271840000000000E-002 -0.451034154613249     
 -8.171009999999999E-002 -0.450763812918649     
 -8.070250000000000E-002 -0.450463805279974     
 -7.969550000000000E-002 -0.450172084485577     
 -7.868910000000000E-002 -0.449915511379983     
 -7.768340000000000E-002 -0.449596780706561     
 -7.667820000000000E-002 -0.449350393645190     
 -7.567370000000000E-002 -0.449039298429025     
 -7.466970000000001E-002 -0.448801858990753     
 -7.366640000000001E-002 -0.448498544871218     
 -7.266359999999999E-002 -0.448237119422941     
 -7.166140000000000E-002 -0.447976988694350     
 -7.065979999999999E-002 -0.447689103466992     
 -6.965870000000000E-002 -0.447439862705976     
 -6.865820000000000E-002 -0.447158034086650     
 -6.765820000000000E-002 -0.446885488668275     
 -6.665870000000000E-002 -0.446650287732332     
 -6.565980000000000E-002 -0.446381558653442     
 -6.466139999999999E-002 -0.446115469616426     
 -6.366350000000000E-002 -0.445824123470999     
 -6.266600000000000E-002 -0.445606782783909     
 -6.166910000000000E-002 -0.445353027876233     
 -6.067270000000000E-002 -0.445073382022101     
 -5.967670000000000E-002 -0.444834539757847     
 -5.868120000000000E-002 -0.444596550662029     
 -5.768620000000000E-002 -0.444327301695448     
 -5.669160000000000E-002 -0.444065209733399     
 -5.569740000000000E-002 -0.443840893073844     
 -5.470370000000000E-002 -0.443587399135505     
 -5.371040000000000E-002 -0.443368738807417     
 -5.271760000000000E-002 -0.443084603124554     
 -5.172510000000000E-002 -0.442846501993360     
 -5.073300000000000E-002 -0.442640600925958     
 -4.974140000000000E-002 -0.442369798129630     
 -4.875010000000000E-002 -0.442141255016495     
 -4.775920000000000E-002 -0.441913835483139     
 -4.676870000000000E-002 -0.441658977617746     
 -4.577850000000000E-002 -0.441443265991141     
 -4.478870000000000E-002 -0.441227192163996     
 -4.379930000000000E-002 -0.440979835083223     
 -4.281020000000000E-002 -0.440739617120377     
 -4.182140000000000E-002 -0.440504935706643     
 -4.083290000000000E-002 -0.440306697796828     
 -3.984480000000000E-002 -0.440078376122307     
 -3.885700000000000E-002 -0.439852099334910     
 -3.786950000000000E-002 -0.439598221986327     
 -3.688220000000000E-002 -0.439415154928597     
 -3.589530000000000E-002 -0.439166249785649     
 -3.490860000000000E-002 -0.438959680680491     
 -3.392220000000000E-002 -0.438753696807232     
 -3.293610000000000E-002 -0.438516661654054     
 -3.195020000000000E-002 -0.438288493959413     
 -3.096450000000000E-002 -0.438127679362302     
 -2.997920000000000E-002 -0.437869493955906     
 -2.899400000000000E-002 -0.437682797473046     
 -2.800910000000000E-002 -0.437433073835201     
 -2.702430000000000E-002 -0.437256361972898     
 -2.603980000000000E-002 -0.437046178336937     
 -2.505550000000000E-002 -0.436842125607837     
 -2.407140000000000E-002 -0.436640071777182     
 -2.308750000000000E-002 -0.436410175511339     
 -2.210370000000000E-002 -0.436218653112036     
 -2.112010000000000E-002 -0.436027083287678     
 -2.013670000000000E-002 -0.435808656410648     
 -1.915340000000000E-002 -0.435628829085848     
 -1.817030000000000E-002 -0.435447924691537     
 -1.718740000000000E-002 -0.435207052808831     
 -1.620450000000000E-002 -0.435037410737366     
 -1.522180000000000E-002 -0.434834063837508     
 -1.423920000000000E-002 -0.434637014411511     
 -1.325670000000000E-002 -0.434444368028990     
 -1.227430000000000E-002 -0.434254899465813     
 -1.129200000000000E-002 -0.434068272226008     
 -1.030980000000000E-002 -0.433882064728080     
 -9.327690000000000E-003 -0.433687210185672     
 -8.345630000000000E-003 -0.433502104907532     
 -7.363640000000000E-003 -0.433317207451301     
 -6.381710000000000E-003 -0.433129066163661     
 -5.399820000000000E-003 -0.432947240098436     
 -4.417980000000000E-003 -0.432762928690750     
 -3.436170000000000E-003 -0.432583171646363     
 -2.454390000000000E-003 -0.432404040894254     
 -1.472630000000000E-003 -0.432221629284086     
 -4.908700000000000E-004 -0.432048296385360     
  4.908700000000000E-004 -0.431865659030940     
  1.472630000000000E-003 -0.431692772756299     
  2.454390000000000E-003 -0.431515753316268     
  3.436170000000000E-003 -0.431339970642087     
  4.417980000000000E-003 -0.431168307026558     
  5.399820000000000E-003 -0.430994485691267     
  6.381710000000000E-003 -0.430826807397793     
  7.363640000000000E-003 -0.430655166768302     
  8.345630000000000E-003 -0.430485155118355     
  9.327690000000000E-003 -0.430323949533205     
  1.030980000000000E-002 -0.430153116135326     
  1.129200000000000E-002 -0.429983636616036     
  1.227430000000000E-002 -0.429816950700848     
  1.325670000000000E-002 -0.429653214511275     
  1.423920000000000E-002 -0.429493817994859     
  1.522180000000000E-002 -0.429337122537116     
  1.620450000000000E-002 -0.429154057391713     
  1.718740000000000E-002 -0.429037809060991     
  1.817030000000000E-002 -0.428856694785877     
  1.915340000000000E-002 -0.428683329148519     
  2.013670000000000E-002 -0.428543375128097     
  2.112010000000000E-002 -0.428373758908161     
  2.210370000000000E-002 -0.428210280414637     
  2.308750000000000E-002 -0.428081337932829     
  2.407140000000000E-002 -0.427923114802709     
  2.505550000000000E-002 -0.427769757442943     
  2.603980000000000E-002 -0.427617759095725     
  2.702430000000000E-002 -0.427438900853999     
  2.800910000000000E-002 -0.427326969937045     
  2.899400000000000E-002 -0.427155450720939     
  2.997920000000000E-002 -0.427049303974136     
  3.096450000000000E-002 -0.426849134349870     
  3.195020000000000E-002 -0.426721841442470     
  3.293610000000000E-002 -0.426593430128251     
  3.392220000000000E-002 -0.426435886995095     
  3.490860000000000E-002 -0.426284776678405     
  3.589530000000000E-002 -0.426166667016139     
  3.688220000000000E-002 -0.425988803203590     
  3.786950000000000E-002 -0.425880888816854     
  3.885700000000000E-002 -0.425740936413625     
  3.984480000000000E-002 -0.425603041792201     
  4.083290000000000E-002 -0.425438569645630     
  4.182140000000000E-002 -0.425310399047915     
  4.281020000000000E-002 -0.425184962021931     
  4.379930000000000E-002 -0.425063734782562     
  4.478870000000000E-002 -0.424911990447433     
  4.577850000000000E-002 -0.424764855301780     
  4.676870000000000E-002 -0.424651122689007     
  4.775920000000000E-002 -0.424508754876060     
  4.875010000000000E-002 -0.424373240065675     
  4.974140000000000E-002 -0.424270303319561     
  5.073300000000000E-002 -0.424106297231393     
  5.172510000000000E-002 -0.423980968199445     
  5.271760000000000E-002 -0.423889141428511     
  5.371040000000000E-002 -0.423736808567483     
  5.470370000000000E-002 -0.423618694658233     
  5.569740000000000E-002 -0.423472568067544     
  5.669160000000000E-002 -0.423363864194813     
  5.768620000000000E-002 -0.423255510401696     
  5.868120000000000E-002 -0.423118111506065     
  5.967670000000000E-002 -0.422986661730911     
  6.067270000000000E-002 -0.422889142356521     
  6.166910000000000E-002 -0.422761388066752     
  6.266600000000000E-002 -0.422608447099257     
  6.366350000000000E-002 -0.422522278011125     
  6.466139999999999E-002 -0.422407311361387     
  6.565980000000000E-002 -0.422294473035703     
  6.665870000000000E-002 -0.422153031872058     
  6.765820000000000E-002 -0.422047724927944     
  6.865820000000000E-002 -0.421944313372129     
  6.965870000000000E-002 -0.421814029749496     
  7.065979999999999E-002 -0.421718167048833     
  7.166140000000000E-002 -0.421593763688278     
  7.266359999999999E-002 -0.421475562199065     
  7.366640000000001E-002 -0.421388086674816     
  7.466970000000001E-002 -0.421244286127732     
  7.567370000000000E-002 -0.421165489176711     
  7.667820000000000E-002 -0.421027803381625     
  7.768340000000000E-002 -0.420954237945790     
  7.868910000000000E-002 -0.420821967928372     
  7.969550000000000E-002 -0.420726737835635     
  8.070250000000000E-002 -0.420632435294436     
  8.171009999999999E-002 -0.420510538815801     
  8.271840000000000E-002 -0.420392638695061     
  8.372739999999999E-002 -0.420307118105823     
  8.473700000000001E-002 -0.420196394213835     
  8.574730000000000E-002 -0.420119863868669     
  8.675819999999999E-002 -0.419985510618402     
  8.776990000000000E-002 -0.419913368228559     
  8.878220000000001E-002 -0.419782622011371     
  8.979529999999999E-002 -0.419688534987958     
  9.080910000000000E-002 -0.419598093900863     
  9.182360000000001E-002 -0.419511252335056     
  9.283880000000000E-002 -0.419424991287242     
  9.385470000000000E-002 -0.419284611582275     
  9.487150000000000E-002 -0.419236370452401     
  9.588890000000000E-002 -0.419101171740411     
  9.690720000000000E-002 -0.419030593857074     
  9.792620000000000E-002 -0.418930184218149     
  9.894600000000001E-002 -0.418835635503365     
  9.996660000000000E-002 -0.418749429244210     
  0.100988000000000      -0.418720760556333     
  0.102010000000000      -0.418570831283763     
  0.103033000000000      -0.418424143334405     
  0.104057000000000      -0.418292760001408     
  0.105082000000000      -0.418443107752263     
  0.106107000000000      -0.418018596221866     
  0.107134000000000      -0.418198728644344     
  0.108161000000000      -0.418068042517114     
  0.109189000000000      -0.417949401546593     
  0.110218000000000      -0.417828199078471     
  0.111248000000000      -0.417725971550308     
  0.112279000000000      -0.417901400701380     
  0.113310000000000      -0.417488606225579     
  0.114343000000000      -0.417396194730028     
  0.115377000000000      -0.417571730888114     
  0.116411000000000      -0.417190589898712     
  0.117447000000000      -0.417405418038907     
  0.118483000000000      -0.417296981061533     
  0.119520000000000      -0.416927764469200     
  0.120559000000000      -0.417138554247435     
  0.121598000000000      -0.417038856195280     
  0.122638000000000      -0.416683748112129     
  0.123680000000000      -0.416905683099649     
  0.124722000000000      -0.416817823735289     
  0.125765000000000      -0.416474509535107     
  0.126810000000000      -0.416690617274655     
  0.127855000000000      -0.416344626677106     
  0.128902000000000      -0.416578292543719     
  0.129949000000000      -0.416245867550939     
  0.130998000000000      -0.416486322380668     
  0.132047000000000      -0.416142539693114     
  0.133098000000000      -0.416102560181483     
  0.134150000000000      -0.416057373893343     
  0.135203000000000      -0.416023764252911     
  0.136257000000000      -0.415980791236742     
  0.137312000000000      -0.415673146857485     
  0.138369000000000      -0.415924278815432     
  0.139426000000000      -0.415609377433124     
  0.140485000000000      -0.415596399309700     
  0.141545000000000      -0.415581962917367     
  0.142606000000000      -0.415580021626970     
  0.143668000000000      -0.415566969390253     
  0.144731000000000      -0.415275941097071     
  0.145796000000000      -0.415271987585457     
  0.146862000000000      -0.415271363545139     
  0.147929000000000      -0.415272001725641     
  0.148997000000000      -0.415014387290491     
  0.150067000000000      -0.415289280302699     
  0.151137000000000      -0.414745834468121     
  0.152210000000000      -0.415038368789783     
  0.153283000000000      -0.414771139197369     
  0.154358000000000      -0.414811115899106     
  0.155434000000000      -0.414850371533705     
  0.156511000000000      -0.414885632459964     
  0.157589000000000      -0.414634347813630     
  0.158669000000000      -0.414402931278815     
  0.159751000000000      -0.414709317582288     
  0.160833000000000      -0.414463768994313     
  0.161917000000000      -0.414238362554022     
  0.163003000000000      -0.414286205176785     
  0.164090000000000      -0.414350132343041     
  0.165178000000000      -0.414418266836006     
  0.166267000000000      -0.414204279943408     
  0.167358000000000      -0.413992970671563     
  0.168451000000000      -0.414056778883574     
  0.169545000000000      -0.414123394987409     
  0.170640000000000      -0.413939576831254     
  0.171737000000000      -0.414018868161796     
  0.172835000000000      -0.413832792007970     
  0.173935000000000      -0.413917251974994     
  0.175036000000000      -0.413739526360508     
  0.176139000000000      -0.413829900050635     
  0.177243000000000      -0.413643724455466     
  0.178349000000000      -0.413472447033371     
  0.179457000000000      -0.413574670213782     
  0.180566000000000      -0.413667987856299     
  0.181676000000000      -0.413262615311915     
  0.182789000000000      -0.413631187450888     
  0.183902000000000      -0.413212636302873     
  0.185018000000000      -0.413345712135947     
  0.186135000000000      -0.413454840195680     
  0.187253000000000      -0.413076638311729     
  0.188374000000000      -0.413466311882273     
  0.189495000000000      -0.413075510337225     
  0.190619000000000      -0.413216199201100     
  0.191744000000000      -0.413080610180501     
  0.192871000000000      -0.412965618261853     
  0.194000000000000      -0.413094794410070     
  0.195130000000000      -0.412736153166888     
  0.196263000000000      -0.413145827753230     
  0.197396000000000      -0.412790251055007     
  0.198532000000000      -0.412946023652443     
  0.199669000000000      -0.412585264084003     
  0.200809000000000      -0.412759897718499     
  0.201950000000000      -0.412922920638933     
  0.203092000000000      -0.412587573611174     
  0.204237000000000      -0.412512050829938     
  0.205384000000000      -0.412686041281801     
  0.206532000000000      -0.412621799273006     
  0.207682000000000      -0.412561973959253     
  0.208834000000000      -0.412493762079325     
  0.209988000000000      -0.412425392651556     
  0.211144000000000      -0.412361909194398     
  0.212302000000000      -0.412316742188972     
  0.213462000000000      -0.412520215737513     
  0.214623000000000      -0.412241349034887     
  0.215787000000000      -0.412449483993346     
  0.216952000000000      -0.412154101663697     
  0.218120000000000      -0.412128129681603     
  0.219290000000000      -0.412339285759157     
  0.220461000000000      -0.412083830407974     
  0.221635000000000      -0.412315342458897     
  0.222810000000000      -0.412047709352618     
  0.223988000000000      -0.412032475374786     
  0.225168000000000      -0.412013689940524     
  0.226350000000000      -0.412011121815055     
  0.227534000000000      -0.412018385495790     
  0.228720000000000      -0.412019856300298     
  0.229908000000000      -0.411790388972646     
  0.231099000000000      -0.412039891429148     
  0.232291000000000      -0.411813059078348     
  0.233486000000000      -0.411838800645193     
  0.234683000000000      -0.411864431043308     
  0.235882000000000      -0.411892433360827     
  0.237083000000000      -0.411682558316216     
  0.238287000000000      -0.411714986467078     
  0.239493000000000      -0.411757418846823     
  0.240701000000000      -0.411806014143730     
  0.241911000000000      -0.411621654809596     
  0.243124000000000      -0.411676333342008     
  0.244339000000000      -0.411726871358326     
  0.245556000000000      -0.411552885944540     
  0.246776000000000      -0.411605220299444     
  0.247998000000000      -0.411426601965585     
  0.249223000000000      -0.411497655821879     
  0.250450000000000      -0.411571589814813     
  0.251679000000000      -0.411429576739989     
  0.252911000000000      -0.411527930265010     
  0.254145000000000      -0.411624653935747     
  0.255381000000000      -0.411490888610193     
  0.256620000000000      -0.411352959011279     
  0.257862000000000      -0.411436631760488     
  0.259106000000000      -0.411307301559203     
  0.260353000000000      -0.411414674804262     
  0.261602000000000      -0.411304038544612     
  0.262854000000000      -0.411426243310044     
  0.264108000000000      -0.411316779281959     
  0.265365000000000      -0.411215188789814     
  0.266625000000000      -0.411338222428056     
  0.267887000000000      -0.411253778187524     
  0.269152000000000      -0.411390947714864     
  0.270419000000000      -0.411080664114941     
  0.271690000000000      -0.411227261145650     
  0.272963000000000      -0.411370733603832     
  0.274238000000000      -0.411089909821089     
  0.275517000000000      -0.411246288771377     
  0.276798000000000      -0.411178666374933     
  0.278082000000000      -0.411121396615304     
  0.279369000000000      -0.411068991095389     
  0.280659000000000      -0.411235611875391     
  0.281951000000000      -0.410979043265565     
  0.283247000000000      -0.411164741989949     
  0.284545000000000      -0.411135731133601     
  0.285846000000000      -0.411118586423214     
  0.287150000000000      -0.411096758225682     
  0.288457000000000      -0.411076653968619     
  0.289767000000000      -0.411061063406459     
  0.291080000000000      -0.411051444556869     
  0.292396000000000      -0.411048454203859     
  0.293715000000000      -0.411052344256200     
  0.295037000000000      -0.411063010163188     
  0.296362000000000      -0.411069253148415     
  0.297690000000000      -0.410871060959196     
  0.299022000000000      -0.411094855992806     
  0.300356000000000      -0.410916312652025     
  0.301694000000000      -0.411166627384998     
  0.303034000000000      -0.410986249717084     
  0.304378000000000      -0.410813649167382     
  0.305726000000000      -0.411049959166586     
  0.307076000000000      -0.410888955123706     
  0.308430000000000      -0.410949835948869     
  0.309787000000000      -0.411006184077898     
  0.311147000000000      -0.410876216995629     
  0.312511000000000      -0.411150148201304     
  0.313877000000000      -0.410808811745349     
  0.315248000000000      -0.410881192648742     
  0.316622000000000      -0.410960421031427     
  0.317999000000000      -0.411061462926580     
  0.319379000000000      -0.410956719530494     
  0.320763000000000      -0.410847090620186     
  0.322151000000000      -0.410943055105249     
  0.323542000000000      -0.411044579500879     
  0.324936000000000      -0.410762891406105     
  0.326335000000000      -0.411071623824873     
  0.327736000000000      -0.410788660771570     
  0.329142000000000      -0.410921508846894     
  0.330551000000000      -0.411046805151375     
  0.331963000000000      -0.410790962712402     
  0.333380000000000      -0.410924083535199     
  0.334800000000000      -0.410870242307142     
  0.336224000000000      -0.411023248388805     
  0.337651000000000      -0.410788638363833     
  0.339083000000000      -0.410945470175615     
  0.340518000000000      -0.410913356142895     
  0.341957000000000      -0.410902983742584     
  0.343400000000000      -0.411083221880242     
  0.344846000000000      -0.410879656677098     
  0.346297000000000      -0.410871027966938     
  0.347752000000000      -0.411051690128809     
  0.349210000000000      -0.410864756185827     
  0.350673000000000      -0.410876056456030     
  0.352140000000000      -0.411078215233303     
  0.353610000000000      -0.410916824470876     
  0.355085000000000      -0.410943287614148     
  0.356564000000000      -0.410959905647574     
  0.358047000000000      -0.410803919021368     
  0.359535000000000      -0.411027191104472     
  0.361026000000000      -0.410889824688872     
  0.362522000000000      -0.410949686109115     
  0.364022000000000      -0.411005166030428     
  0.365526000000000      -0.410885058776712     
  0.367035000000000      -0.410954082318786     
  0.368548000000000      -0.411028834282212     
  0.370065000000000      -0.410933146187227     
  0.371587000000000      -0.411018224661246     
  0.373113000000000      -0.410925752492084     
  0.374644000000000      -0.411021265671508     
  0.376179000000000      -0.410945162275098     
  0.377719000000000      -0.411058078315764     
  0.379263000000000      -0.411000170841623     
  0.380812000000000      -0.411122372421072     
  0.382365000000000      -0.410895164196348     
  0.383924000000000      -0.411202886831942     
  0.385486000000000      -0.410979267358364     
  0.387054000000000      -0.410940872097054     
  0.388627000000000      -0.411078844436731     
  0.390204000000000      -0.411062520761941     
  0.391786000000000      -0.411052618632289     
  0.393373000000000      -0.411040074421444     
  0.394965000000000      -0.411040759776407     
  0.396562000000000      -0.411224660915732     
  0.398163000000000      -0.411068724702410     
  0.399770000000000      -0.411082504327474     
  0.401382000000000      -0.411095757036945     
  0.402999000000000      -0.411125495831760     
  0.404621000000000      -0.411159309898252     
  0.406248000000000      -0.411022584771009     
  0.407881000000000      -0.411058155587558     
  0.409519000000000      -0.411108481906528     
  0.411162000000000      -0.411182227721028     
  0.412810000000000      -0.411256865002721     
  0.414463000000000      -0.410996985912344     
  0.416123000000000      -0.411234535655759     
  0.417787000000000      -0.411155722572354     
  0.419457000000000      -0.411259184989633     
  0.421132000000000      -0.411190769353409     
  0.422813000000000      -0.411125840542160     
  0.424500000000000      -0.411227824467287     
  0.426192000000000      -0.411177164515934     
  0.427890000000000      -0.411138415372377     
  0.429594000000000      -0.411269685620767     
  0.431303000000000      -0.411251765869865     
  0.433018000000000      -0.411237641559844     
  0.434739000000000      -0.411219974475352     
  0.436466000000000      -0.411207849975073     
  0.438199000000000      -0.411212559104970     
  0.439938000000000      -0.411389271100555     
  0.441682000000000      -0.411256724429268     
  0.443433000000000      -0.411281441073373     
  0.445190000000000      -0.411299947271088     
  0.446953000000000      -0.411176953751730     
  0.448723000000000      -0.411375023546957     
  0.450498000000000      -0.411266759343245     
  0.452280000000000      -0.411169889465418     
  0.454069000000000      -0.411385272017197     
  0.455863000000000      -0.411306706979816     
  0.457664000000000      -0.411235924614988     
  0.459472000000000      -0.411320338497822     
  0.461286000000000      -0.411414990074602     
  0.463106000000000      -0.411214669315515     
  0.464934000000000      -0.411320922520475     
  0.466768000000000      -0.411434036924956     
  0.468608000000000      -0.411264418083402     
  0.470456000000000      -0.411394871430966     
  0.472310000000000      -0.411374692752024     
  0.474171000000000      -0.411216612929560     
  0.476040000000000      -0.411359288864648     
  0.477915000000000      -0.411372998047194     
  0.479797000000000      -0.411399385036750     
  0.481686000000000      -0.411282280258368     
  0.483583000000000      -0.411461752468541     
  0.485486000000000      -0.411354533951363     
  0.487397000000000      -0.411257540235820     
  0.489316000000000      -0.411445823871165     
  0.491241000000000      -0.411222722827870     
  0.493175000000000      -0.411443374782191     
  0.495115000000000      -0.411382052544337     
  0.497063000000000      -0.411328119111390     
  0.499019000000000      -0.411271507425740     
  0.500983000000000      -0.411368290450657     
  0.502954000000000      -0.411339525257579     
  0.504933000000000      -0.411319582946949     
  0.506920000000000      -0.411302178708632     
  0.508915000000000      -0.411300210958685     
  0.510918000000000      -0.411449006373335     
  0.512928000000000      -0.411324404637101     
  0.514947000000000      -0.411202136718238     
  0.516975000000000      -0.411354414979908     
  0.519010000000000      -0.411253097133631     
  0.521054000000000      -0.411305680374784     
  0.523106000000000      -0.411356363170686     
  0.525166000000000      -0.411148617398700     
  0.527236000000000      -0.411344374718799     
  0.529313000000000      -0.411148933183897     
  0.531400000000000      -0.411241890657350     
  0.533495000000000      -0.411339554901196     
  0.535598000000000      -0.411183814282469     
  0.537711000000000      -0.411163132827560     
  0.539833000000000      -0.411277489670862     
  0.541963000000000      -0.411145736586350     
  0.544103000000000      -0.411151768998519     
  0.546252000000000      -0.411157932168942     
  0.548410000000000      -0.411047366079765     
  0.550578000000000      -0.411077436616850     
  0.552755000000000      -0.411119598445767     
  0.554941000000000      -0.411051039922892     
  0.557137000000000      -0.411110305314040     
  0.559342000000000      -0.410920019486227     
  0.561558000000000      -0.410992392334407     
  0.563783000000000      -0.410955397609087     
  0.566018000000000      -0.411060932167157     
  0.568262000000000      -0.410921165843798     
  0.570517000000000      -0.410904568360285     
  0.572782000000000      -0.410771060183206     
  0.575058000000000      -0.410899963132593     
  0.577343000000000      -0.410799620396626     
  0.579639000000000      -0.410833803279043     
  0.581945000000000      -0.410746242082194     
  0.584262000000000      -0.410669765992544     
  0.586590000000000      -0.410716266048010     
  0.588928000000000      -0.410536901307325     
  0.591278000000000      -0.410612024337996     
  0.593638000000000      -0.410579448877308     
  0.596009000000000      -0.410558713727629     
  0.598391000000000      -0.410423161379917     
  0.600785000000000      -0.410415703579386     
  0.603190000000000      -0.410418681160179     
  0.605606000000000      -0.410323485924052     
  0.608034000000000      -0.410354300182924     
  0.610473000000000      -0.410274959487492     
  0.612924000000000      -0.410205130378372     
  0.615387000000000      -0.410142378298444     
  0.617862000000000      -0.410092198955031     
  0.620349000000000      -0.410056254056359     
  0.622848000000000      -0.410029624485778     
  0.625359000000000      -0.409901096171250     
  0.627883000000000      -0.409893124415837     
  0.630419000000000      -0.409785793811639     
  0.632968000000000      -0.409799097468258     
  0.635529000000000      -0.409602095932753     
  0.638104000000000      -0.409640899044993     
  0.640691000000000      -0.409574735416862     
  0.643291000000000      -0.409420666594061     
  0.645905000000000      -0.409492637946169     
  0.648531000000000      -0.409353839003017     
  0.651171000000000      -0.409230742117882     
  0.653825000000000      -0.409214723130486     
  0.656492000000000      -0.408999417461434     
  0.659174000000000      -0.409015779394552     
  0.661869000000000      -0.408937962396319     
  0.664578000000000      -0.408873542381570     
  0.667301000000000      -0.408713819201525     
  0.670039000000000      -0.408674944478265     
  0.672791000000000      -0.408645607140221     
  0.675557000000000      -0.408518651977392     
  0.678338000000000      -0.408302021097293     
  0.681135000000000      -0.408304356258216     
  0.683946000000000      -0.408212939552912     
  0.686772000000000      -0.408038567859978     
  0.689614000000000      -0.407979850233896     
  0.692471000000000      -0.407925214001171     
  0.695343000000000      -0.407686666209619     
  0.698232000000000      -0.407663191630524     
  0.701136000000000      -0.407544697628928     
  0.704056000000000      -0.407350477303907     
  0.706993000000000      -0.407358394254292     
  0.709945000000000      -0.407082797499771     
  0.712915000000000      -0.407023638139440     
  0.715901000000000      -0.406880346643924     
  0.718904000000000      -0.406846616732246     
  0.721923000000000      -0.406624100666634     
  0.724960000000000      -0.406420361040095     
  0.728015000000000      -0.406329261929062     
  0.731087000000000      -0.406245911577881     
  0.734176000000000      -0.405992980463545     
  0.737284000000000      -0.405941508707405     
  0.740409000000000      -0.405711920987718     
  0.743553000000000      -0.405593439391891     
  0.746715000000000      -0.405397212325461     
  0.749896000000000      -0.405305102430016     
  0.753095000000000      -0.405046432345127     
  0.756314000000000      -0.404985705984953     
  0.759551000000000      -0.404746768577898     
  0.762808000000000      -0.404532557552635     
  0.766085000000000      -0.404417014859772     
  0.769381000000000      -0.404142310194312     
  0.772698000000000      -0.404063154836470     
  0.776034000000000      -0.403811538379884     
  0.779391000000000      -0.403586883748809     
  0.782769000000000      -0.403464694413686     
  0.786167000000000      -0.403260696293191     
  0.789586000000000      -0.402989469523879     
  0.793027000000000      -0.402821050505345     
  0.796489000000000      -0.402578668316907     
  0.799973000000000      -0.402356672428067     
  0.803479000000000      -0.402146971105887     
  0.807007000000000      -0.401873662303148     
  0.810558000000000      -0.401704468011657     
  0.814131000000000      -0.401463083207641     
  0.817727000000000      -0.401235077997979     
  0.821346000000000      -0.400944251851493     
  0.824989000000000      -0.400754675449798     
  0.828655000000000      -0.400488133095476     
  0.832345000000000      -0.400163975158515     
  0.836060000000000      -0.399943805596276     
  0.839799000000000      -0.399663175409023     
  0.843563000000000      -0.399473720240376     
  0.847351000000000      -0.399130094511853     
  0.851165000000000      -0.398814206154020     
  0.855005000000000      -0.398529370524153     
  0.858871000000000      -0.398334331377424     
  0.862762000000000      -0.397988253330252     
  0.866680000000000      -0.397667915469884     
  0.870625000000000      -0.397370142055209     
  0.874597000000000      -0.397085500517226     
  0.878596000000000      -0.396734665420523     
  0.882623000000000      -0.396345232022123     
  0.886679000000000      -0.396130808317249     
  0.890762000000000      -0.395770541544747     
  0.894874000000000      -0.395434628881468     
  0.899015000000000      -0.395112798344669     
  0.903185000000000      -0.394728483350504     
  0.907385000000000      -0.394310625222463     
  0.911616000000000      -0.394062278315640     
  0.915876000000000      -0.393665211180441     
  0.920167000000000      -0.393229211417150     
  0.924490000000000      -0.392901646451477     
  0.928844000000000      -0.392576192890384     
  0.933229000000000      -0.392117317694739     
  0.937647000000000      -0.391693795839874     
  0.942098000000000      -0.391302117328329     
  0.946582000000000      -0.390927839406460     
  0.951099000000000      -0.390499861670268     
  0.955650000000000      -0.390089555196420     
  0.960235000000000      -0.389625962840414     
  0.964855000000000      -0.389138647517106     
  0.969511000000000      -0.388804560042607     
  0.974201000000000      -0.388269275073188     
  0.978928000000000      -0.387783305386191     
  0.983692000000000      -0.387392082163051     
  0.988492000000000      -0.386928988231823     
  0.993329000000000      -0.386358634288864     
  0.998205000000000      -0.385863350919399     
   1.00312000000000      -0.385610929229474     
   1.00807000000000      -0.384929337071447     
   1.01306000000000      -0.383811336580194     
   1.01810000000000      -0.384100948450455     
   1.02317000000000      -0.383533949981840     
   1.02828000000000      -0.382467279579391     
   1.03344000000000      -0.382675265726561     
   1.03863000000000      -0.381477477415131     
   1.04387000000000      -0.380593100091788     
   1.04916000000000      -0.380945331806247     
   1.05448000000000      -0.379842037160330     
   1.05985000000000      -0.378939257901987     
   1.06527000000000      -0.378733021988183     
   1.07073000000000      -0.377930579765813     
   1.07624000000000      -0.377714137764970     
   1.08179000000000      -0.376807481779148     
   1.08739000000000      -0.375992489821623     
   1.09304000000000      -0.375334587423667     
   1.09874000000000      -0.375130588741425     
   1.10448000000000      -0.373701244910430     
   1.11028000000000      -0.373083642811152     
   1.11613000000000      -0.372504011469629     
   1.12203000000000      -0.371826908382811     
   1.12798000000000      -0.370678431212894     
   1.13399000000000      -0.370266636949351     
   1.14005000000000      -0.369732419887946     
   1.14616000000000      -0.368637350927757     
   1.15233000000000      -0.368116386421485     
   1.15855000000000      -0.366970553066682     
   1.16483000000000      -0.365931254435459     
   1.17117000000000      -0.365031667333053     
   1.17757000000000      -0.364267535515768     
   1.18403000000000      -0.363862635030488     
   1.19054000000000      -0.362285325960456     
   1.19712000000000      -0.361393524633973     
   1.20376000000000      -0.360180257962549     
   1.21047000000000      -0.359890844100845     
   1.21723000000000      -0.358009428870233     
   1.22407000000000      -0.357458719783228     
   1.23097000000000      -0.356676474432809     
   1.23793000000000      -0.354923528256068     
   1.24497000000000      -0.354356128730080     
   1.25207000000000      -0.353086175188973     
   1.25924000000000      -0.351500327516847     
   1.26649000000000      -0.350924997958897     
   1.27380000000000      -0.349169267961437     
   1.28119000000000      -0.347676420507257     
   1.28866000000000      -0.346765621163480     
   1.29620000000000      -0.345297422217963     
   1.30382000000000      -0.343974678189039     
   1.31152000000000      -0.342996633991414     
   1.31929000000000      -0.341011426552444     
   1.32715000000000      -0.339707136633086     
   1.33509000000000      -0.338318702559762     
   1.34311000000000      -0.336446003438326     
   1.35122000000000      -0.334831695902161     
   1.35942000000000      -0.333664093123865     
   1.36770000000000      -0.331823555691946     
   1.37607000000000      -0.329766833347015     
   1.38454000000000      -0.328627481101448     
   1.39309000000000      -0.326403399373926     
   1.40174000000000      -0.324415327160705     
   1.41049000000000      -0.322864602121132     
   1.41933000000000      -0.320537635863619     
   1.42828000000000      -0.319154397419565     
   1.43732000000000      -0.317004408228957     
   1.44646000000000      -0.314276499454183     
   1.45572000000000      -0.312911387962047     
   1.46507000000000      -0.310199038191521     
   1.47454000000000      -0.308349176308179     
   1.48411000000000      -0.305651105871156     
   1.49380000000000      -0.303444769622184     
   1.50360000000000      -0.300842847672720     
   1.51352000000000      -0.298370855019091     
   1.52356000000000      -0.295977614493661     
   1.53372000000000      -0.293540313261357     
   1.54400000000000      -0.290895042465121     
   1.55440000000000      -0.287633203602786     
   1.56494000000000      -0.285250664878150     
   1.57560000000000      -0.282061928376949     
   1.58640000000000      -0.279297604084955     
   1.59733000000000      -0.276084829629641     
   1.60840000000000      -0.272783164769062     
   1.61962000000000      -0.270202464320998     
   1.63097000000000      -0.266659900805974     
   1.64247000000000      -0.263184372806205     
   1.65412000000000      -0.259585897548385     
   1.66593000000000      -0.256463526199472     
   1.67789000000000      -0.253052372034249     
   1.69000000000000      -0.248900715433788     
   1.70228000000000      -0.245074993999248     
   1.71473000000000      -0.241573242571143     
   1.72734000000000      -0.237476586574558     
   1.74012000000000      -0.232962055962020     
   1.75309000000000      -0.229262664117550     
   1.76623000000000      -0.224979007737272     
   1.77955000000000      -0.220321840044401     
   1.79306000000000      -0.215581701011558     
   1.80677000000000      -0.211228026248410     
   1.82067000000000      -0.206444658373226     
   1.83477000000000      -0.201552605851576     
   1.84907000000000      -0.196184109376495     
   1.86359000000000      -0.191347869472565     
   1.87831000000000      -0.185543936272914     
   1.89326000000000      -0.180145164502523     
   1.90843000000000      -0.174358183775256     
   1.92383000000000      -0.168372146555681     
   1.93947000000000      -0.162548517726581     
   1.95534000000000      -0.156029527745274     
   1.97146000000000      -0.149522726990953     
   1.98783000000000      -0.142708780209149     
   2.00446000000000      -0.135801257753465     
   2.02135000000000      -0.128409626333532     
   2.03852000000000      -0.121261282148985     
   2.05596000000000      -0.113626616167874     
   2.07368000000000      -0.105639576813731     
   2.09169000000000      -9.731377866035378E-002
   2.11001000000000      -8.927221471440240E-002
   2.12863000000000      -8.081024201944188E-002
   2.14756000000000      -7.200038489028013E-002
   2.16682000000000      -6.342308369933661E-002
   2.18640000000000      -5.427264167153356E-002
   2.20633000000000      -4.550045060639385E-002
   2.22660000000000      -3.636773335795945E-002
   2.24723000000000      -2.732361102585877E-002
   2.26823000000000      -1.839333636773714E-002
   2.28961000000000      -9.685180571223456E-003
   2.31137000000000      -8.866971705317104E-004
   2.33353000000000       7.681166550584267E-003
   2.35611000000000       1.564318543975112E-002
   2.37910000000000       2.365931300462043E-002
   2.40253000000000       3.106157662182624E-002
   2.42640000000000       3.826392153376224E-002
   2.45074000000000       4.466855608366906E-002
   2.47554000000000       5.096934965205728E-002
   2.50084000000000       5.636381575682937E-002
   2.52663000000000       6.153471275145569E-002
   2.55294000000000       6.608979818578531E-002
   2.57979000000000       6.995258126580350E-002
   2.60718000000000       7.352640225050677E-002
   2.63514000000000       7.654353294289534E-002
   2.66369000000000       7.901980989241797E-002
   2.69284000000000       8.116022058061363E-002
   2.72261000000000       8.299554700730280E-002
   2.75303000000000       8.439042018067286E-002
   2.78411000000000       8.561326209284570E-002
   2.81588000000000       8.655403573022619E-002
   2.84836000000000       8.731231577665349E-002
   2.88157000000000       8.800476674165891E-002
   2.91555000000000       8.842846096671655E-002
   2.95031000000000       8.886030388907924E-002
   2.98588000000000       8.927827877599982E-002
   3.02230000000000       8.957926211586285E-002
   3.05960000000000       8.979093506780964E-002
   3.09780000000000       9.006268642101187E-002
   3.13694000000000       9.031892200128538E-002
   3.17706000000000       9.052381708245262E-002
   3.21819000000000       9.077651311380301E-002
   3.26038000000000       9.095496997096339E-002
   3.30366000000000       9.118546093186095E-002
   3.34808000000000       9.138869155526766E-002
   3.39368000000000       9.162379223206205E-002
   3.44051000000000       9.188128899943965E-002
   3.48863000000000       9.208494410479379E-002
   3.53808000000000       9.235965497649685E-002
   3.58893000000000       9.259018232585160E-002
   3.64123000000000       9.286394728988674E-002
   3.69505000000000       9.312434365154217E-002
   3.75045000000000       9.342957269999162E-002
   3.80751000000000       9.371995058624351E-002
   3.86630000000000       9.403689200641369E-002
   3.92690000000000       9.438249825398254E-002
   3.98940000000000       9.473637274678216E-002
   4.05389000000000       9.511281991357882E-002
   4.12047000000000       9.549852658838262E-002
   4.18924000000000       9.591253463906371E-002
   4.26031000000000       9.635668390182761E-002
   4.33380000000000       9.682147709937458E-002
   4.40983000000000       9.733599484661024E-002
   4.48854000000000       9.788522476810502E-002
   4.57008000000000       9.845352597983183E-002
   4.65459000000000       9.910658263452009E-002
   4.74226000000000       9.976638151042654E-002
   4.83325000000000       0.100508796147664     
   4.92776000000000       0.101315240091974     
   5.02600000000000       0.102196360102797     
   5.12820000000000       0.103150277391223     
   5.23459000000000       0.104231409636379     
   5.34546000000000       0.105394269465938     
   5.46108000000000       0.106702455370338     
   5.58176000000000       0.108183943228835     
   5.70786000000000       0.109834455380414     
   5.83974000000000       0.111719325889637     
   5.97780000000000       0.113902537822516     
   6.12251000000000       0.116420505508167     
   6.27435000000000       0.119390292059922     
   6.43385000000000       0.122966072878166     
   6.60163000000000       0.127329867723167     
   6.77834000000000       0.132829699163899     
   6.96471000000000       0.140032046506772     
   7.16156000000000       0.149989584464828     
   7.36981000000000       0.164924214049685     
   7.59047000000000       0.189070467108009     
