   1.57079637050629      -5.651617496180554E-002
   4.71238911151886      -1.135587973090278E-002
   7.85398185253143      -4.375897908333332E-003
   10.9955745935440      -2.278303767013888E-003
   14.1371673345566      -1.389830580555555E-003
   17.2787600755692      -9.342111583333328E-004
   20.4203528165817      -6.705260732638886E-004
   23.5619455575943      -5.044504576388887E-004
 &&
   1.57079637050629      -0.526937476693750     
   4.71238911151886      -0.205926290720139     
   7.85398185253143      -0.125886106916319     
   10.9955745935440      -9.041329475104164E-002
   14.1371673345566      -7.048406285208329E-002
   17.2787600755692      -5.773579477395830E-002
   20.4203528165817      -4.888692807777775E-002
   23.5619455575943      -4.238606210694443E-002
