   -7.82469000   0.100000000E-06      0.24141500
   -7.59047000   0.100000000E-06      0.22723600
   -7.36981000   0.100000000E-06      0.21427300
   -7.16156000   0.100000000E-06      0.20238900
   -6.96471000   0.100000000E-06      0.19146900
   -6.77834000   0.100000000E-06      0.18141100
   -6.60163000   0.100000000E-06      0.17212600
   -6.43385000   0.100000000E-06      0.16353800
   -6.27435000   0.100000000E-06      0.15557700
   -6.12251000   0.100000000E-06      0.14818600
   -5.97780000   0.100000000E-06      0.14130900
   -5.83974000   0.100000000E-06      0.13490200
   -5.70786000   0.100000000E-06      0.12892200
   -5.58176000   0.100000000E-06      0.12333100
   -5.46108000   0.100000000E-06      0.11809800
   -5.34546000   0.100000000E-06      0.11319100
   -5.23459000   0.100000000E-06      0.10858500
   -5.12820000   0.100000000E-06      0.10425500
   -5.02600000   0.100000000E-06      0.10018000
   -4.92776000   0.100000000E-06      0.09634000
   -4.83325000   0.100000000E-06      0.09271730
   -4.74226000   0.100000000E-06      0.08929580
   -4.65459000   0.100000000E-06      0.08606090
   -4.57008000   0.100000000E-06      0.08299930
   -4.48854000   0.100000000E-06      0.08009880
   -4.40983000   0.100000000E-06      0.07734830
   -4.33380000   0.100000000E-06      0.07473770
   -4.26031000   0.100000000E-06      0.07225760
   -4.18924000   0.100000000E-06      0.06989940
   -4.12047000   0.100000000E-06      0.06765530
   -4.05389000   0.100000000E-06      0.06551810
   -3.98940000   0.100000000E-06      0.06348110
   -3.92690000   0.100000000E-06      0.06153810
   -3.86630000   0.100000000E-06      0.05968340
   -3.80751000   0.100000000E-06      0.05791170
   -3.75045000   0.100000000E-06      0.05621820
   -3.69505000   0.100000000E-06      0.05459840
   -3.64123000   0.100000000E-06      0.05304790
   -3.58893000   0.100000000E-06      0.05156300
   -3.53808000   0.100000000E-06      0.05013990
   -3.48863000   0.100000000E-06      0.04877530
   -3.44051000   0.100000000E-06      0.04746600
   -3.39368000   0.100000000E-06      0.04620910
   -3.34808000   0.100000000E-06      0.04500180
   -3.30366000   0.127473004E-06      0.04384160
   -3.26038000   0.266230482E-06      0.04272590
   -3.21819000   0.537234804E-06      0.04165270
   -3.17706000   0.104845886E-05      0.04061970
   -3.13694000   0.198143281E-05      0.03962490
   -3.09780000   0.362982758E-05      0.03866650
   -3.05960000   0.645339108E-05      0.03774280
   -3.02230000   0.111482617E-04      0.03685210
   -2.98588000   0.187309467E-04      0.03599280
   -2.95031000   0.306429502E-04      0.03516350
   -2.91555000   0.488723273E-04      0.03436280
   -2.88157000   0.760753067E-04      0.03358930
   -2.84836000   0.115680357E-03      0.03284200
   -2.81588000   0.172047259E-03      0.03211960
   -2.78411000   0.250516741E-03      0.03142090
   -2.75303000   0.357483719E-03      0.03074510
   -2.72261000   0.500458272E-03      0.03009110
   -2.69284000   0.687913098E-03      0.02945790
   -2.66369000   0.929388573E-03      0.02884470
   -2.63514000   0.123520517E-02      0.02825070
   -2.60718000   0.161619231E-02      0.02767510
   -2.57979000   0.208362658E-02      0.02711710
   -2.55294000   0.264914505E-02      0.02657600
   -2.52663000   0.332360158E-02      0.02605110
   -2.50084000   0.411767288E-02      0.02554190
   -2.47554000   0.504159009E-02      0.02504760
   -2.45074000   0.610328739E-02      0.02456770
   -2.42640000   0.731091900E-02      0.02410160
   -2.40253000   0.866915761E-02      0.02364890
   -2.37910000   0.101826803E-01      0.02320900
   -2.35611000   0.118527004E-01      0.02278140
   -2.33353000   0.136802864E-01      0.02236570
   -2.31137000   0.156620378E-01      0.02196150
   -2.28961000   0.177944621E-01      0.02156820
   -2.26823000   0.200726707E-01      0.02118560
   -2.24723000   0.224881455E-01      0.02081330
   -2.22660000   0.250319848E-01      0.02045080
   -2.20633000   0.276935949E-01      0.02009790
   -2.18640000   0.304628430E-01      0.01975420
   -2.16682000   0.333248706E-01      0.01941930
   -2.14756000   0.362690452E-01      0.01909310
   -2.12863000   0.392797461E-01      0.01877520
   -2.11001000   0.423443999E-01      0.01846520
   -2.09169000   0.454493854E-01      0.01816310
   -2.07368000   0.485787932E-01      0.01786840
   -2.05596000   0.517205207E-01      0.01758100
   -2.03852000   0.548618350E-01      0.01730050
   -2.02135000   0.579908273E-01      0.01702690
   -2.00446000   0.610936314E-01      0.01675980
   -1.98783000   0.641603212E-01      0.01649910
   -1.97146000   0.671805244E-01      0.01624460
   -1.95534000   0.701446294E-01      0.01599600
   -1.93947000   0.730438240E-01      0.01575320
   -1.92383000   0.758717228E-01      0.01551600
   -1.90843000   0.786201716E-01      0.01528430
   -1.89326000   0.812837111E-01      0.01505780
   -1.87831000   0.838576490E-01      0.01483640
   -1.86359000   0.863364457E-01      0.01462000
   -1.84907000   0.887193036E-01      0.01440840
   -1.83477000   0.910003593E-01      0.01420150
   -1.82067000   0.931802533E-01      0.01399910
   -1.80677000   0.952563715E-01      0.01380110
   -1.79306000   0.972285139E-01      0.01360730
   -1.77955000   0.990957825E-01      0.01341780
   -1.76623000   0.100859158E+00      0.01323220
   -1.75309000   0.102519166E+00      0.01305060
   -1.74012000   0.104077678E+00      0.01287280
   -1.72734000   0.105535226E+00      0.01269870
   -1.71473000   0.106894095E+00      0.01252820
   -1.70228000   0.108156631E+00      0.01236120
   -1.69000000   0.109324765E+00      0.01219770
   -1.67789000   0.110401365E+00      0.01203740
   -1.66593000   0.111388973E+00      0.01188040
   -1.65412000   0.112290513E+00      0.01172650
   -1.64247000   0.113108956E+00      0.01157570
   -1.63097000   0.113847102E+00      0.01142780
   -1.61962000   0.114508731E+00      0.01128290
   -1.60840000   0.115095739E+00      0.01114070
   -1.59733000   0.115611949E+00      0.01100140
   -1.58640000   0.116060832E+00      0.01086470
   -1.57560000   0.116444538E+00      0.01073060
   -1.56494000   0.116767457E+00      0.01059910
   -1.55440000   0.117030580E+00      0.01047000
   -1.54400000   0.117239028E+00      0.01034340
   -1.53372000   0.117394297E+00      0.01021920
   -1.52356000   0.117499555E+00      0.01009720
   -1.51352000   0.117557232E+00      0.00997750
   -1.50360000   0.117570084E+00      0.00985998
   -1.49380000   0.117541523E+00      0.00974460
   -1.48411000   0.117473148E+00      0.00963131
   -1.47454000   0.117368178E+00      0.00952005
   -1.46507000   0.117227239E+00      0.00941079
   -1.45572000   0.117055247E+00      0.00930347
   -1.44646000   0.116850665E+00      0.00919804
   -1.43732000   0.116619562E+00      0.00909446
   -1.42828000   0.116361340E+00      0.00899269
   -1.41933000   0.116077362E+00      0.00889269
   -1.41049000   0.115772125E+00      0.00879442
   -1.40174000   0.115444561E+00      0.00869783
   -1.39309000   0.115098099E+00      0.00860289
   -1.38454000   0.114734483E+00      0.00850957
   -1.37607000   0.114352537E+00      0.00841781
   -1.36770000   0.113956943E+00      0.00832760
   -1.35942000   0.113547478E+00      0.00823889
   -1.35122000   0.113124380E+00      0.00815166
   -1.34311000   0.112690469E+00      0.00806586
   -1.33509000   0.112247347E+00      0.00798148
   -1.32715000   0.111794143E+00      0.00789847
   -1.31929000   0.111332593E+00      0.00781681
   -1.31152000   0.110865083E+00      0.00773647
   -1.30382000   0.110389825E+00      0.00765742
   -1.29620000   0.109909104E+00      0.00757963
   -1.28866000   0.109424435E+00      0.00750309
   -1.28119000   0.108934566E+00      0.00742775
   -1.27380000   0.108442510E+00      0.00735359
   -1.26649000   0.107948827E+00      0.00728060
   -1.25924000   0.107451017E+00      0.00720875
   -1.25207000   0.106953352E+00      0.00713800
   -1.24497000   0.106454624E+00      0.00706835
   -1.23793000   0.105954081E+00      0.00699977
   -1.23097000   0.105455671E+00      0.00693223
   -1.22407000   0.104956646E+00      0.00686572
   -1.21723000   0.104457306E+00      0.00680021
   -1.21047000   0.103962034E+00      0.00673569
   -1.20376000   0.103465791E+00      0.00667213
   -1.19712000   0.102972901E+00      0.00660952
   -1.19054000   0.102481878E+00      0.00654784
   -1.18403000   0.101994840E+00      0.00648707
   -1.17757000   0.101508795E+00      0.00642718
   -1.17117000   0.101026041E+00      0.00636818
   -1.16483000   0.100546703E+00      0.00631003
   -1.15855000   0.100071342E+00      0.00625272
   -1.15233000   0.996002668E-01      0.00619623
   -1.14616000   0.991318567E-01      0.00614055
   -1.14005000   0.986680939E-01      0.00608567
   -1.13399000   0.982079739E-01      0.00603157
   -1.12798000   0.977513168E-01      0.00597823
   -1.12203000   0.973002661E-01      0.00592564
   -1.11613000   0.968533450E-01      0.00587379
   -1.11028000   0.964107609E-01      0.00582265
   -1.10448000   0.959725073E-01      0.00577223
   -1.09874000   0.955408599E-01      0.00572251
   -1.09304000   0.951124127E-01      0.00567346
   -1.08739000   0.946888199E-01      0.00562509
   -1.08179000   0.942706270E-01      0.00557738
   -1.07624000   0.938577775E-01      0.00553031
   -1.07073000   0.934487329E-01      0.00548388
   -1.06527000   0.930452942E-01      0.00543808
   -1.05985000   0.926460993E-01      0.00539288
   -1.05448000   0.922525510E-01      0.00534829
   -1.04916000   0.918651199E-01      0.00530429
   -1.04387000   0.914804071E-01      0.00526087
   -1.03863000   0.911019970E-01      0.00521803
   -1.03344000   0.907297848E-01      0.00517574
   -1.02828000   0.903605633E-01      0.00513400
   -1.02317000   0.899976941E-01      0.00509281
   -1.01810000   0.896397795E-01      0.00505215
   -1.01306000   0.892850850E-01      0.00501201
   -1.00807000   0.889369299E-01      0.00497239
   -1.00312000   0.885939099E-01      0.00493327
   -0.99820500   0.882552678E-01      0.00489465
   -0.99332900   0.879213673E-01      0.00485652
   -0.98849200   0.875927508E-01      0.00481887
   -0.98369200   0.872686451E-01      0.00478170
   -0.97892800   0.869494198E-01      0.00474499
   -0.97420100   0.866347857E-01      0.00470873
   -0.96951100   0.863250981E-01      0.00467293
   -0.96485500   0.860199109E-01      0.00463756
   -0.96023500   0.857194116E-01      0.00460264
   -0.95565000   0.854236246E-01      0.00456814
   -0.95109900   0.851322623E-01      0.00453406
   -0.94658200   0.848455007E-01      0.00450040
   -0.94209800   0.845632028E-01      0.00446714
   -0.93764700   0.842852365E-01      0.00443429
   -0.93322900   0.840116204E-01      0.00440183
   -0.92884400   0.837425179E-01      0.00436976
   -0.92449000   0.834776337E-01      0.00433807
   -0.92016700   0.832168350E-01      0.00430676
   -0.91587600   0.829604310E-01      0.00427582
   -0.91161600   0.827081347E-01      0.00424525
   -0.90738500   0.824597953E-01      0.00421503
   -0.90318500   0.822157221E-01      0.00418517
   -0.89901500   0.819756295E-01      0.00415565
   -0.89487400   0.817395130E-01      0.00412648
   -0.89076200   0.815072396E-01      0.00409765
   -0.88667900   0.812789508E-01      0.00406914
   -0.88262300   0.810543521E-01      0.00404097
   -0.87859600   0.808336076E-01      0.00401312
   -0.87459700   0.806167053E-01      0.00398558
   -0.87062500   0.804034983E-01      0.00395836
   -0.86668000   0.801938553E-01      0.00393145
   -0.86276200   0.799879084E-01      0.00390484
   -0.85887100   0.797855262E-01      0.00387853
   -0.85500500   0.795865483E-01      0.00385251
   -0.85116500   0.793911177E-01      0.00382678
   -0.84735100   0.791991048E-01      0.00380134
   -0.84356300   0.790106343E-01      0.00377619
   -0.83979900   0.788254165E-01      0.00375131
   -0.83606000   0.786434671E-01      0.00372670
   -0.83234500   0.784647659E-01      0.00370236
   -0.82865500   0.782893279E-01      0.00367829
   -0.82498900   0.781172524E-01      0.00365448
   -0.82134600   0.779480297E-01      0.00363093
   -0.81772700   0.777821602E-01      0.00360764
   -0.81413100   0.776192580E-01      0.00358459
   -0.81055800   0.774593204E-01      0.00356179
   -0.80700700   0.773024415E-01      0.00353924
   -0.80347900   0.771485181E-01      0.00351693
   -0.79997300   0.769974087E-01      0.00349485
   -0.79648900   0.768492255E-01      0.00347301
   -0.79302700   0.767039627E-01      0.00345140
   -0.78958600   0.765614782E-01      0.00343002
   -0.78616700   0.764217885E-01      0.00340886
   -0.78276900   0.762848667E-01      0.00338792
   -0.77939100   0.761504599E-01      0.00336720
   -0.77603400   0.760188108E-01      0.00334670
   -0.77269800   0.758899128E-01      0.00332640
   -0.76938100   0.757633823E-01      0.00330632
   -0.76608500   0.756395917E-01      0.00328644
   -0.76280800   0.755181601E-01      0.00326677
   -0.75955100   0.753993242E-01      0.00324730
   -0.75631400   0.752830773E-01      0.00322803
   -0.75309500   0.751691505E-01      0.00320895
   -0.74989600   0.750576939E-01      0.00319007
   -0.74671500   0.749484415E-01      0.00317137
   -0.74355300   0.748417303E-01      0.00315287
   -0.74040900   0.747372133E-01      0.00313455
   -0.73728400   0.746350156E-01      0.00311641
   -0.73417600   0.745349785E-01      0.00309845
   -0.73108700   0.744373537E-01      0.00308068
   -0.72801500   0.743417758E-01      0.00306307
   -0.72496000   0.742483435E-01      0.00304565
   -0.72192300   0.741571786E-01      0.00302839
   -0.71890400   0.740681736E-01      0.00301130
   -0.71590100   0.739811714E-01      0.00299439
   -0.71291500   0.738962935E-01      0.00297763
   -0.70994500   0.738133093E-01      0.00296104
   -0.70699300   0.737325645E-01      0.00294461
   -0.70405600   0.736535795E-01      0.00292834
   -0.70113600   0.735766986E-01      0.00291222
   -0.69823200   0.735017914E-01      0.00289626
   -0.69534300   0.734286324E-01      0.00288046
   -0.69247100   0.733575615E-01      0.00286480
   -0.68961400   0.732882306E-01      0.00284930
   -0.68677200   0.732207322E-01      0.00283394
   -0.68394600   0.731551839E-01      0.00281872
   -0.68113500   0.730913634E-01      0.00280365
   -0.67833800   0.730292405E-01      0.00278873
   -0.67555700   0.729690531E-01      0.00277394
   -0.67279100   0.729105815E-01      0.00275929
   -0.67003900   0.728537946E-01      0.00274478
   -0.66730100   0.727985958E-01      0.00273040
   -0.66457800   0.727451940E-01      0.00271616
   -0.66186900   0.726934649E-01      0.00270204
   -0.65917400   0.726433128E-01      0.00268806
   -0.65649200   0.725947071E-01      0.00267421
   -0.65382500   0.725477902E-01      0.00266049
   -0.65117100   0.725024122E-01      0.00264689
   -0.64853100   0.724586874E-01      0.00263341
   -0.64590500   0.724165216E-01      0.00262006
   -0.64329100   0.723757668E-01      0.00260683
   -0.64069100   0.723366532E-01      0.00259372
   -0.63810400   0.722989717E-01      0.00258073
   -0.63552900   0.722626917E-01      0.00256785
   -0.63296800   0.722280413E-01      0.00255509
   -0.63041900   0.721946981E-01      0.00254244
   -0.62788300   0.721628619E-01      0.00252991
   -0.62535900   0.721323276E-01      0.00251749
   -0.62284800   0.721032936E-01      0.00250518
   -0.62034900   0.720756419E-01      0.00249298
   -0.61786200   0.720492838E-01      0.00248089
   -0.61538700   0.720243021E-01      0.00246890
   -0.61292400   0.720006937E-01      0.00245702
   -0.61047300   0.719783708E-01      0.00244525
   -0.60803400   0.719574151E-01      0.00243358
   -0.60560600   0.719376272E-01      0.00242200
   -0.60319000   0.719192011E-01      0.00241053
   -0.60078500   0.719020215E-01      0.00239916
   -0.59839100   0.718860860E-01      0.00238789
   -0.59600900   0.718714203E-01      0.00237672
   -0.59363800   0.718579933E-01      0.00236564
   -0.59127800   0.718457204E-01      0.00235466
   -0.58892800   0.718345711E-01      0.00234377
   -0.58659000   0.718247635E-01      0.00233298
   -0.58426200   0.718159935E-01      0.00232228
   -0.58194500   0.718084500E-01      0.00231166
   -0.57963900   0.718021304E-01      0.00230114
   -0.57734300   0.717969229E-01      0.00229071
   -0.57505800   0.717928539E-01      0.00228037
   -0.57278200   0.717897049E-01      0.00227011
   -0.57051700   0.717878502E-01      0.00225994
   -0.56826200   0.717870200E-01      0.00224986
   -0.56601800   0.717873991E-01      0.00223986
   -0.56378300   0.717886917E-01      0.00222995
   -0.56155800   0.717911607E-01      0.00222011
   -0.55934200   0.717945402E-01      0.00221036
   -0.55713700   0.717990422E-01      0.00220069
   -0.55494100   0.718045298E-01      0.00219110
   -0.55275500   0.718111072E-01      0.00218159
   -0.55057800   0.718186666E-01      0.00217216
   -0.54841000   0.718272063E-01      0.00216281
   -0.54625200   0.718367531E-01      0.00215353
   -0.54410300   0.718472769E-01      0.00214433
   -0.54196300   0.718586999E-01      0.00213520
   -0.53983300   0.718712772E-01      0.00212615
   -0.53771100   0.718846463E-01      0.00211717
   -0.53559800   0.718989860E-01      0.00210827
   -0.53349500   0.719143230E-01      0.00209943
   -0.53140000   0.719305237E-01      0.00209067
   -0.52931300   0.719475872E-01      0.00208198
   -0.52723600   0.719657180E-01      0.00207336
   -0.52516600   0.719846057E-01      0.00206481
   -0.52310600   0.720044830E-01      0.00205633
   -0.52105400   0.720252175E-01      0.00204791
   -0.51901000   0.720468082E-01      0.00203957
   -0.51697500   0.720692819E-01      0.00203129
   -0.51494700   0.720925811E-01      0.00202307
   -0.51292800   0.721167609E-01      0.00201492
   -0.51091800   0.721418930E-01      0.00200684
   -0.50891500   0.721677737E-01      0.00199882
   -0.50692000   0.721944307E-01      0.00199086
   -0.50493300   0.722220078E-01      0.00198296
   -0.50295400   0.722502148E-01      0.00197513
   -0.50098300   0.722791959E-01      0.00196736
   -0.49901900   0.723094241E-01      0.00195965
   -0.49706300   0.723402793E-01      0.00195200
   -0.49511500   0.723717618E-01      0.00194441
   -0.49317500   0.724038721E-01      0.00193688
   -0.49124100   0.724371220E-01      0.00192940
   -0.48931600   0.724710958E-01      0.00192199
   -0.48739700   0.725054983E-01      0.00191463
   -0.48548600   0.725412307E-01      0.00190733
   -0.48358300   0.725775860E-01      0.00190008
   -0.48168600   0.726143691E-01      0.00189289
   -0.47979700   0.726517763E-01      0.00188576
   -0.47791500   0.726904069E-01      0.00187868
   -0.47604000   0.727295617E-01      0.00187166
   -0.47417100   0.727691447E-01      0.00186469
   -0.47231000   0.728100416E-01      0.00185777
   -0.47045600   0.728514612E-01      0.00185090
   -0.46860800   0.728933082E-01      0.00184409
   -0.46676800   0.729364618E-01      0.00183733
   -0.46493400   0.729793565E-01      0.00183062
   -0.46310600   0.730233641E-01      0.00182396
   -0.46128600   0.730686716E-01      0.00181735
   -0.45947200   0.731137244E-01      0.00181079
   -0.45766400   0.731598846E-01      0.00180428
   -0.45586300   0.732065666E-01      0.00179782
   -0.45406900   0.732544458E-01      0.00179141
   -0.45228000   0.733026561E-01      0.00178504
   -0.45049800   0.733513871E-01      0.00177873
   -0.44872300   0.734006392E-01      0.00177246
   -0.44695300   0.734508942E-01      0.00176623
   -0.44519000   0.735016687E-01      0.00176006
   -0.44343300   0.735528697E-01      0.00175392
   -0.44168200   0.736051626E-01      0.00174784
   -0.43993800   0.736579736E-01      0.00174180
   -0.43819900   0.737111176E-01      0.00173580
   -0.43646600   0.737646886E-01      0.00172985
   -0.43473900   0.738193459E-01      0.00172394
   -0.43301800   0.738744287E-01      0.00171808
   -0.43130300   0.739305936E-01      0.00171226
   -0.42959400   0.739865284E-01      0.00170648
   -0.42789000   0.740441053E-01      0.00170074
   -0.42619200   0.741014538E-01      0.00169505
   -0.42450000   0.741598793E-01      0.00168939
   -0.42281300   0.742179894E-01      0.00168378
   -0.42113200   0.742778229E-01      0.00167821
   -0.41945700   0.743374337E-01      0.00167268
   -0.41778700   0.743980257E-01      0.00166719
   -0.41612300   0.744590427E-01      0.00166174
   -0.41446300   0.745209475E-01      0.00165633
   -0.41281000   0.745833664E-01      0.00165095
   -0.41116200   0.746461200E-01      0.00164562
   -0.40951900   0.747092094E-01      0.00164033
   -0.40788100   0.747732727E-01      0.00163507
   -0.40624800   0.748376713E-01      0.00162985
   -0.40462100   0.749031298E-01      0.00162467
   -0.40299900   0.749682891E-01      0.00161952
   -0.40138200   0.750344185E-01      0.00161442
   -0.39977000   0.751015153E-01      0.00160934
   -0.39816300   0.751683168E-01      0.00160431
   -0.39656200   0.752361731E-01      0.00159931
   -0.39496500   0.753049054E-01      0.00159435
   -0.39337300   0.753733461E-01      0.00158942
   -0.39178600   0.754427503E-01      0.00158453
   -0.39020400   0.755131154E-01      0.00157967
   -0.38862700   0.755831926E-01      0.00157484
   -0.38705400   0.756541430E-01      0.00157005
   -0.38548600   0.757254304E-01      0.00156530
   -0.38392400   0.757977620E-01      0.00156058
   -0.38236500   0.758702566E-01      0.00155589
   -0.38081200   0.759431750E-01      0.00155123
   -0.37926300   0.760169614E-01      0.00154661
   -0.37771900   0.760910844E-01      0.00154202
   -0.37617900   0.761654590E-01      0.00153746
   -0.37464400   0.762407851E-01      0.00153293
   -0.37311300   0.763163626E-01      0.00152844
   -0.37158700   0.763922779E-01      0.00152397
   -0.37006500   0.764690566E-01      0.00151954
   -0.36854800   0.765455636E-01      0.00151514
   -0.36703500   0.766235418E-01      0.00151077
   -0.36552600   0.767011651E-01      0.00150643
   -0.36402200   0.767797342E-01      0.00150212
   -0.36252200   0.768591622E-01      0.00149784
   -0.36102600   0.769382391E-01      0.00149359
   -0.35953500   0.770182590E-01      0.00148937
   -0.35804700   0.770990520E-01      0.00148518
   -0.35656400   0.771795815E-01      0.00148102
   -0.35508500   0.772609677E-01      0.00147688
   -0.35361000   0.773432089E-01      0.00147278
   -0.35214000   0.774251896E-01      0.00146870
   -0.35067300   0.775085392E-01      0.00146466
   -0.34921000   0.775915472E-01      0.00146064
   -0.34775200   0.776754907E-01      0.00145664
   -0.34629700   0.777596080E-01      0.00145268
   -0.34484600   0.778439827E-01      0.00144874
   -0.34340000   0.779292904E-01      0.00144483
   -0.34195700   0.780147732E-01      0.00144095
   -0.34051800   0.781011051E-01      0.00143709
   -0.33908300   0.781876942E-01      0.00143326
   -0.33765100   0.782744600E-01      0.00142946
   -0.33622400   0.783621543E-01      0.00142568
   -0.33480000   0.784500255E-01      0.00142193
   -0.33338000   0.785381556E-01      0.00141820
   -0.33196300   0.786270504E-01      0.00141450
   -0.33055100   0.787162849E-01      0.00141083
   -0.32914200   0.788056984E-01      0.00140718
   -0.32773600   0.788958755E-01      0.00140355
   -0.32633500   0.789863925E-01      0.00139995
   -0.32493600   0.790775916E-01      0.00139637
   -0.32354200   0.791691304E-01      0.00139282
   -0.32215100   0.792608499E-01      0.00138930
   -0.32076300   0.793533304E-01      0.00138579
   -0.31937900   0.794460717E-01      0.00138231
   -0.31799900   0.795390742E-01      0.00137886
   -0.31662200   0.796328366E-01      0.00137543
   -0.31524800   0.797267815E-01      0.00137202
   -0.31387700   0.798214852E-01      0.00136863
   -0.31251100   0.799165290E-01      0.00136527
   -0.31114700   0.800116781E-01      0.00136193
   -0.30978700   0.801076633E-01      0.00135861
   -0.30843000   0.802038326E-01      0.00135532
   -0.30707600   0.803001872E-01      0.00135205
   -0.30572600   0.803973763E-01      0.00134880
   -0.30437800   0.804946733E-01      0.00134557
   -0.30303400   0.805928037E-01      0.00134236
   -0.30169400   0.806911972E-01      0.00133918
   -0.30035600   0.807897003E-01      0.00133602
   -0.29902200   0.808890352E-01      0.00133288
   -0.29769000   0.809884806E-01      0.00132976
   -0.29636200   0.810887565E-01      0.00132666
   -0.29503700   0.811892200E-01      0.00132358
   -0.29371500   0.812898721E-01      0.00132052
   -0.29239600   0.813912771E-01      0.00131749
   -0.29108000   0.814928711E-01      0.00131447
   -0.28976700   0.815952171E-01      0.00131148
   -0.28845700   0.816977525E-01      0.00130850
   -0.28715000   0.818004782E-01      0.00130555
   -0.28584600   0.819039552E-01      0.00130261
   -0.28454500   0.820076228E-01      0.00129970
   -0.28324700   0.821120407E-01      0.00129680
   -0.28195100   0.822160169E-01      0.00129393
   -0.28065900   0.823213760E-01      0.00129107
   -0.27936900   0.824268521E-01      0.00128824
   -0.27808200   0.825325207E-01      0.00128542
   -0.27679800   0.826383828E-01      0.00128262
   -0.27551700   0.827455486E-01      0.00127984
   -0.27423800   0.828522788E-01      0.00127708
   -0.27296300   0.829598311E-01      0.00127434
   -0.27169000   0.830675038E-01      0.00127162
   -0.27041900   0.831758505E-01      0.00126892
   -0.26915200   0.832844653E-01      0.00126623
   -0.26788700   0.833932024E-01      0.00126356
   -0.26662500   0.835026863E-01      0.00126091
   -0.26536500   0.836128432E-01      0.00125828
   -0.26410800   0.837231958E-01      0.00125567
   -0.26285400   0.838337449E-01      0.00125307
   -0.26160200   0.839449669E-01      0.00125049
   -0.26035300   0.840563858E-01      0.00124793
   -0.25910600   0.841679304E-01      0.00124539
   -0.25786200   0.842802200E-01      0.00124286
   -0.25662000   0.843926362E-01      0.00124036
   -0.25538100   0.845057965E-01      0.00123786
   -0.25414500   0.846197002E-01      0.00123539
   -0.25291100   0.847331867E-01      0.00123293
   -0.25167900   0.848473460E-01      0.00123049
   -0.25045000   0.849622482E-01      0.00122807
   -0.24922300   0.850772793E-01      0.00122566
   -0.24799800   0.851924403E-01      0.00122327
   -0.24677600   0.853083440E-01      0.00122090
   -0.24555600   0.854249192E-01      0.00121854
   -0.24433900   0.855411548E-01      0.00121620
   -0.24312400   0.856586023E-01      0.00121387
   -0.24191100   0.857756421E-01      0.00121156
   -0.24070100   0.858939621E-01      0.00120927
   -0.23949300   0.860118762E-01      0.00120699
   -0.23828700   0.861304620E-01      0.00120472
   -0.23708300   0.862497190E-01      0.00120248
   -0.23588200   0.863691791E-01      0.00120025
   -0.23468300   0.864887740E-01      0.00119803
   -0.23348600   0.866090403E-01      0.00119583
   -0.23229100   0.867294424E-01      0.00119365
   -0.23109900   0.868505840E-01      0.00119147
   -0.22990800   0.869717940E-01      0.00118932
   -0.22872000   0.870937432E-01      0.00118718
   -0.22753400   0.872158298E-01      0.00118505
   -0.22635000   0.873385873E-01      0.00118294
   -0.22516800   0.874614831E-01      0.00118085
   -0.22398800   0.875850498E-01      0.00117877
   -0.22281000   0.877087557E-01      0.00117670
   -0.22163500   0.878331994E-01      0.00117465
   -0.22046100   0.879577161E-01      0.00117261
   -0.21929000   0.880824406E-01      0.00117059
   -0.21812000   0.882077695E-01      0.00116858
   -0.21695200   0.883337689E-01      0.00116658
   -0.21578700   0.884599766E-01      0.00116460
   -0.21462300   0.885862608E-01      0.00116264
   -0.21346200   0.887132819E-01      0.00116068
   -0.21230200   0.888403806E-01      0.00115875
   -0.21114400   0.889681504E-01      0.00115682
   -0.20998800   0.890965907E-01      0.00115491
   -0.20883400   0.892251755E-01      0.00115301
   -0.20768200   0.893539057E-01      0.00115113
   -0.20653200   0.894833068E-01      0.00114926
   -0.20538400   0.896128541E-01      0.00114740
   -0.20423700   0.897430077E-01      0.00114555
   -0.20309200   0.898738319E-01      0.00114372
   -0.20195000   0.900043449E-01      0.00114190
   -0.20080900   0.901359873E-01      0.00114010
   -0.19966900   0.902677140E-01      0.00113831
   -0.19853200   0.903996537E-01      0.00113653
   -0.19739600   0.905322007E-01      0.00113476
   -0.19626300   0.906649612E-01      0.00113301
   -0.19513000   0.907982661E-01      0.00113127
   -0.19400000   0.909323052E-01      0.00112954
   -0.19287100   0.910664321E-01      0.00112783
   -0.19174400   0.912007109E-01      0.00112613
   -0.19061900   0.913356611E-01      0.00112444
   -0.18949500   0.914712199E-01      0.00112276
   -0.18837400   0.916069938E-01      0.00112110
   -0.18725300   0.917427969E-01      0.00111944
   -0.18613500   0.918793339E-01      0.00111780
   -0.18501800   0.920164803E-01      0.00111617
   -0.18390200   0.921537197E-01      0.00111456
   -0.18278900   0.922916924E-01      0.00111295
   -0.18167600   0.924296979E-01      0.00111136
   -0.18056600   0.925684366E-01      0.00110978
   -0.17945700   0.927072708E-01      0.00110822
   -0.17834900   0.928467161E-01      0.00110666
   -0.17724300   0.929863193E-01      0.00110512
   -0.17613900   0.931265947E-01      0.00110358
   -0.17503600   0.932669682E-01      0.00110206
   -0.17393500   0.934080143E-01      0.00110055
   -0.17283500   0.935496726E-01      0.00109905
   -0.17173700   0.936914906E-01      0.00109757
   -0.17064000   0.938339214E-01      0.00109609
   -0.16954500   0.939765129E-01      0.00109463
   -0.16845100   0.941192066E-01      0.00109318
   -0.16735800   0.942630254E-01      0.00109174
   -0.16626700   0.944064956E-01      0.00109031
   -0.16517800   0.945511497E-01      0.00108889
   -0.16409000   0.946959078E-01      0.00108748
   -0.16300300   0.948407711E-01      0.00108609
   -0.16191700   0.949862499E-01      0.00108470
   -0.16083300   0.951324026E-01      0.00108333
   -0.15975100   0.952787201E-01      0.00108197
   -0.15866900   0.954255958E-01      0.00108061
   -0.15758900   0.955726378E-01      0.00107927
   -0.15651100   0.957203540E-01      0.00107794
   -0.15543400   0.958686870E-01      0.00107662
   -0.15435800   0.960171300E-01      0.00107531
   -0.15328300   0.961656842E-01      0.00107401
   -0.15221000   0.963149136E-01      0.00107273
   -0.15113700   0.964647047E-01      0.00107145
   -0.15006700   0.966152274E-01      0.00107018
   -0.14899700   0.967658070E-01      0.00106893
   -0.14792900   0.969165571E-01      0.00106768
   -0.14686200   0.970679271E-01      0.00106645
   -0.14579600   0.972199172E-01      0.00106522
   -0.14473100   0.973720235E-01      0.00106401
   -0.14366800   0.975248062E-01      0.00106280
   -0.14260600   0.976782098E-01      0.00106161
   -0.14154500   0.978317314E-01      0.00106042
   -0.14048500   0.979853720E-01      0.00105925
   -0.13942600   0.981401379E-01      0.00105809
   -0.13836900   0.982950782E-01      0.00105693
   -0.13731200   0.984500852E-01      0.00105579
   -0.13625700   0.986057700E-01      0.00105466
   -0.13520300   0.987620785E-01      0.00105353
   -0.13415000   0.989185100E-01      0.00105242
   -0.13309800   0.990755661E-01      0.00105131
   -0.13204700   0.992332472E-01      0.00105022
   -0.13099800   0.993911064E-01      0.00104914
   -0.12994900   0.995495382E-01      0.00104806
   -0.12890200   0.997081493E-01      0.00104700
   -0.12785500   0.998673344E-01      0.00104594
   -0.12681000   0.100027199E+00      0.00104490
   -0.12576500   0.100187140E+00      0.00104386
   -0.12472200   0.100347761E+00      0.00104283
   -0.12368000   0.100509010E+00      0.00104182
   -0.12263800   0.100670337E+00      0.00104081
   -0.12159800   0.100832346E+00      0.00103981
   -0.12055900   0.100994487E+00      0.00103882
   -0.11952000   0.101157206E+00      0.00103785
   -0.11848300   0.101320607E+00      0.00103688
   -0.11744700   0.101484639E+00      0.00103592
   -0.11641100   0.101648755E+00      0.00103496
   -0.11537700   0.101813057E+00      0.00103402
   -0.11434300   0.101978437E+00      0.00103309
   -0.11331000   0.102143954E+00      0.00103217
   -0.11227900   0.102309659E+00      0.00103125
   -0.11124800   0.102476443E+00      0.00103035
   -0.11021800   0.102643366E+00      0.00102945
   -0.10918900   0.102810429E+00      0.00102857
   -0.10816100   0.102978622E+00      0.00102769
   -0.10713400   0.103146462E+00      0.00102682
   -0.10610700   0.103315384E+00      0.00102596
   -0.10508200   0.103484497E+00      0.00102511
   -0.10405700   0.103654199E+00      0.00102427
   -0.10303300   0.103824539E+00      0.00102344
   -0.10201000   0.103995024E+00      0.00102261
   -0.10098800   0.104166148E+00      0.00102180
   -0.09996660   0.104337892E+00      0.00102099
   -0.09894600   0.104509774E+00      0.00102019
   -0.09792620   0.104682287E+00      0.00101941
   -0.09690720   0.104855431E+00      0.00101863
   -0.09588890   0.105028711E+00      0.00101786
   -0.09487150   0.105203121E+00      0.00101709
   -0.09385470   0.105377171E+00      0.00101634
   -0.09283880   0.105552351E+00      0.00101559
   -0.09182360   0.105727670E+00      0.00101486
   -0.09080910   0.105903619E+00      0.00101413
   -0.08979530   0.106080200E+00      0.00101341
   -0.08878220   0.106256922E+00      0.00101270
   -0.08776990   0.106434282E+00      0.00101200
   -0.08675820   0.106612270E+00      0.00101131
   -0.08574730   0.106790406E+00      0.00101062
   -0.08473700   0.106969173E+00      0.00100994
   -0.08372740   0.107148574E+00      0.00100928
   -0.08271840   0.107328118E+00      0.00100862
   -0.08171010   0.107508788E+00      0.00100797
   -0.08070250   0.107689606E+00      0.00100732
   -0.07969550   0.107871057E+00      0.00100669
   -0.07868910   0.108052654E+00      0.00100606
   -0.07768340   0.108234891E+00      0.00100545
   -0.07667820   0.108417759E+00      0.00100484
   -0.07567370   0.108601268E+00      0.00100424
   -0.07466970   0.108784922E+00      0.00100364
   -0.07366640   0.108969218E+00      0.00100306
   -0.07266360   0.109154149E+00      0.00100248
   -0.07166140   0.109339719E+00      0.00100191
   -0.07065980   0.109525442E+00      0.00100135
   -0.06965870   0.109711802E+00      0.00100080
   -0.06865820   0.109898804E+00      0.00100026
   -0.06765820   0.110086444E+00      0.00099972
   -0.06665870   0.110274237E+00      0.00099920
   -0.06565980   0.110462675E+00      0.00099868
   -0.06466140   0.110651753E+00      0.00099817
   -0.06366350   0.110841473E+00      0.00099766
   -0.06266600   0.111031346E+00      0.00099717
   -0.06166910   0.111221866E+00      0.00099668
   -0.06067270   0.111413030E+00      0.00099620
   -0.05967670   0.111604836E+00      0.00099573
   -0.05868120   0.111796803E+00      0.00099527
   -0.05768620   0.111989901E+00      0.00099482
   -0.05669160   0.112183158E+00      0.00099437
   -0.05569740   0.112377059E+00      0.00099393
   -0.05470370   0.112571127E+00      0.00099350
   -0.05371040   0.112766324E+00      0.00099308
   -0.05271760   0.112961689E+00      0.00099266
   -0.05172510   0.113157698E+00      0.00099225
   -0.05073300   0.113354357E+00      0.00099186
   -0.04974140   0.113551186E+00      0.00099146
   -0.04875010   0.113749146E+00      0.00099108
   -0.04775920   0.113947275E+00      0.00099070
   -0.04676870   0.114146057E+00      0.00099034
   -0.04577850   0.114345006E+00      0.00098998
   -0.04478870   0.114545094E+00      0.00098963
   -0.04379930   0.114745837E+00      0.00098928
   -0.04281020   0.114946751E+00      0.00098894
   -0.04182140   0.115148320E+00      0.00098862
   -0.04083290   0.115350544E+00      0.00098829
   -0.03984480   0.115552946E+00      0.00098798
   -0.03885700   0.115756488E+00      0.00098768
   -0.03786950   0.115960207E+00      0.00098738
   -0.03688220   0.116164582E+00      0.00098709
   -0.03589530   0.116369621E+00      0.00098681
   -0.03490860   0.116575318E+00      0.00098653
   -0.03392220   0.116781678E+00      0.00098627
   -0.03293610   0.116988222E+00      0.00098601
   -0.03195020   0.117195908E+00      0.00098576
   -0.03096450   0.117403776E+00      0.00098551
   -0.02997920   0.117612315E+00      0.00098528
   -0.02899400   0.117821515E+00      0.00098505
   -0.02800910   0.118031385E+00      0.00098483
   -0.02702430   0.118241440E+00      0.00098462
   -0.02603980   0.118452646E+00      0.00098441
   -0.02505550   0.118664043E+00      0.00098421
   -0.02407140   0.118876590E+00      0.00098402
   -0.02308750   0.119089329E+00      0.00098384
   -0.02210370   0.119302739E+00      0.00098367
   -0.02112010   0.119516345E+00      0.00098350
   -0.02013670   0.119731106E+00      0.00098334
   -0.01915340   0.119946540E+00      0.00098319
   -0.01817030   0.120162175E+00      0.00098304
   -0.01718740   0.120378967E+00      0.00098291
   -0.01620450   0.120595956E+00      0.00098278
   -0.01522180   0.120813627E+00      0.00098266
   -0.01423920   0.121031979E+00      0.00098254
   -0.01325670   0.121251013E+00      0.00098244
   -0.01227430   0.121470730E+00      0.00098234
   -0.01129200   0.121690654E+00      0.00098225
   -0.01030980   0.121911741E+00      0.00098216
   -0.00932769   0.122133516E+00      0.00098209
   -0.00834563   0.122355500E+00      0.00098202
   -0.00736364   0.122578173E+00      0.00098196
   -0.00638171   0.122802014E+00      0.00098191
   -0.00539982   0.123026069E+00      0.00098186
   -0.00441798   0.123250817E+00      0.00098182
   -0.00343617   0.123476258E+00      0.00098179
   -0.00245439   0.123702395E+00      0.00098177
   -0.00147263   0.123929229E+00      0.00098176
   -0.00049087   0.124156760E+00      0.00098175
    0.00049087   0.124384513E+00      0.00098175
    0.00147263   0.124613444E+00      0.00098176
    0.00245439   0.124843076E+00      0.00098177
    0.00343617   0.125072935E+00      0.00098179
    0.00441798   0.125303975E+00      0.00098182
    0.00539982   0.125535244E+00      0.00098186
    0.00638171   0.125767696E+00      0.00098191
    0.00736364   0.126000381E+00      0.00098196
    0.00834563   0.126234252E+00      0.00098202
    0.00932769   0.126468358E+00      0.00098209
    0.01030980   0.126703177E+00      0.00098216
    0.01129200   0.126939187E+00      0.00098225
    0.01227430   0.127175436E+00      0.00098234
    0.01325670   0.127412403E+00      0.00098244
    0.01423920   0.127650088E+00      0.00098254
    0.01522180   0.127888494E+00      0.00098266
    0.01620450   0.128128098E+00      0.00098278
    0.01718740   0.128367949E+00      0.00098291
    0.01817030   0.128608527E+00      0.00098304
    0.01915340   0.128849831E+00      0.00098319
    0.02013670   0.129091862E+00      0.00098334
    0.02112010   0.129334624E+00      0.00098350
    0.02210370   0.129578117E+00      0.00098367
    0.02308750   0.129822343E+00      0.00098384
    0.02407140   0.130067780E+00      0.00098402
    0.02505550   0.130313479E+00      0.00098421
    0.02603980   0.130559916E+00      0.00098441
    0.02702430   0.130807093E+00      0.00098462
    0.02800910   0.131055011E+00      0.00098483
    0.02899400   0.131304149E+00      0.00098505
    0.02997920   0.131553557E+00      0.00098528
    0.03096450   0.131803714E+00      0.00098551
    0.03195020   0.132054618E+00      0.00098576
    0.03293610   0.132306748E+00      0.00098601
    0.03392220   0.132559157E+00      0.00098627
    0.03490860   0.132812796E+00      0.00098653
    0.03589530   0.133066716E+00      0.00098681
    0.03688220   0.133321870E+00      0.00098709
    0.03786950   0.133577309E+00      0.00098738
    0.03885700   0.133833986E+00      0.00098768
    0.03984480   0.134091428E+00      0.00098798
    0.04083290   0.134349162E+00      0.00098829
    0.04182140   0.134608138E+00      0.00098862
    0.04281020   0.134867885E+00      0.00098894
    0.04379930   0.135128406E+00      0.00098928
    0.04478870   0.135389701E+00      0.00098963
    0.04577850   0.135651773E+00      0.00098998
    0.04676870   0.135915098E+00      0.00099034
    0.04775920   0.136178731E+00      0.00099070
    0.04875010   0.136443147E+00      0.00099108
    0.04974140   0.136708822E+00      0.00099146
    0.05073300   0.136974813E+00      0.00099186
    0.05172510   0.137242066E+00      0.00099225
    0.05271760   0.137510112E+00      0.00099266
    0.05371040   0.137778954E+00      0.00099308
    0.05470370   0.138048592E+00      0.00099350
    0.05569740   0.138319030E+00      0.00099393
    0.05669160   0.138590270E+00      0.00099437
    0.05768620   0.138862314E+00      0.00099482
    0.05868120   0.139135638E+00      0.00099527
    0.05967670   0.139409298E+00      0.00099573
    0.06067270   0.139684243E+00      0.00099620
    0.06166910   0.139960002E+00      0.00099668
    0.06266600   0.140236577E+00      0.00099717
    0.06366350   0.140513972E+00      0.00099766
    0.06466140   0.140792188E+00      0.00099817
    0.06565980   0.141071702E+00      0.00099868
    0.06665870   0.141351570E+00      0.00099920
    0.06765820   0.141632740E+00      0.00099972
    0.06865820   0.141914743E+00      0.00100026
    0.06965870   0.142197580E+00      0.00100080
    0.07065980   0.142481255E+00      0.00100135
    0.07166140   0.142766245E+00      0.00100191
    0.07266360   0.143051603E+00      0.00100248
    0.07366640   0.143338281E+00      0.00100306
    0.07466970   0.143625808E+00      0.00100364
    0.07567370   0.143914187E+00      0.00100424
    0.07667820   0.144203420E+00      0.00100484
    0.07768340   0.144493510E+00      0.00100545
    0.07868910   0.144784935E+00      0.00100606
    0.07969550   0.145077222E+00      0.00100669
    0.08070250   0.145370376E+00      0.00100732
    0.08171010   0.145664400E+00      0.00100797
    0.08271840   0.145959296E+00      0.00100862
    0.08372740   0.146255541E+00      0.00100928
    0.08473700   0.146552664E+00      0.00100994
    0.08574730   0.146850670E+00      0.00101062
    0.08675820   0.147149560E+00      0.00101131
    0.08776990   0.147449812E+00      0.00101200
    0.08878220   0.147750482E+00      0.00101270
    0.08979530   0.148052521E+00      0.00101341
    0.09080910   0.148355931E+00      0.00101413
    0.09182360   0.148659769E+00      0.00101486
    0.09283880   0.148964985E+00      0.00101559
    0.09385470   0.149270635E+00      0.00101634
    0.09487150   0.149578145E+00      0.00101709
    0.09588890   0.149886096E+00      0.00101786
    0.09690720   0.150195439E+00      0.00101863
    0.09792620   0.150505231E+00      0.00101941
    0.09894600   0.150816896E+00      0.00102019
    0.09996660   0.151129017E+00      0.00102099
    0.10098800   0.151442544E+00      0.00102180
    0.10201000   0.151757006E+00      0.00102261
    0.10303300   0.152072410E+00      0.00102344
    0.10405700   0.152388760E+00      0.00102427
    0.10508200   0.152706534E+00      0.00102511
    0.10610700   0.153025249E+00      0.00102596
    0.10713400   0.153345409E+00      0.00102682
    0.10816100   0.153666043E+00      0.00102769
    0.10918900   0.153988116E+00      0.00102857
    0.11021800   0.154311158E+00      0.00102945
    0.11124800   0.154635648E+00      0.00103035
    0.11227900   0.154961114E+00      0.00103125
    0.11331000   0.155287546E+00      0.00103217
    0.11434300   0.155614979E+00      0.00103309
    0.11537700   0.155943875E+00      0.00103402
    0.11641100   0.156273748E+00      0.00103496
    0.11744700   0.156605110E+00      0.00103592
    0.11848300   0.156936982E+00      0.00103688
    0.11952000   0.157270333E+00      0.00103785
    0.12055900   0.157605188E+00      0.00103882
    0.12159800   0.157941038E+00      0.00103981
    0.12263800   0.158277906E+00      0.00104081
    0.12368000   0.158615818E+00      0.00104182
    0.12472200   0.158955211E+00      0.00104283
    0.12576500   0.159295635E+00      0.00104386
    0.12681000   0.159637117E+00      0.00104490
    0.12785500   0.159980093E+00      0.00104594
    0.12890200   0.160324136E+00      0.00104700
    0.12994900   0.160669681E+00      0.00104806
    0.13099800   0.161016304E+00      0.00104914
    0.13204700   0.161363961E+00      0.00105022
    0.13309800   0.161713181E+00      0.00105131
    0.13415000   0.162063470E+00      0.00105242
    0.13520300   0.162414832E+00      0.00105353
    0.13625700   0.162767747E+00      0.00105466
    0.13731200   0.163121744E+00      0.00105579
    0.13836900   0.163477331E+00      0.00105693
    0.13942600   0.163833507E+00      0.00105809
    0.14048500   0.164191760E+00      0.00105925
    0.14154500   0.164551116E+00      0.00106042
    0.14260600   0.164911578E+00      0.00106161
    0.14366800   0.165273153E+00      0.00106280
    0.14473100   0.165636320E+00      0.00106401
    0.14579600   0.166001117E+00      0.00106522
    0.14686200   0.166366566E+00      0.00106645
    0.14792900   0.166734100E+00      0.00106768
    0.14899700   0.167102295E+00      0.00106893
    0.15006700   0.167472144E+00      0.00107018
    0.15113700   0.167843584E+00      0.00107145
    0.15221000   0.168216246E+00      0.00107273
    0.15328300   0.168590034E+00      0.00107401
    0.15435800   0.168965498E+00      0.00107531
    0.15543400   0.169342133E+00      0.00107662
    0.15651100   0.169719944E+00      0.00107794
    0.15758900   0.170099892E+00      0.00107927
    0.15866900   0.170480585E+00      0.00108061
    0.15975100   0.170862987E+00      0.00108197
    0.16083300   0.171247029E+00      0.00108333
    0.16191700   0.171631835E+00      0.00108470
    0.16300300   0.172018847E+00      0.00108609
    0.16409000   0.172407077E+00      0.00108748
    0.16517800   0.172796528E+00      0.00108889
    0.16626700   0.173187687E+00      0.00109031
    0.16735800   0.173580121E+00      0.00109174
    0.16845100   0.173974316E+00      0.00109318
    0.16954500   0.174369759E+00      0.00109463
    0.17064000   0.174766454E+00      0.00109609
    0.17173700   0.175164932E+00      0.00109757
    0.17283500   0.175565154E+00      0.00109905
    0.17393500   0.175966693E+00      0.00110055
    0.17503600   0.176369990E+00      0.00110206
    0.17613900   0.176774619E+00      0.00110358
    0.17724300   0.177180538E+00      0.00110512
    0.17834900   0.177588283E+00      0.00110666
    0.17945700   0.177997861E+00      0.00110822
    0.18056600   0.178408750E+00      0.00110978
    0.18167600   0.178821439E+00      0.00111136
    0.18278900   0.179235552E+00      0.00111295
    0.18390200   0.179650946E+00      0.00111456
    0.18501800   0.180068263E+00      0.00111617
    0.18613500   0.180487406E+00      0.00111780
    0.18725300   0.180907903E+00      0.00111944
    0.18837400   0.181330347E+00      0.00112110
    0.18949500   0.181754105E+00      0.00112276
    0.19061900   0.182179827E+00      0.00112444
    0.19174400   0.182606931E+00      0.00112613
    0.19287100   0.183035480E+00      0.00112783
    0.19400000   0.183466446E+00      0.00112954
    0.19513000   0.183898334E+00      0.00113127
    0.19626300   0.184332715E+00      0.00113301
    0.19739600   0.184768457E+00      0.00113476
    0.19853200   0.185205744E+00      0.00113653
    0.19966900   0.185644948E+00      0.00113831
    0.20080900   0.186085716E+00      0.00114010
    0.20195000   0.186528419E+00      0.00114190
    0.20309200   0.186973065E+00      0.00114372
    0.20423700   0.187419301E+00      0.00114555
    0.20538400   0.187867075E+00      0.00114740
    0.20653200   0.188316818E+00      0.00114926
    0.20768200   0.188768600E+00      0.00115113
    0.20883400   0.189221947E+00      0.00115301
    0.20998800   0.189677353E+00      0.00115491
    0.21114400   0.190134343E+00      0.00115682
    0.21230200   0.190593410E+00      0.00115875
    0.21346200   0.191054565E+00      0.00116068
    0.21462300   0.191516778E+00      0.00116264
    0.21578700   0.191981652E+00      0.00116460
    0.21695200   0.192448087E+00      0.00116658
    0.21812000   0.192916719E+00      0.00116858
    0.21929000   0.193387002E+00      0.00117059
    0.22046100   0.193858873E+00      0.00117261
    0.22163500   0.194333460E+00      0.00117465
    0.22281000   0.194809167E+00      0.00117670
    0.22398800   0.195287612E+00      0.00117877
    0.22516800   0.195767271E+00      0.00118085
    0.22635000   0.196249616E+00      0.00118294
    0.22753400   0.196733683E+00      0.00118505
    0.22872000   0.197219482E+00      0.00118718
    0.22990800   0.197707511E+00      0.00118932
    0.23109900   0.198197862E+00      0.00119147
    0.23229100   0.198689897E+00      0.00119365
    0.23348600   0.199184276E+00      0.00119583
    0.23468300   0.199680441E+00      0.00119803
    0.23588200   0.200178893E+00      0.00120025
    0.23708300   0.200679154E+00      0.00120248
    0.23828700   0.201181807E+00      0.00120472
    0.23949300   0.201686782E+00      0.00120699
    0.24070100   0.202193600E+00      0.00120927
    0.24191100   0.202702272E+00      0.00121156
    0.24312400   0.203213387E+00      0.00121387
    0.24433900   0.203726871E+00      0.00121620
    0.24555600   0.204242246E+00      0.00121854
    0.24677600   0.204759610E+00      0.00122090
    0.24799800   0.205279873E+00      0.00122327
    0.24922300   0.205801661E+00      0.00122566
    0.25045000   0.206325881E+00      0.00122807
    0.25167900   0.206852545E+00      0.00123049
    0.25291100   0.207381266E+00      0.00123293
    0.25414500   0.207912456E+00      0.00123539
    0.25538100   0.208445636E+00      0.00123786
    0.25662000   0.208981407E+00      0.00124036
    0.25786200   0.209519784E+00      0.00124286
    0.25910600   0.210059697E+00      0.00124539
    0.26035300   0.210602739E+00      0.00124793
    0.26160200   0.211147342E+00      0.00125049
    0.26285400   0.211695104E+00      0.00125307
    0.26410800   0.212244454E+00      0.00125567
    0.26536500   0.212796994E+00      0.00125828
    0.26662500   0.213351251E+00      0.00126091
    0.26788700   0.213908626E+00      0.00126356
    0.26915200   0.214467748E+00      0.00126623
    0.27041900   0.215029520E+00      0.00126892
    0.27169000   0.215594170E+00      0.00127162
    0.27296300   0.216161003E+00      0.00127434
    0.27423800   0.216730033E+00      0.00127708
    0.27551700   0.217301991E+00      0.00127984
    0.27679800   0.217876676E+00      0.00128262
    0.27808200   0.218453714E+00      0.00128542
    0.27936900   0.219033122E+00      0.00128824
    0.28065900   0.219614917E+00      0.00129107
    0.28195100   0.220199499E+00      0.00129393
    0.28324700   0.220787118E+00      0.00129680
    0.28454500   0.221377057E+00      0.00129970
    0.28584600   0.221969449E+00      0.00130261
    0.28715000   0.222564813E+00      0.00130555
    0.28845700   0.223162163E+00      0.00130850
    0.28976700   0.223763023E+00      0.00131148
    0.29108000   0.224366406E+00      0.00131447
    0.29239600   0.224972331E+00      0.00131749
    0.29371500   0.225580814E+00      0.00132052
    0.29503700   0.226192379E+00      0.00132358
    0.29636200   0.226806538E+00      0.00132666
    0.29769000   0.227423312E+00      0.00132976
    0.29902200   0.228043351E+00      0.00133288
    0.30035600   0.228665914E+00      0.00133602
    0.30169400   0.229291277E+00      0.00133918
    0.30303400   0.229919199E+00      0.00134236
    0.30437800   0.230550468E+00      0.00134557
    0.30572600   0.231184599E+00      0.00134880
    0.30707600   0.231821346E+00      0.00135205
    0.30843000   0.232461503E+00      0.00135532
    0.30978700   0.233103943E+00      0.00135861
    0.31114700   0.233749699E+00      0.00136193
    0.31251100   0.234398424E+00      0.00136527
    0.31387700   0.235049858E+00      0.00136863
    0.31524800   0.235704956E+00      0.00137202
    0.31662200   0.236362436E+00      0.00137543
    0.31799900   0.237023341E+00      0.00137886
    0.31937900   0.237686670E+00      0.00138231
    0.32076300   0.238353611E+00      0.00138579
    0.32215100   0.239023678E+00      0.00138930
    0.32354200   0.239696747E+00      0.00139282
    0.32493600   0.240372838E+00      0.00139637
    0.32633500   0.241052276E+00      0.00139995
    0.32773600   0.241734631E+00      0.00140355
    0.32914200   0.242420383E+00      0.00140718
    0.33055100   0.243109250E+00      0.00141083
    0.33196300   0.243801255E+00      0.00141450
    0.33338000   0.244496734E+00      0.00141820
    0.33480000   0.245195399E+00      0.00142193
    0.33622400   0.245897434E+00      0.00142568
    0.33765100   0.246602702E+00      0.00142946
    0.33908300   0.247311034E+00      0.00143326
    0.34051800   0.248023168E+00      0.00143709
    0.34195700   0.248738256E+00      0.00144095
    0.34340000   0.249456843E+00      0.00144483
    0.34484600   0.250178788E+00      0.00144874
    0.34629700   0.250903933E+00      0.00145268
    0.34775200   0.251633179E+00      0.00145664
    0.34921000   0.252365342E+00      0.00146064
    0.35067300   0.253100789E+00      0.00146466
    0.35214000   0.253840423E+00      0.00146870
    0.35361000   0.254583051E+00      0.00147278
    0.35508500   0.255329575E+00      0.00147688
    0.35656400   0.256079324E+00      0.00148102
    0.35804700   0.256832853E+00      0.00148518
    0.35953500   0.257589845E+00      0.00148937
    0.36102600   0.258350493E+00      0.00149359
    0.36252200   0.259114666E+00      0.00149784
    0.36402200   0.259882736E+00      0.00150212
    0.36552600   0.260654208E+00      0.00150643
    0.36703500   0.261429826E+00      0.00151077
    0.36854800   0.262208907E+00      0.00151514
    0.37006500   0.262991481E+00      0.00151954
    0.37158700   0.263778299E+00      0.00152397
    0.37311300   0.264568673E+00      0.00152844
    0.37464400   0.265362828E+00      0.00153293
    0.37617900   0.266160603E+00      0.00153746
    0.37771900   0.266962227E+00      0.00154202
    0.37926300   0.267768066E+00      0.00154661
    0.38081200   0.268577823E+00      0.00155123
    0.38236500   0.269390796E+00      0.00155589
    0.38392400   0.270208493E+00      0.00156058
    0.38548600   0.271029803E+00      0.00156530
    0.38705400   0.271855377E+00      0.00157005
    0.38862700   0.272684510E+00      0.00157484
    0.39020400   0.273518101E+00      0.00157967
    0.39178600   0.274355322E+00      0.00158453
    0.39337300   0.275196747E+00      0.00158942
    0.39496500   0.276042414E+00      0.00159435
    0.39656200   0.276892361E+00      0.00159931
    0.39816300   0.277745867E+00      0.00160431
    0.39977000   0.278603947E+00      0.00160934
    0.40138200   0.279465882E+00      0.00161442
    0.40299900   0.280332249E+00      0.00161952
    0.40462100   0.281202547E+00      0.00162467
    0.40624800   0.282077358E+00      0.00162985
    0.40788100   0.282956405E+00      0.00163507
    0.40951900   0.283840048E+00      0.00164033
    0.41116200   0.284727236E+00      0.00164562
    0.41281000   0.285619098E+00      0.00165095
    0.41446300   0.286515677E+00      0.00165633
    0.41612300   0.287416393E+00      0.00166174
    0.41778700   0.288321126E+00      0.00166719
    0.41945700   0.289230943E+00      0.00167268
    0.42113200   0.290144547E+00      0.00167821
    0.42281300   0.291062775E+00      0.00168378
    0.42450000   0.291985672E+00      0.00168939
    0.42619200   0.292913038E+00      0.00169505
    0.42789000   0.293845164E+00      0.00170074
    0.42959400   0.294781544E+00      0.00170648
    0.43130300   0.295722524E+00      0.00171226
    0.43301800   0.296667849E+00      0.00171808
    0.43473900   0.297618120E+00      0.00172394
    0.43646600   0.298573387E+00      0.00172985
    0.43819900   0.299532583E+00      0.00173580
    0.43993800   0.300496872E+00      0.00174180
    0.44168200   0.301465477E+00      0.00174784
    0.44343300   0.302438977E+00      0.00175392
    0.44519000   0.303417718E+00      0.00176006
    0.44695300   0.304400626E+00      0.00176623
    0.44872300   0.305388584E+00      0.00177246
    0.45049800   0.306381663E+00      0.00177873
    0.45228000   0.307378767E+00      0.00178504
    0.45406900   0.308381646E+00      0.00179141
    0.45586300   0.309388662E+00      0.00179782
    0.45766400   0.310400994E+00      0.00180428
    0.45947200   0.311418128E+00      0.00181079
    0.46128600   0.312440403E+00      0.00181735
    0.46310600   0.313467300E+00      0.00182396
    0.46493400   0.314499452E+00      0.00183062
    0.46676800   0.315536334E+00      0.00183733
    0.46860800   0.316578572E+00      0.00184409
    0.47045600   0.317625664E+00      0.00185090
    0.47231000   0.318677647E+00      0.00185777
    0.47417100   0.319734876E+00      0.00186469
    0.47604000   0.320797712E+00      0.00187166
    0.47791500   0.321865030E+00      0.00187868
    0.47979700   0.322937768E+00      0.00188576
    0.48168600   0.324015403E+00      0.00189289
    0.48358300   0.325098308E+00      0.00190008
    0.48548600   0.326186497E+00      0.00190733
    0.48739700   0.327280076E+00      0.00191463
    0.48931600   0.328378524E+00      0.00192199
    0.49124100   0.329482433E+00      0.00192940
    0.49317500   0.330592244E+00      0.00193688
    0.49511500   0.331706459E+00      0.00194441
    0.49706300   0.332826378E+00      0.00195200
    0.49901900   0.333951475E+00      0.00195965
    0.50098300   0.335082408E+00      0.00196736
    0.50295400   0.336218315E+00      0.00197513
    0.50493300   0.337359591E+00      0.00198296
    0.50692000   0.338506303E+00      0.00199086
    0.50891500   0.339658516E+00      0.00199882
    0.51091800   0.340816297E+00      0.00200684
    0.51292800   0.341978764E+00      0.00201492
    0.51494700   0.343147275E+00      0.00202307
    0.51697500   0.344321905E+00      0.00203129
    0.51901000   0.345500812E+00      0.00203957
    0.52105400   0.346685974E+00      0.00204791
    0.52310600   0.347876500E+00      0.00205633
    0.52516600   0.349072456E+00      0.00206481
    0.52723600   0.350274640E+00      0.00207336
    0.52931300   0.351482026E+00      0.00208198
    0.53140000   0.352694566E+00      0.00209067
    0.53349500   0.353913421E+00      0.00209943
    0.53559800   0.355136823E+00      0.00210827
    0.53771100   0.356366819E+00      0.00211717
    0.53983300   0.357602493E+00      0.00212615
    0.54196300   0.358842917E+00      0.00213520
    0.54410300   0.360089542E+00      0.00214433
    0.54625200   0.361342059E+00      0.00215353
    0.54841000   0.362599920E+00      0.00216281
    0.55057800   0.363864211E+00      0.00217216
    0.55275500   0.365133367E+00      0.00218159
    0.55494100   0.366408079E+00      0.00219110
    0.55713700   0.367688819E+00      0.00220069
    0.55934200   0.368975261E+00      0.00221036
    0.56155800   0.370267661E+00      0.00222011
    0.56378300   0.371565910E+00      0.00222995
    0.56601800   0.372869226E+00      0.00223986
    0.56826200   0.374178532E+00      0.00224986
    0.57051700   0.375493466E+00      0.00225994
    0.57278200   0.376814323E+00      0.00227011
    0.57505800   0.378141603E+00      0.00228037
    0.57734300   0.379473248E+00      0.00229071
    0.57963900   0.380811468E+00      0.00230114
    0.58194500   0.382155266E+00      0.00231166
    0.58426200   0.383504504E+00      0.00232228
    0.58659000   0.384859906E+00      0.00233298
    0.58892800   0.386220457E+00      0.00234377
    0.59127800   0.387587770E+00      0.00235466
    0.59363800   0.388960379E+00      0.00236564
    0.59600900   0.390338147E+00      0.00237672
    0.59839100   0.391721803E+00      0.00238789
    0.60078500   0.393111220E+00      0.00239916
    0.60319000   0.394506676E+00      0.00241053
    0.60560600   0.395907583E+00      0.00242200
    0.60803400   0.397313814E+00      0.00243358
    0.61047300   0.398725635E+00      0.00244525
    0.61292400   0.400143592E+00      0.00245702
    0.61538700   0.401567091E+00      0.00246890
    0.61786200   0.402996204E+00      0.00248089
    0.62034900   0.404430328E+00      0.00249298
    0.62284800   0.405870882E+00      0.00250518
    0.62535900   0.407315906E+00      0.00251749
    0.62788300   0.408767315E+00      0.00252991
    0.63041900   0.410224009E+00      0.00254244
    0.63296800   0.411685866E+00      0.00255509
    0.63552900   0.413153136E+00      0.00256785
    0.63810400   0.414626206E+00      0.00258073
    0.64069100   0.416104132E+00      0.00259372
    0.64329100   0.417587480E+00      0.00260683
    0.64590500   0.419076833E+00      0.00262006
    0.64853100   0.420570522E+00      0.00263341
    0.65117100   0.422069643E+00      0.00264689
    0.65382500   0.423574259E+00      0.00266049
    0.65649200   0.425083904E+00      0.00267421
    0.65917400   0.426598990E+00      0.00268806
    0.66186900   0.428118506E+00      0.00270204
    0.66457800   0.429643037E+00      0.00271616
    0.66730100   0.431172635E+00      0.00273040
    0.67003900   0.432707181E+00      0.00274478
    0.67279100   0.434246175E+00      0.00275929
    0.67555700   0.435790381E+00      0.00277394
    0.67833800   0.437338953E+00      0.00278873
    0.68113500   0.438892492E+00      0.00280365
    0.68394600   0.440449916E+00      0.00281872
    0.68677200   0.442012552E+00      0.00283394
    0.68961400   0.443579545E+00      0.00284930
    0.69247100   0.445150351E+00      0.00286480
    0.69534300   0.446724991E+00      0.00288046
    0.69823200   0.448304655E+00      0.00289626
    0.70113600   0.449888203E+00      0.00291222
    0.70405600   0.451475492E+00      0.00292834
    0.70699300   0.453067131E+00      0.00294461
    0.70994500   0.454661943E+00      0.00296104
    0.71291500   0.456260974E+00      0.00297763
    0.71590100   0.457863029E+00      0.00299439
    0.71890400   0.459469476E+00      0.00301130
    0.72192300   0.461077407E+00      0.00302839
    0.72496000   0.462689565E+00      0.00304565
    0.72801500   0.464305953E+00      0.00306307
    0.73108700   0.465923614E+00      0.00308068
    0.73417600   0.467544848E+00      0.00309845
    0.73728400   0.469168546E+00      0.00311641
    0.74040900   0.470794982E+00      0.00313455
    0.74355300   0.472423814E+00      0.00315287
    0.74671500   0.474054358E+00      0.00317137
    0.74989600   0.475687205E+00      0.00319007
    0.75309500   0.477321652E+00      0.00320895
    0.75631400   0.478958136E+00      0.00322803
    0.75955100   0.480596086E+00      0.00324730
    0.76280800   0.482235123E+00      0.00326677
    0.76608500   0.483875976E+00      0.00328644
    0.76938100   0.485517076E+00      0.00330632
    0.77269800   0.487159658E+00      0.00332640
    0.77603400   0.488801448E+00      0.00334670
    0.77939100   0.490444499E+00      0.00336720
    0.78276900   0.492087867E+00      0.00338792
    0.78616700   0.493730735E+00      0.00340886
    0.78958600   0.495371958E+00      0.00343002
    0.79302700   0.497014598E+00      0.00345140
    0.79648900   0.498654423E+00      0.00347301
    0.79997300   0.500294496E+00      0.00349485
    0.80347900   0.501932074E+00      0.00351693
    0.80700700   0.503568672E+00      0.00353924
    0.81055800   0.505203068E+00      0.00356179
    0.81413100   0.506834324E+00      0.00358459
    0.81772700   0.508463788E+00      0.00360764
    0.82134600   0.510089464E+00      0.00363093
    0.82498900   0.511712689E+00      0.00365448
    0.82865500   0.513331583E+00      0.00367829
    0.83234500   0.514945682E+00      0.00370236
    0.83606000   0.516557204E+00      0.00372670
    0.83979900   0.518162403E+00      0.00375131
    0.84356300   0.519763477E+00      0.00377619
    0.84735100   0.521357514E+00      0.00380134
    0.85116500   0.522946537E+00      0.00382678
    0.85500500   0.524529246E+00      0.00385251
    0.85887100   0.526105232E+00      0.00387853
    0.86276200   0.527673310E+00      0.00390484
    0.86668000   0.529233607E+00      0.00393145
    0.87062500   0.530785654E+00      0.00395836
    0.87459700   0.532329908E+00      0.00398558
    0.87859600   0.533863961E+00      0.00401312
    0.88262300   0.535388037E+00      0.00404097
    0.88667900   0.536903316E+00      0.00406914
    0.89076200   0.538406703E+00      0.00409765
    0.89487400   0.539899144E+00      0.00412648
    0.89901500   0.541379026E+00      0.00415565
    0.90318500   0.542846669E+00      0.00418517
    0.90738500   0.544301187E+00      0.00421503
    0.91161600   0.545742656E+00      0.00424525
    0.91587600   0.547168746E+00      0.00427582
    0.92016700   0.548579256E+00      0.00430676
    0.92449000   0.549976212E+00      0.00433807
    0.92884400   0.551355953E+00      0.00436976
    0.93322900   0.552717596E+00      0.00440183
    0.93764700   0.554061842E+00      0.00443429
    0.94209800   0.555388804E+00      0.00446714
    0.94658200   0.556695419E+00      0.00450040
    0.95109900   0.557982781E+00      0.00453406
    0.95565000   0.559249612E+00      0.00456814
    0.96023500   0.560493752E+00      0.00460264
    0.96485500   0.561715964E+00      0.00463756
    0.96951100   0.562915908E+00      0.00467293
    0.97420100   0.564090746E+00      0.00470873
    0.97892800   0.565241697E+00      0.00474499
    0.98369200   0.566367479E+00      0.00478170
    0.98849200   0.567465939E+00      0.00481887
    0.99332900   0.568536521E+00      0.00485652
    0.99820500   0.569579451E+00      0.00489465
    1.00312000   0.570593255E+00      0.00493327
    1.00807000   0.571573101E+00      0.00497239
    1.01306000   0.572522702E+00      0.00501201
    1.01810000   0.573448721E+00      0.00505215
    1.02317000   0.574332952E+00      0.00509281
    1.02828000   0.575181941E+00      0.00513400
    1.03344000   0.576002175E+00      0.00517574
    1.03863000   0.576776478E+00      0.00521803
    1.04387000   0.577519503E+00      0.00526087
    1.04916000   0.578229291E+00      0.00530429
    1.05448000   0.578888557E+00      0.00534829
    1.05985000   0.579510508E+00      0.00539288
    1.06527000   0.580095477E+00      0.00543808
    1.07073000   0.580633068E+00      0.00548388
    1.07624000   0.581129249E+00      0.00553031
    1.08179000   0.581574793E+00      0.00557738
    1.08739000   0.581974226E+00      0.00562509
    1.09304000   0.582327658E+00      0.00567346
    1.09874000   0.582633887E+00      0.00572251
    1.10448000   0.582880952E+00      0.00577223
    1.11028000   0.583083682E+00      0.00582265
    1.11613000   0.583233938E+00      0.00587379
    1.12203000   0.583327615E+00      0.00592564
    1.12798000   0.583363216E+00      0.00597823
    1.13399000   0.583347105E+00      0.00603157
    1.14005000   0.583268333E+00      0.00608567
    1.14616000   0.583126644E+00      0.00614055
    1.15233000   0.582926737E+00      0.00619623
    1.15855000   0.582657590E+00      0.00625272
    1.16483000   0.582327932E+00      0.00631003
    1.17117000   0.581931484E+00      0.00636818
    1.17757000   0.581469070E+00      0.00642718
    1.18403000   0.580937147E+00      0.00648707
    1.19054000   0.580326128E+00      0.00654784
    1.19712000   0.579648743E+00      0.00660952
    1.20376000   0.578895252E+00      0.00667213
    1.21047000   0.578069068E+00      0.00673569
    1.21723000   0.577154840E+00      0.00680021
    1.22407000   0.576170090E+00      0.00686572
    1.23097000   0.575099477E+00      0.00693223
    1.23793000   0.573938979E+00      0.00699977
    1.24497000   0.572701291E+00      0.00706835
    1.25207000   0.571366720E+00      0.00713800
    1.25924000   0.569944115E+00      0.00720875
    1.26649000   0.568432299E+00      0.00728060
    1.27380000   0.566818445E+00      0.00735359
    1.28119000   0.565110920E+00      0.00742775
    1.28866000   0.563306422E+00      0.00750309
    1.29620000   0.561397202E+00      0.00757963
    1.30382000   0.559382860E+00      0.00765742
    1.31152000   0.557263390E+00      0.00773647
    1.31929000   0.555027981E+00      0.00781681
    1.32715000   0.552686534E+00      0.00789847
    1.33509000   0.550226321E+00      0.00798148
    1.34311000   0.547645661E+00      0.00806586
    1.35122000   0.544948127E+00      0.00815166
    1.35942000   0.542126377E+00      0.00823889
    1.36770000   0.539173510E+00      0.00832760
    1.37607000   0.536089147E+00      0.00841781
    1.38454000   0.532875964E+00      0.00850957
    1.39309000   0.529521003E+00      0.00860289
    1.40174000   0.526027817E+00      0.00869783
    1.41049000   0.522392379E+00      0.00879442
    1.41933000   0.518604938E+00      0.00889269
    1.42828000   0.514673412E+00      0.00899269
    1.43732000   0.510582642E+00      0.00909446
    1.44646000   0.506332926E+00      0.00919804
    1.45572000   0.501927190E+00      0.00930347
    1.46507000   0.497350091E+00      0.00941079
    1.47454000   0.492609477E+00      0.00952005
    1.48411000   0.487694163E+00      0.00963131
    1.49380000   0.482604382E+00      0.00974460
    1.50360000   0.477334379E+00      0.00985998
    1.51352000   0.471883517E+00      0.00997750
    1.52356000   0.466248883E+00      0.01009720
    1.53372000   0.460423908E+00      0.01021920
    1.54400000   0.454406409E+00      0.01034340
    1.55440000   0.448196680E+00      0.01047000
    1.56494000   0.441791326E+00      0.01059910
    1.57560000   0.435184837E+00      0.01073060
    1.58640000   0.428380115E+00      0.01086470
    1.59733000   0.421371960E+00      0.01100140
    1.60840000   0.414160932E+00      0.01114070
    1.61962000   0.406747453E+00      0.01128290
    1.63097000   0.399128835E+00      0.01142780
    1.64247000   0.391308800E+00      0.01157570
    1.65412000   0.383285701E+00      0.01172650
    1.66593000   0.375061941E+00      0.01188040
    1.67789000   0.366640469E+00      0.01203740
    1.69000000   0.358024761E+00      0.01219770
    1.70228000   0.349218271E+00      0.01236120
    1.71473000   0.340225645E+00      0.01252820
    1.72734000   0.331054805E+00      0.01269870
    1.74012000   0.321713435E+00      0.01287280
    1.75309000   0.312205586E+00      0.01305060
    1.76623000   0.302545354E+00      0.01323220
    1.77955000   0.292741765E+00      0.01341780
    1.79306000   0.282806640E+00      0.01360730
    1.80677000   0.272752724E+00      0.01380110
    1.82067000   0.262596210E+00      0.01399910
    1.83477000   0.252351016E+00      0.01420150
    1.84907000   0.242039005E+00      0.01440840
    1.86359000   0.231671517E+00      0.01462000
    1.87831000   0.221277984E+00      0.01483640
    1.89326000   0.210870740E+00      0.01505780
    1.90843000   0.200478552E+00      0.01528430
    1.92383000   0.190122893E+00      0.01551600
    1.93947000   0.179827836E+00      0.01575320
    1.95534000   0.169623970E+00      0.01599600
    1.97146000   0.159533481E+00      0.01624460
    1.98783000   0.149584817E+00      0.01649910
    2.00446000   0.139803382E+00      0.01675980
    2.02135000   0.130222111E+00      0.01702690
    2.03852000   0.120860458E+00      0.01730050
    2.05596000   0.111752936E+00      0.01758100
    2.07368000   0.102924277E+00      0.01786840
    2.09169000   0.943986351E-01      0.01816310
    2.11001000   0.861961938E-01      0.01846520
    2.12863000   0.783442045E-01      0.01877520
    2.14756000   0.708616667E-01      0.01909310
    2.16682000   0.637631432E-01      0.01941930
    2.18640000   0.570677752E-01      0.01975420
    2.20633000   0.507822842E-01      0.02009790
    2.22660000   0.449192456E-01      0.02045080
    2.24723000   0.394812544E-01      0.02081330
    2.26823000   0.344696336E-01      0.02118560
    2.28961000   0.298821251E-01      0.02156820
    2.31137000   0.257140450E-01      0.02196150
    2.33353000   0.219542534E-01      0.02236570
    2.35611000   0.185885919E-01      0.02278140
    2.37910000   0.156031655E-01      0.02320900
    2.40253000   0.129766679E-01      0.02364890
    2.42640000   0.106884444E-01      0.02410160
    2.45074000   0.871340037E-02      0.02456770
    2.47554000   0.702762468E-02      0.02504760
    2.50084000   0.560330522E-02      0.02554190
    2.52663000   0.441472007E-02      0.02605110
    2.55294000   0.343444330E-02      0.02657600
    2.57979000   0.263627041E-02      0.02711710
    2.60718000   0.199550809E-02      0.02767510
    2.63514000   0.148824597E-02      0.02825070
    2.66369000   0.109270605E-02      0.02884470
    2.69284000   0.789258204E-03      0.02945790
    2.72261000   0.560339146E-03      0.03009110
    2.75303000   0.390635611E-03      0.03074510
    2.78411000   0.267198913E-03      0.03142090
    2.81588000   0.179139677E-03      0.03211960
    2.84836000   0.117607296E-03      0.03284200
    2.88157000   0.755349414E-04      0.03358930
    2.91555000   0.474043509E-04      0.03436280
    2.95031000   0.290452479E-04      0.03516350
    2.98588000   0.173561076E-04      0.03599280
    3.02230000   0.101024579E-04      0.03685210
    3.05960000   0.572182117E-05      0.03774280
    3.09780000   0.315049198E-05      0.03866650
    3.13694000   0.168444325E-05      0.03962490
    3.17706000   0.873510677E-06      0.04061970
    3.21819000   0.438924317E-06      0.04165270
    3.26038000   0.213441954E-06      0.04272590
    3.30366000   0.100354078E-06      0.04384160
    3.34808000   0.100000000E-06      0.04500180
    3.39368000   0.100000000E-06      0.04620910
    3.44051000   0.100000000E-06      0.04746600
    3.48863000   0.100000000E-06      0.04877530
    3.53808000   0.100000000E-06      0.05013990
    3.58893000   0.100000000E-06      0.05156300
    3.64123000   0.100000000E-06      0.05304790
    3.69505000   0.100000000E-06      0.05459840
    3.75045000   0.100000000E-06      0.05621820
    3.80751000   0.100000000E-06      0.05791170
    3.86630000   0.100000000E-06      0.05968340
    3.92690000   0.100000000E-06      0.06153810
    3.98940000   0.100000000E-06      0.06348110
    4.05389000   0.100000000E-06      0.06551810
    4.12047000   0.100000000E-06      0.06765530
    4.18924000   0.100000000E-06      0.06989940
    4.26031000   0.100000000E-06      0.07225760
    4.33380000   0.100000000E-06      0.07473770
    4.40983000   0.100000000E-06      0.07734830
    4.48854000   0.100000000E-06      0.08009880
    4.57008000   0.100000000E-06      0.08299930
    4.65459000   0.100000000E-06      0.08606090
    4.74226000   0.100000000E-06      0.08929580
    4.83325000   0.100000000E-06      0.09271730
    4.92776000   0.100000000E-06      0.09634000
    5.02600000   0.100000000E-06      0.10018000
    5.12820000   0.100000000E-06      0.10425500
    5.23459000   0.100000000E-06      0.10858500
    5.34546000   0.100000000E-06      0.11319100
    5.46108000   0.100000000E-06      0.11809800
    5.58176000   0.100000000E-06      0.12333100
    5.70786000   0.100000000E-06      0.12892200
    5.83974000   0.100000000E-06      0.13490200
    5.97780000   0.100000000E-06      0.14130900
    6.12251000   0.100000000E-06      0.14818600
    6.27435000   0.100000000E-06      0.15557700
    6.43385000   0.100000000E-06      0.16353800
    6.60163000   0.100000000E-06      0.17212600
    6.77834000   0.100000000E-06      0.18141100
    6.96471000   0.100000000E-06      0.19146900
    7.16156000   0.100000000E-06      0.20238900
    7.36981000   0.100000000E-06      0.21427300
    7.59047000   0.100000000E-06      0.22723600
    7.82469000   0.100000000E-06      0.24141500
