  #normalor:   3.14159265358979
-.782469E+01 0.109744E-04 0.241415E+00
-.759047E+01 0.151368E-04 0.227236E+00
-.736981E+01 0.205595E-04 0.214273E+00
-.716156E+01 0.275241E-04 0.202389E+00
-.696471E+01 0.363491E-04 0.191469E+00
-.677834E+01 0.473877E-04 0.181411E+00
-.660163E+01 0.610264E-04 0.172126E+00
-.643385E+01 0.776809E-04 0.163538E+00
-.627435E+01 0.977916E-04 0.155577E+00
-.612251E+01 0.121819E-03 0.148186E+00
-.597780E+01 0.150237E-03 0.141309E+00
-.583974E+01 0.183531E-03 0.134902E+00
-.570786E+01 0.222184E-03 0.128922E+00
-.558176E+01 0.266683E-03 0.123331E+00
-.546108E+01 0.317506E-03 0.118098E+00
-.534546E+01 0.375120E-03 0.113191E+00
-.523459E+01 0.439981E-03 0.108585E+00
-.512820E+01 0.512530E-03 0.104255E+00
-.502600E+01 0.593193E-03 0.100180E+00
-.492776E+01 0.682376E-03 0.963400E-01
-.483325E+01 0.780471E-03 0.927173E-01
-.474226E+01 0.887853E-03 0.892958E-01
-.465459E+01 0.100488E-02 0.860609E-01
-.457008E+01 0.113189E-02 0.829993E-01
-.448854E+01 0.126922E-02 0.800988E-01
-.440983E+01 0.141717E-02 0.773483E-01
-.433380E+01 0.157604E-02 0.747377E-01
-.426031E+01 0.174612E-02 0.722576E-01
-.418924E+01 0.192768E-02 0.698994E-01
-.412047E+01 0.212097E-02 0.676553E-01
-.405389E+01 0.232624E-02 0.655181E-01
-.398940E+01 0.254372E-02 0.634811E-01
-.392690E+01 0.277363E-02 0.615381E-01
-.386630E+01 0.301616E-02 0.596834E-01
-.380751E+01 0.327152E-02 0.579117E-01
-.375045E+01 0.353988E-02 0.562182E-01
-.369505E+01 0.382140E-02 0.545984E-01
-.364123E+01 0.411623E-02 0.530479E-01
-.358893E+01 0.442450E-02 0.515630E-01
-.353808E+01 0.474635E-02 0.501399E-01
-.348863E+01 0.508188E-02 0.487753E-01
-.344051E+01 0.543117E-02 0.474660E-01
-.339368E+01 0.579432E-02 0.462091E-01
-.334808E+01 0.617139E-02 0.450018E-01
-.330366E+01 0.656242E-02 0.438416E-01
-.326038E+01 0.696746E-02 0.427259E-01
-.321819E+01 0.738654E-02 0.416527E-01
-.317706E+01 0.781966E-02 0.406197E-01
-.313694E+01 0.826683E-02 0.396249E-01
-.309780E+01 0.872804E-02 0.386665E-01
-.305960E+01 0.920326E-02 0.377428E-01
-.302230E+01 0.969247E-02 0.368521E-01
-.298588E+01 0.101956E-01 0.359928E-01
-.295031E+01 0.107126E-01 0.351635E-01
-.291555E+01 0.112435E-01 0.343628E-01
-.288157E+01 0.117881E-01 0.335893E-01
-.284836E+01 0.123463E-01 0.328420E-01
-.281588E+01 0.129181E-01 0.321196E-01
-.278411E+01 0.135034E-01 0.314209E-01
-.275303E+01 0.141021E-01 0.307451E-01
-.272261E+01 0.147140E-01 0.300911E-01
-.269284E+01 0.153391E-01 0.294579E-01
-.266369E+01 0.159772E-01 0.288447E-01
-.263514E+01 0.166283E-01 0.282507E-01
-.260718E+01 0.172921E-01 0.276751E-01
-.257979E+01 0.179685E-01 0.271171E-01
-.255294E+01 0.186575E-01 0.265760E-01
-.252663E+01 0.193588E-01 0.260511E-01
-.250084E+01 0.200724E-01 0.255419E-01
-.247554E+01 0.207980E-01 0.250476E-01
-.245074E+01 0.215356E-01 0.245677E-01
-.242640E+01 0.222850E-01 0.241016E-01
-.240253E+01 0.230460E-01 0.236489E-01
-.237910E+01 0.238186E-01 0.232090E-01
-.235611E+01 0.246025E-01 0.227814E-01
-.233353E+01 0.253976E-01 0.223657E-01
-.231137E+01 0.262037E-01 0.219615E-01
-.228961E+01 0.270208E-01 0.215682E-01
-.226823E+01 0.278487E-01 0.211856E-01
-.224723E+01 0.286872E-01 0.208133E-01
-.222660E+01 0.295362E-01 0.204508E-01
-.220633E+01 0.303955E-01 0.200979E-01
-.218640E+01 0.312651E-01 0.197542E-01
-.216682E+01 0.321446E-01 0.194193E-01
-.214756E+01 0.330341E-01 0.190931E-01
-.212863E+01 0.339334E-01 0.187752E-01
-.211001E+01 0.348424E-01 0.184652E-01
-.209169E+01 0.357608E-01 0.181631E-01
-.207368E+01 0.366887E-01 0.178684E-01
-.205596E+01 0.376258E-01 0.175810E-01
-.203852E+01 0.385720E-01 0.173005E-01
-.202135E+01 0.395272E-01 0.170269E-01
-.200446E+01 0.404913E-01 0.167598E-01
-.198783E+01 0.414642E-01 0.164991E-01
-.197146E+01 0.424457E-01 0.162446E-01
-.195534E+01 0.434357E-01 0.159960E-01
-.193947E+01 0.444340E-01 0.157532E-01
-.192383E+01 0.454407E-01 0.155160E-01
-.190843E+01 0.464555E-01 0.152843E-01
-.189326E+01 0.474784E-01 0.150578E-01
-.187831E+01 0.485092E-01 0.148364E-01
-.186359E+01 0.495479E-01 0.146200E-01
-.184907E+01 0.505943E-01 0.144084E-01
-.183477E+01 0.516483E-01 0.142015E-01
-.182067E+01 0.527098E-01 0.139991E-01
-.180677E+01 0.537787E-01 0.138011E-01
-.179306E+01 0.548550E-01 0.136073E-01
-.177955E+01 0.559384E-01 0.134178E-01
-.176623E+01 0.570290E-01 0.132322E-01
-.175309E+01 0.581266E-01 0.130506E-01
-.174012E+01 0.592311E-01 0.128728E-01
-.172734E+01 0.603424E-01 0.126987E-01
-.171473E+01 0.614604E-01 0.125282E-01
-.170228E+01 0.625851E-01 0.123612E-01
-.169000E+01 0.637164E-01 0.121977E-01
-.167789E+01 0.648541E-01 0.120374E-01
-.166593E+01 0.659982E-01 0.118804E-01
-.165412E+01 0.671485E-01 0.117265E-01
-.164247E+01 0.683050E-01 0.115757E-01
-.163097E+01 0.694677E-01 0.114278E-01
-.161962E+01 0.706363E-01 0.112829E-01
-.160840E+01 0.718109E-01 0.111407E-01
-.159733E+01 0.729913E-01 0.110014E-01
-.158640E+01 0.741775E-01 0.108647E-01
-.157560E+01 0.753693E-01 0.107306E-01
-.156494E+01 0.765668E-01 0.105991E-01
-.155440E+01 0.777697E-01 0.104700E-01
-.154400E+01 0.789781E-01 0.103434E-01
-.153372E+01 0.801919E-01 0.102192E-01
-.152356E+01 0.814109E-01 0.100972E-01
-.151352E+01 0.826350E-01 0.997750E-02
-.150360E+01 0.838643E-01 0.985998E-02
-.149380E+01 0.850986E-01 0.974460E-02
-.148411E+01 0.863378E-01 0.963131E-02
-.147454E+01 0.875819E-01 0.952005E-02
-.146507E+01 0.888308E-01 0.941079E-02
-.145572E+01 0.900844E-01 0.930347E-02
-.144646E+01 0.913426E-01 0.919804E-02
-.143732E+01 0.926054E-01 0.909446E-02
-.142828E+01 0.938726E-01 0.899269E-02
-.141933E+01 0.951442E-01 0.889269E-02
-.141049E+01 0.964201E-01 0.879442E-02
-.140174E+01 0.977002E-01 0.869783E-02
-.139309E+01 0.989845E-01 0.860289E-02
-.138454E+01 0.100273E+00 0.850957E-02
-.137607E+01 0.101565E+00 0.841781E-02
-.136770E+01 0.102861E+00 0.832760E-02
-.135942E+01 0.104161E+00 0.823889E-02
-.135122E+01 0.105465E+00 0.815166E-02
-.134311E+01 0.106773E+00 0.806586E-02
-.133509E+01 0.108084E+00 0.798148E-02
-.132715E+01 0.109399E+00 0.789847E-02
-.131929E+01 0.110717E+00 0.781681E-02
-.131152E+01 0.112038E+00 0.773647E-02
-.130382E+01 0.113363E+00 0.765742E-02
-.129620E+01 0.114691E+00 0.757963E-02
-.128866E+01 0.116022E+00 0.750309E-02
-.128119E+01 0.117356E+00 0.742775E-02
-.127380E+01 0.118693E+00 0.735359E-02
-.126649E+01 0.120033E+00 0.728060E-02
-.125924E+01 0.121376E+00 0.720875E-02
-.125207E+01 0.122722E+00 0.713800E-02
-.124497E+01 0.124070E+00 0.706835E-02
-.123793E+01 0.125421E+00 0.699977E-02
-.123097E+01 0.126774E+00 0.693223E-02
-.122407E+01 0.128130E+00 0.686572E-02
-.121723E+01 0.129488E+00 0.680021E-02
-.121047E+01 0.130848E+00 0.673569E-02
-.120376E+01 0.132211E+00 0.667213E-02
-.119712E+01 0.133575E+00 0.660952E-02
-.119054E+01 0.134942E+00 0.654784E-02
-.118403E+01 0.136311E+00 0.648707E-02
-.117757E+01 0.137681E+00 0.642718E-02
-.117117E+01 0.139054E+00 0.636818E-02
-.116483E+01 0.140428E+00 0.631003E-02
-.115855E+01 0.141803E+00 0.625272E-02
-.115233E+01 0.143181E+00 0.619623E-02
-.114616E+01 0.144559E+00 0.614055E-02
-.114005E+01 0.145940E+00 0.608567E-02
-.113399E+01 0.147321E+00 0.603157E-02
-.112798E+01 0.148704E+00 0.597823E-02
-.112203E+01 0.150088E+00 0.592564E-02
-.111613E+01 0.151473E+00 0.587379E-02
-.111028E+01 0.152859E+00 0.582265E-02
-.110448E+01 0.154246E+00 0.577223E-02
-.109874E+01 0.155634E+00 0.572251E-02
-.109304E+01 0.157023E+00 0.567346E-02
-.108739E+01 0.158413E+00 0.562509E-02
-.108179E+01 0.159803E+00 0.557738E-02
-.107624E+01 0.161194E+00 0.553031E-02
-.107073E+01 0.162585E+00 0.548388E-02
-.106527E+01 0.163977E+00 0.543808E-02
-.105985E+01 0.165369E+00 0.539288E-02
-.105448E+01 0.166761E+00 0.534829E-02
-.104916E+01 0.168154E+00 0.530429E-02
-.104387E+01 0.169547E+00 0.526087E-02
-.103863E+01 0.170939E+00 0.521803E-02
-.103344E+01 0.172332E+00 0.517574E-02
-.102828E+01 0.173725E+00 0.513400E-02
-.102317E+01 0.175117E+00 0.509281E-02
-.101810E+01 0.176510E+00 0.505215E-02
-.101306E+01 0.177902E+00 0.501201E-02
-.100807E+01 0.179294E+00 0.497239E-02
-.100312E+01 0.180685E+00 0.493327E-02
-.998205E+00 0.182076E+00 0.489465E-02
-.993329E+00 0.183466E+00 0.485652E-02
-.988492E+00 0.184856E+00 0.481887E-02
-.983692E+00 0.186245E+00 0.478170E-02
-.978928E+00 0.187633E+00 0.474499E-02
-.974201E+00 0.189020E+00 0.470873E-02
-.969511E+00 0.190407E+00 0.467293E-02
-.964855E+00 0.191792E+00 0.463756E-02
-.960235E+00 0.193177E+00 0.460264E-02
-.955650E+00 0.194560E+00 0.456814E-02
-.951099E+00 0.195943E+00 0.453406E-02
-.946582E+00 0.197324E+00 0.450040E-02
-.942098E+00 0.198703E+00 0.446714E-02
-.937647E+00 0.200082E+00 0.443429E-02
-.933229E+00 0.201459E+00 0.440183E-02
-.928844E+00 0.202835E+00 0.436976E-02
-.924490E+00 0.204209E+00 0.433807E-02
-.920167E+00 0.205581E+00 0.430676E-02
-.915876E+00 0.206952E+00 0.427582E-02
-.911616E+00 0.208321E+00 0.424525E-02
-.907385E+00 0.209689E+00 0.421503E-02
-.903185E+00 0.211054E+00 0.418517E-02
-.899015E+00 0.212418E+00 0.415565E-02
-.894874E+00 0.213780E+00 0.412648E-02
-.890762E+00 0.215140E+00 0.409765E-02
-.886679E+00 0.216498E+00 0.406914E-02
-.882623E+00 0.217854E+00 0.404097E-02
-.878596E+00 0.219208E+00 0.401312E-02
-.874597E+00 0.220559E+00 0.398558E-02
-.870625E+00 0.221909E+00 0.395836E-02
-.866680E+00 0.223256E+00 0.393145E-02
-.862762E+00 0.224600E+00 0.390484E-02
-.858871E+00 0.225943E+00 0.387853E-02
-.855005E+00 0.227283E+00 0.385251E-02
-.851165E+00 0.228620E+00 0.382678E-02
-.847351E+00 0.229955E+00 0.380134E-02
-.843563E+00 0.231288E+00 0.377619E-02
-.839799E+00 0.232617E+00 0.375131E-02
-.836060E+00 0.233945E+00 0.372670E-02
-.832345E+00 0.235269E+00 0.370236E-02
-.828655E+00 0.236591E+00 0.367829E-02
-.824989E+00 0.237910E+00 0.365448E-02
-.821346E+00 0.239226E+00 0.363093E-02
-.817727E+00 0.240539E+00 0.360764E-02
-.814131E+00 0.241850E+00 0.358459E-02
-.810558E+00 0.243157E+00 0.356179E-02
-.807007E+00 0.244462E+00 0.353924E-02
-.803479E+00 0.245763E+00 0.351693E-02
-.799973E+00 0.247062E+00 0.349485E-02
-.796489E+00 0.248357E+00 0.347301E-02
-.793027E+00 0.249650E+00 0.345140E-02
-.789586E+00 0.250939E+00 0.343002E-02
-.786167E+00 0.252225E+00 0.340886E-02
-.782769E+00 0.253508E+00 0.338792E-02
-.779391E+00 0.254787E+00 0.336720E-02
-.776034E+00 0.256063E+00 0.334670E-02
-.772698E+00 0.257336E+00 0.332640E-02
-.769381E+00 0.258606E+00 0.330632E-02
-.766085E+00 0.259872E+00 0.328644E-02
-.762808E+00 0.261135E+00 0.326677E-02
-.759551E+00 0.262394E+00 0.324730E-02
-.756314E+00 0.263650E+00 0.322803E-02
-.753095E+00 0.264903E+00 0.320895E-02
-.749896E+00 0.266152E+00 0.319007E-02
-.746715E+00 0.267397E+00 0.317137E-02
-.743553E+00 0.268639E+00 0.315287E-02
-.740409E+00 0.269878E+00 0.313455E-02
-.737284E+00 0.271112E+00 0.311641E-02
-.734176E+00 0.272344E+00 0.309845E-02
-.731087E+00 0.273571E+00 0.308068E-02
-.728015E+00 0.274795E+00 0.306307E-02
-.724960E+00 0.276015E+00 0.304565E-02
-.721923E+00 0.277232E+00 0.302839E-02
-.718904E+00 0.278444E+00 0.301130E-02
-.715901E+00 0.279653E+00 0.299439E-02
-.712915E+00 0.280859E+00 0.297763E-02
-.709945E+00 0.282060E+00 0.296104E-02
-.706993E+00 0.283258E+00 0.294461E-02
-.704056E+00 0.284451E+00 0.292834E-02
-.701136E+00 0.285642E+00 0.291222E-02
-.698232E+00 0.286828E+00 0.289626E-02
-.695343E+00 0.288010E+00 0.288046E-02
-.692471E+00 0.289189E+00 0.286480E-02
-.689614E+00 0.290363E+00 0.284930E-02
-.686772E+00 0.291534E+00 0.283394E-02
-.683946E+00 0.292701E+00 0.281872E-02
-.681135E+00 0.293864E+00 0.280365E-02
-.678338E+00 0.295022E+00 0.278873E-02
-.675557E+00 0.296177E+00 0.277394E-02
-.672791E+00 0.297329E+00 0.275929E-02
-.670039E+00 0.298476E+00 0.274478E-02
-.667301E+00 0.299619E+00 0.273040E-02
-.664578E+00 0.300758E+00 0.271616E-02
-.661869E+00 0.301893E+00 0.270204E-02
-.659174E+00 0.303024E+00 0.268806E-02
-.656492E+00 0.304151E+00 0.267421E-02
-.653825E+00 0.305275E+00 0.266049E-02
-.651171E+00 0.306394E+00 0.264689E-02
-.648531E+00 0.307509E+00 0.263341E-02
-.645905E+00 0.308620E+00 0.262006E-02
-.643291E+00 0.309727E+00 0.260683E-02
-.640691E+00 0.310830E+00 0.259372E-02
-.638104E+00 0.311929E+00 0.258073E-02
-.635529E+00 0.313024E+00 0.256785E-02
-.632968E+00 0.314115E+00 0.255509E-02
-.630419E+00 0.315202E+00 0.254244E-02
-.627883E+00 0.316285E+00 0.252991E-02
-.625359E+00 0.317363E+00 0.251749E-02
-.622848E+00 0.318438E+00 0.250518E-02
-.620349E+00 0.319509E+00 0.249298E-02
-.617862E+00 0.320575E+00 0.248089E-02
-.615387E+00 0.321638E+00 0.246890E-02
-.612924E+00 0.322696E+00 0.245702E-02
-.610473E+00 0.323751E+00 0.244525E-02
-.608034E+00 0.324801E+00 0.243358E-02
-.605606E+00 0.325847E+00 0.242200E-02
-.603190E+00 0.326890E+00 0.241053E-02
-.600785E+00 0.327928E+00 0.239916E-02
-.598391E+00 0.328962E+00 0.238789E-02
-.596009E+00 0.329992E+00 0.237672E-02
-.593638E+00 0.331018E+00 0.236564E-02
-.591278E+00 0.332040E+00 0.235466E-02
-.588928E+00 0.333058E+00 0.234377E-02
-.586590E+00 0.334072E+00 0.233298E-02
-.584262E+00 0.335082E+00 0.232228E-02
-.581945E+00 0.336087E+00 0.231166E-02
-.579639E+00 0.337089E+00 0.230114E-02
-.577343E+00 0.338087E+00 0.229071E-02
-.575058E+00 0.339081E+00 0.228037E-02
-.572782E+00 0.340070E+00 0.227011E-02
-.570517E+00 0.341056E+00 0.225994E-02
-.568262E+00 0.342038E+00 0.224986E-02
-.566018E+00 0.343015E+00 0.223986E-02
-.563783E+00 0.343989E+00 0.222995E-02
-.561558E+00 0.344959E+00 0.222011E-02
-.559342E+00 0.345924E+00 0.221036E-02
-.557137E+00 0.346886E+00 0.220069E-02
-.554941E+00 0.347844E+00 0.219110E-02
-.552755E+00 0.348798E+00 0.218159E-02
-.550578E+00 0.349747E+00 0.217216E-02
-.548410E+00 0.350693E+00 0.216281E-02
-.546252E+00 0.351635E+00 0.215353E-02
-.544103E+00 0.352573E+00 0.214433E-02
-.541963E+00 0.353507E+00 0.213520E-02
-.539833E+00 0.354437E+00 0.212615E-02
-.537711E+00 0.355363E+00 0.211717E-02
-.535598E+00 0.356286E+00 0.210827E-02
-.533495E+00 0.357204E+00 0.209943E-02
-.531400E+00 0.358119E+00 0.209067E-02
-.529313E+00 0.359029E+00 0.208198E-02
-.527236E+00 0.359936E+00 0.207336E-02
-.525166E+00 0.360839E+00 0.206481E-02
-.523106E+00 0.361738E+00 0.205633E-02
-.521054E+00 0.362633E+00 0.204791E-02
-.519010E+00 0.363524E+00 0.203957E-02
-.516975E+00 0.364412E+00 0.203129E-02
-.514947E+00 0.365296E+00 0.202307E-02
-.512928E+00 0.366175E+00 0.201492E-02
-.510918E+00 0.367051E+00 0.200684E-02
-.508915E+00 0.367924E+00 0.199882E-02
-.506920E+00 0.368792E+00 0.199086E-02
-.504933E+00 0.369657E+00 0.198296E-02
-.502954E+00 0.370518E+00 0.197513E-02
-.500983E+00 0.371375E+00 0.196736E-02
-.499019E+00 0.372229E+00 0.195965E-02
-.497063E+00 0.373078E+00 0.195200E-02
-.495115E+00 0.373924E+00 0.194441E-02
-.493175E+00 0.374767E+00 0.193688E-02
-.491241E+00 0.375605E+00 0.192940E-02
-.489316E+00 0.376440E+00 0.192199E-02
-.487397E+00 0.377271E+00 0.191463E-02
-.485486E+00 0.378099E+00 0.190733E-02
-.483583E+00 0.378923E+00 0.190008E-02
-.481686E+00 0.379743E+00 0.189289E-02
-.479797E+00 0.380560E+00 0.188576E-02
-.477915E+00 0.381373E+00 0.187868E-02
-.476040E+00 0.382182E+00 0.187166E-02
-.474171E+00 0.382988E+00 0.186469E-02
-.472310E+00 0.383790E+00 0.185777E-02
-.470456E+00 0.384589E+00 0.185090E-02
-.468608E+00 0.385384E+00 0.184409E-02
-.466768E+00 0.386175E+00 0.183733E-02
-.464934E+00 0.386963E+00 0.183062E-02
-.463106E+00 0.387748E+00 0.182396E-02
-.461286E+00 0.388529E+00 0.181735E-02
-.459472E+00 0.389306E+00 0.181079E-02
-.457664E+00 0.390080E+00 0.180428E-02
-.455863E+00 0.390851E+00 0.179782E-02
-.454069E+00 0.391617E+00 0.179141E-02
-.452280E+00 0.392381E+00 0.178504E-02
-.450498E+00 0.393141E+00 0.177873E-02
-.448723E+00 0.393897E+00 0.177246E-02
-.446953E+00 0.394651E+00 0.176623E-02
-.445190E+00 0.395400E+00 0.176006E-02
-.443433E+00 0.396147E+00 0.175392E-02
-.441682E+00 0.396890E+00 0.174784E-02
-.439938E+00 0.397629E+00 0.174180E-02
-.438199E+00 0.398365E+00 0.173580E-02
-.436466E+00 0.399098E+00 0.172985E-02
-.434739E+00 0.399828E+00 0.172394E-02
-.433018E+00 0.400554E+00 0.171808E-02
-.431303E+00 0.401277E+00 0.171226E-02
-.429594E+00 0.401996E+00 0.170648E-02
-.427890E+00 0.402712E+00 0.170074E-02
-.426192E+00 0.403425E+00 0.169505E-02
-.424500E+00 0.404135E+00 0.168939E-02
-.422813E+00 0.404841E+00 0.168378E-02
-.421132E+00 0.405544E+00 0.167821E-02
-.419457E+00 0.406244E+00 0.167268E-02
-.417787E+00 0.406941E+00 0.166719E-02
-.416123E+00 0.407634E+00 0.166174E-02
-.414463E+00 0.408324E+00 0.165633E-02
-.412810E+00 0.409011E+00 0.165095E-02
-.411162E+00 0.409695E+00 0.164562E-02
-.409519E+00 0.410376E+00 0.164033E-02
-.407881E+00 0.411053E+00 0.163507E-02
-.406248E+00 0.411728E+00 0.162985E-02
-.404621E+00 0.412399E+00 0.162467E-02
-.402999E+00 0.413067E+00 0.161952E-02
-.401382E+00 0.413732E+00 0.161442E-02
-.399770E+00 0.414394E+00 0.160934E-02
-.398163E+00 0.415053E+00 0.160431E-02
-.396562E+00 0.415708E+00 0.159931E-02
-.394965E+00 0.416361E+00 0.159435E-02
-.393373E+00 0.417011E+00 0.158942E-02
-.391786E+00 0.417657E+00 0.158453E-02
-.390204E+00 0.418301E+00 0.157967E-02
-.388627E+00 0.418941E+00 0.157484E-02
-.387054E+00 0.419579E+00 0.157005E-02
-.385486E+00 0.420213E+00 0.156530E-02
-.383924E+00 0.420845E+00 0.156058E-02
-.382365E+00 0.421473E+00 0.155589E-02
-.380812E+00 0.422099E+00 0.155123E-02
-.379263E+00 0.422722E+00 0.154661E-02
-.377719E+00 0.423341E+00 0.154202E-02
-.376179E+00 0.423958E+00 0.153746E-02
-.374644E+00 0.424572E+00 0.153293E-02
-.373113E+00 0.425183E+00 0.152844E-02
-.371587E+00 0.425791E+00 0.152397E-02
-.370065E+00 0.426396E+00 0.151954E-02
-.368548E+00 0.426998E+00 0.151514E-02
-.367035E+00 0.427598E+00 0.151077E-02
-.365526E+00 0.428194E+00 0.150643E-02
-.364022E+00 0.428788E+00 0.150212E-02
-.362522E+00 0.429379E+00 0.149784E-02
-.361026E+00 0.429967E+00 0.149359E-02
-.359535E+00 0.430552E+00 0.148937E-02
-.358047E+00 0.431135E+00 0.148518E-02
-.356564E+00 0.431714E+00 0.148102E-02
-.355085E+00 0.432291E+00 0.147688E-02
-.353610E+00 0.432865E+00 0.147278E-02
-.352140E+00 0.433437E+00 0.146870E-02
-.350673E+00 0.434005E+00 0.146466E-02
-.349210E+00 0.434571E+00 0.146064E-02
-.347752E+00 0.435135E+00 0.145664E-02
-.346297E+00 0.435695E+00 0.145268E-02
-.344846E+00 0.436253E+00 0.144874E-02
-.343400E+00 0.436808E+00 0.144483E-02
-.341957E+00 0.437360E+00 0.144095E-02
-.340518E+00 0.437910E+00 0.143709E-02
-.339083E+00 0.438457E+00 0.143326E-02
-.337651E+00 0.439002E+00 0.142946E-02
-.336224E+00 0.439543E+00 0.142568E-02
-.334800E+00 0.440083E+00 0.142193E-02
-.333380E+00 0.440619E+00 0.141820E-02
-.331963E+00 0.441153E+00 0.141450E-02
-.330551E+00 0.441684E+00 0.141083E-02
-.329142E+00 0.442213E+00 0.140718E-02
-.327736E+00 0.442739E+00 0.140355E-02
-.326335E+00 0.443263E+00 0.139995E-02
-.324936E+00 0.443784E+00 0.139637E-02
-.323542E+00 0.444303E+00 0.139282E-02
-.322151E+00 0.444819E+00 0.138930E-02
-.320763E+00 0.445332E+00 0.138579E-02
-.319379E+00 0.445843E+00 0.138231E-02
-.317999E+00 0.446351E+00 0.137886E-02
-.316622E+00 0.446857E+00 0.137543E-02
-.315248E+00 0.447361E+00 0.137202E-02
-.313877E+00 0.447862E+00 0.136863E-02
-.312511E+00 0.448360E+00 0.136527E-02
-.311147E+00 0.448856E+00 0.136193E-02
-.309787E+00 0.449350E+00 0.135861E-02
-.308430E+00 0.449841E+00 0.135532E-02
-.307076E+00 0.450330E+00 0.135205E-02
-.305726E+00 0.450816E+00 0.134880E-02
-.304378E+00 0.451300E+00 0.134557E-02
-.303034E+00 0.451781E+00 0.134236E-02
-.301694E+00 0.452260E+00 0.133918E-02
-.300356E+00 0.452737E+00 0.133602E-02
-.299022E+00 0.453211E+00 0.133288E-02
-.297690E+00 0.453683E+00 0.132976E-02
-.296362E+00 0.454153E+00 0.132666E-02
-.295037E+00 0.454620E+00 0.132358E-02
-.293715E+00 0.455085E+00 0.132052E-02
-.292396E+00 0.455547E+00 0.131749E-02
-.291080E+00 0.456008E+00 0.131447E-02
-.289767E+00 0.456466E+00 0.131148E-02
-.288457E+00 0.456921E+00 0.130850E-02
-.287150E+00 0.457375E+00 0.130555E-02
-.285846E+00 0.457826E+00 0.130261E-02
-.284545E+00 0.458274E+00 0.129970E-02
-.283247E+00 0.458721E+00 0.129680E-02
-.281951E+00 0.459165E+00 0.129393E-02
-.280659E+00 0.459607E+00 0.129107E-02
-.279369E+00 0.460047E+00 0.128824E-02
-.278082E+00 0.460484E+00 0.128542E-02
-.276798E+00 0.460919E+00 0.128262E-02
-.275517E+00 0.461352E+00 0.127984E-02
-.274238E+00 0.461783E+00 0.127708E-02
-.272963E+00 0.462212E+00 0.127434E-02
-.271690E+00 0.462638E+00 0.127162E-02
-.270419E+00 0.463062E+00 0.126892E-02
-.269152E+00 0.463485E+00 0.126623E-02
-.267887E+00 0.463904E+00 0.126356E-02
-.266625E+00 0.464322E+00 0.126091E-02
-.265365E+00 0.464738E+00 0.125828E-02
-.264108E+00 0.465151E+00 0.125567E-02
-.262854E+00 0.465562E+00 0.125307E-02
-.261602E+00 0.465971E+00 0.125049E-02
-.260353E+00 0.466378E+00 0.124793E-02
-.259106E+00 0.466783E+00 0.124539E-02
-.257862E+00 0.467186E+00 0.124286E-02
-.256620E+00 0.467587E+00 0.124036E-02
-.255381E+00 0.467985E+00 0.123786E-02
-.254145E+00 0.468382E+00 0.123539E-02
-.252911E+00 0.468776E+00 0.123293E-02
-.251679E+00 0.469169E+00 0.123049E-02
-.250450E+00 0.469559E+00 0.122807E-02
-.249223E+00 0.469947E+00 0.122566E-02
-.247998E+00 0.470333E+00 0.122327E-02
-.246776E+00 0.470718E+00 0.122090E-02
-.245556E+00 0.471100E+00 0.121854E-02
-.244339E+00 0.471480E+00 0.121620E-02
-.243124E+00 0.471858E+00 0.121387E-02
-.241911E+00 0.472234E+00 0.121156E-02
-.240701E+00 0.472608E+00 0.120927E-02
-.239493E+00 0.472980E+00 0.120699E-02
-.238287E+00 0.473350E+00 0.120472E-02
-.237083E+00 0.473718E+00 0.120248E-02
-.235882E+00 0.474084E+00 0.120025E-02
-.234683E+00 0.474448E+00 0.119803E-02
-.233486E+00 0.474810E+00 0.119583E-02
-.232291E+00 0.475171E+00 0.119365E-02
-.231099E+00 0.475529E+00 0.119147E-02
-.229908E+00 0.475885E+00 0.118932E-02
-.228720E+00 0.476240E+00 0.118718E-02
-.227534E+00 0.476592E+00 0.118505E-02
-.226350E+00 0.476943E+00 0.118294E-02
-.225168E+00 0.477291E+00 0.118085E-02
-.223988E+00 0.477638E+00 0.117877E-02
-.222810E+00 0.477983E+00 0.117670E-02
-.221635E+00 0.478325E+00 0.117465E-02
-.220461E+00 0.478666E+00 0.117261E-02
-.219290E+00 0.479006E+00 0.117059E-02
-.218120E+00 0.479343E+00 0.116858E-02
-.216952E+00 0.479678E+00 0.116658E-02
-.215787E+00 0.480012E+00 0.116460E-02
-.214623E+00 0.480343E+00 0.116264E-02
-.213462E+00 0.480673E+00 0.116068E-02
-.212302E+00 0.481001E+00 0.115875E-02
-.211144E+00 0.481327E+00 0.115682E-02
-.209988E+00 0.481651E+00 0.115491E-02
-.208834E+00 0.481974E+00 0.115301E-02
-.207682E+00 0.482294E+00 0.115113E-02
-.206532E+00 0.482613E+00 0.114926E-02
-.205384E+00 0.482930E+00 0.114740E-02
-.204237E+00 0.483245E+00 0.114555E-02
-.203092E+00 0.483558E+00 0.114372E-02
-.201950E+00 0.483870E+00 0.114190E-02
-.200809E+00 0.484180E+00 0.114010E-02
-.199669E+00 0.484488E+00 0.113831E-02
-.198532E+00 0.484794E+00 0.113653E-02
-.197396E+00 0.485098E+00 0.113476E-02
-.196263E+00 0.485401E+00 0.113301E-02
-.195130E+00 0.485702E+00 0.113127E-02
-.194000E+00 0.486001E+00 0.112954E-02
-.192871E+00 0.486298E+00 0.112783E-02
-.191744E+00 0.486594E+00 0.112613E-02
-.190619E+00 0.486888E+00 0.112444E-02
-.189495E+00 0.487180E+00 0.112276E-02
-.188374E+00 0.487470E+00 0.112110E-02
-.187253E+00 0.487759E+00 0.111944E-02
-.186135E+00 0.488046E+00 0.111780E-02
-.185018E+00 0.488331E+00 0.111617E-02
-.183902E+00 0.488615E+00 0.111456E-02
-.182789E+00 0.488897E+00 0.111295E-02
-.181676E+00 0.489177E+00 0.111136E-02
-.180566E+00 0.489455E+00 0.110978E-02
-.179457E+00 0.489732E+00 0.110822E-02
-.178349E+00 0.490007E+00 0.110666E-02
-.177243E+00 0.490281E+00 0.110512E-02
-.176139E+00 0.490552E+00 0.110358E-02
-.175036E+00 0.490822E+00 0.110206E-02
-.173935E+00 0.491091E+00 0.110055E-02
-.172835E+00 0.491358E+00 0.109905E-02
-.171737E+00 0.491623E+00 0.109757E-02
-.170640E+00 0.491886E+00 0.109609E-02
-.169545E+00 0.492148E+00 0.109463E-02
-.168451E+00 0.492408E+00 0.109318E-02
-.167358E+00 0.492667E+00 0.109174E-02
-.166267E+00 0.492924E+00 0.109031E-02
-.165178E+00 0.493179E+00 0.108889E-02
-.164090E+00 0.493432E+00 0.108748E-02
-.163003E+00 0.493684E+00 0.108609E-02
-.161917E+00 0.493935E+00 0.108470E-02
-.160833E+00 0.494184E+00 0.108333E-02
-.159751E+00 0.494431E+00 0.108197E-02
-.158669E+00 0.494676E+00 0.108061E-02
-.157589E+00 0.494920E+00 0.107927E-02
-.156511E+00 0.495163E+00 0.107794E-02
-.155434E+00 0.495404E+00 0.107662E-02
-.154358E+00 0.495643E+00 0.107531E-02
-.153283E+00 0.495881E+00 0.107401E-02
-.152210E+00 0.496117E+00 0.107273E-02
-.151137E+00 0.496351E+00 0.107145E-02
-.150067E+00 0.496584E+00 0.107018E-02
-.148997E+00 0.496815E+00 0.106893E-02
-.147929E+00 0.497045E+00 0.106768E-02
-.146862E+00 0.497274E+00 0.106645E-02
-.145796E+00 0.497500E+00 0.106522E-02
-.144731E+00 0.497725E+00 0.106401E-02
-.143668E+00 0.497949E+00 0.106280E-02
-.142606E+00 0.498171E+00 0.106161E-02
-.141545E+00 0.498392E+00 0.106042E-02
-.140485E+00 0.498611E+00 0.105925E-02
-.139426E+00 0.498828E+00 0.105809E-02
-.138369E+00 0.499044E+00 0.105693E-02
-.137312E+00 0.499259E+00 0.105579E-02
-.136257E+00 0.499471E+00 0.105466E-02
-.135203E+00 0.499683E+00 0.105353E-02
-.134150E+00 0.499893E+00 0.105242E-02
-.133098E+00 0.500101E+00 0.105131E-02
-.132047E+00 0.500308E+00 0.105022E-02
-.130998E+00 0.500513E+00 0.104914E-02
-.129949E+00 0.500717E+00 0.104806E-02
-.128902E+00 0.500920E+00 0.104700E-02
-.127855E+00 0.501121E+00 0.104594E-02
-.126810E+00 0.501320E+00 0.104490E-02
-.125765E+00 0.501518E+00 0.104386E-02
-.124722E+00 0.501714E+00 0.104283E-02
-.123680E+00 0.501909E+00 0.104182E-02
-.122638E+00 0.502103E+00 0.104081E-02
-.121598E+00 0.502295E+00 0.103981E-02
-.120559E+00 0.502485E+00 0.103882E-02
-.119520E+00 0.502675E+00 0.103785E-02
-.118483E+00 0.502862E+00 0.103688E-02
-.117447E+00 0.503048E+00 0.103592E-02
-.116411E+00 0.503233E+00 0.103496E-02
-.115377E+00 0.503416E+00 0.103402E-02
-.114343E+00 0.503598E+00 0.103309E-02
-.113310E+00 0.503779E+00 0.103217E-02
-.112279E+00 0.503958E+00 0.103125E-02
-.111248E+00 0.504135E+00 0.103035E-02
-.110218E+00 0.504311E+00 0.102945E-02
-.109189E+00 0.504486E+00 0.102857E-02
-.108161E+00 0.504659E+00 0.102769E-02
-.107134E+00 0.504831E+00 0.102682E-02
-.106107E+00 0.505001E+00 0.102596E-02
-.105082E+00 0.505170E+00 0.102511E-02
-.104057E+00 0.505338E+00 0.102427E-02
-.103033E+00 0.505504E+00 0.102344E-02
-.102010E+00 0.505668E+00 0.102261E-02
-.100988E+00 0.505832E+00 0.102180E-02
-.999666E-01 0.505994E+00 0.102099E-02
-.989460E-01 0.506154E+00 0.102019E-02
-.979262E-01 0.506313E+00 0.101941E-02
-.969072E-01 0.506471E+00 0.101863E-02
-.958889E-01 0.506627E+00 0.101786E-02
-.948715E-01 0.506782E+00 0.101709E-02
-.938547E-01 0.506935E+00 0.101634E-02
-.928388E-01 0.507087E+00 0.101559E-02
-.918236E-01 0.507238E+00 0.101486E-02
-.908091E-01 0.507387E+00 0.101413E-02
-.897953E-01 0.507535E+00 0.101341E-02
-.887822E-01 0.507682E+00 0.101270E-02
-.877699E-01 0.507827E+00 0.101200E-02
-.867582E-01 0.507971E+00 0.101131E-02
-.857473E-01 0.508113E+00 0.101062E-02
-.847370E-01 0.508254E+00 0.100994E-02
-.837274E-01 0.508394E+00 0.100928E-02
-.827184E-01 0.508532E+00 0.100862E-02
-.817101E-01 0.508669E+00 0.100797E-02
-.807025E-01 0.508804E+00 0.100732E-02
-.796955E-01 0.508939E+00 0.100669E-02
-.786891E-01 0.509071E+00 0.100606E-02
-.776834E-01 0.509203E+00 0.100545E-02
-.766782E-01 0.509333E+00 0.100484E-02
-.756737E-01 0.509462E+00 0.100424E-02
-.746697E-01 0.509589E+00 0.100364E-02
-.736664E-01 0.509715E+00 0.100306E-02
-.726636E-01 0.509840E+00 0.100248E-02
-.716614E-01 0.509963E+00 0.100191E-02
-.706598E-01 0.510085E+00 0.100135E-02
-.696587E-01 0.510206E+00 0.100080E-02
-.686582E-01 0.510325E+00 0.100026E-02
-.676582E-01 0.510443E+00 0.999724E-03
-.666587E-01 0.510560E+00 0.999197E-03
-.656598E-01 0.510675E+00 0.998678E-03
-.646614E-01 0.510789E+00 0.998167E-03
-.636635E-01 0.510902E+00 0.997664E-03
-.626660E-01 0.511013E+00 0.997169E-03
-.616691E-01 0.511123E+00 0.996682E-03
-.606727E-01 0.511231E+00 0.996204E-03
-.596767E-01 0.511339E+00 0.995733E-03
-.586812E-01 0.511445E+00 0.995270E-03
-.576862E-01 0.511549E+00 0.994816E-03
-.566916E-01 0.511653E+00 0.994369E-03
-.556974E-01 0.511755E+00 0.993930E-03
-.547037E-01 0.511855E+00 0.993499E-03
-.537104E-01 0.511955E+00 0.993076E-03
-.527176E-01 0.512053E+00 0.992661E-03
-.517251E-01 0.512149E+00 0.992254E-03
-.507330E-01 0.512245E+00 0.991855E-03
-.497414E-01 0.512339E+00 0.991464E-03
-.487501E-01 0.512432E+00 0.991081E-03
-.477592E-01 0.512523E+00 0.990705E-03
-.467687E-01 0.512613E+00 0.990337E-03
-.457785E-01 0.512702E+00 0.989977E-03
-.447887E-01 0.512790E+00 0.989625E-03
-.437993E-01 0.512876E+00 0.989281E-03
-.428102E-01 0.512961E+00 0.988945E-03
-.418214E-01 0.513044E+00 0.988616E-03
-.408329E-01 0.513127E+00 0.988295E-03
-.398448E-01 0.513208E+00 0.987982E-03
-.388570E-01 0.513287E+00 0.987677E-03
-.378695E-01 0.513366E+00 0.987379E-03
-.368822E-01 0.513443E+00 0.987090E-03
-.358953E-01 0.513519E+00 0.986808E-03
-.349086E-01 0.513593E+00 0.986533E-03
-.339222E-01 0.513666E+00 0.986267E-03
-.329361E-01 0.513738E+00 0.986008E-03
-.319502E-01 0.513809E+00 0.985756E-03
-.309645E-01 0.513878E+00 0.985513E-03
-.299792E-01 0.513946E+00 0.985277E-03
-.289940E-01 0.514013E+00 0.985049E-03
-.280091E-01 0.514078E+00 0.984828E-03
-.270243E-01 0.514142E+00 0.984616E-03
-.260398E-01 0.514205E+00 0.984411E-03
-.250555E-01 0.514267E+00 0.984213E-03
-.240714E-01 0.514327E+00 0.984023E-03
-.230875E-01 0.514386E+00 0.983841E-03
-.221037E-01 0.514444E+00 0.983666E-03
-.211201E-01 0.514500E+00 0.983499E-03
-.201367E-01 0.514555E+00 0.983340E-03
-.191534E-01 0.514609E+00 0.983188E-03
-.181703E-01 0.514661E+00 0.983044E-03
-.171874E-01 0.514712E+00 0.982908E-03
-.162045E-01 0.514762E+00 0.982779E-03
-.152218E-01 0.514811E+00 0.982658E-03
-.142392E-01 0.514858E+00 0.982544E-03
-.132567E-01 0.514904E+00 0.982438E-03
-.122743E-01 0.514949E+00 0.982339E-03
-.112920E-01 0.514993E+00 0.982248E-03
-.103098E-01 0.515035E+00 0.982165E-03
-.932769E-02 0.515076E+00 0.982089E-03
-.834563E-02 0.515116E+00 0.982021E-03
-.736364E-02 0.515154E+00 0.981961E-03
-.638171E-02 0.515191E+00 0.981908E-03
-.539982E-02 0.515227E+00 0.981862E-03
-.441798E-02 0.515261E+00 0.981824E-03
-.343617E-02 0.515294E+00 0.981794E-03
-.245439E-02 0.515326E+00 0.981771E-03
-.147263E-02 0.515357E+00 0.981756E-03
-.490874E-03 0.515386E+00 0.981749E-03
0.490874E-03 0.515414E+00 0.981749E-03
0.147263E-02 0.515441E+00 0.981756E-03
0.245439E-02 0.515467E+00 0.981771E-03
0.343617E-02 0.515491E+00 0.981794E-03
0.441798E-02 0.515514E+00 0.981824E-03
0.539982E-02 0.515535E+00 0.981862E-03
0.638171E-02 0.515556E+00 0.981908E-03
0.736364E-02 0.515575E+00 0.981961E-03
0.834563E-02 0.515593E+00 0.982021E-03
0.932769E-02 0.515609E+00 0.982089E-03
0.103098E-01 0.515624E+00 0.982165E-03
0.112920E-01 0.515638E+00 0.982248E-03
0.122743E-01 0.515651E+00 0.982339E-03
0.132567E-01 0.515662E+00 0.982438E-03
0.142392E-01 0.515672E+00 0.982544E-03
0.152218E-01 0.515681E+00 0.982658E-03
0.162045E-01 0.515688E+00 0.982779E-03
0.171874E-01 0.515695E+00 0.982908E-03
0.181703E-01 0.515700E+00 0.983044E-03
0.191534E-01 0.515703E+00 0.983188E-03
0.201367E-01 0.515705E+00 0.983340E-03
0.211201E-01 0.515706E+00 0.983499E-03
0.221037E-01 0.515706E+00 0.983666E-03
0.230875E-01 0.515705E+00 0.983841E-03
0.240714E-01 0.515702E+00 0.984023E-03
0.250555E-01 0.515698E+00 0.984213E-03
0.260398E-01 0.515692E+00 0.984411E-03
0.270243E-01 0.515685E+00 0.984616E-03
0.280091E-01 0.515677E+00 0.984828E-03
0.289940E-01 0.515668E+00 0.985049E-03
0.299792E-01 0.515657E+00 0.985277E-03
0.309645E-01 0.515645E+00 0.985513E-03
0.319502E-01 0.515632E+00 0.985756E-03
0.329361E-01 0.515618E+00 0.986008E-03
0.339222E-01 0.515602E+00 0.986267E-03
0.349086E-01 0.515585E+00 0.986533E-03
0.358953E-01 0.515566E+00 0.986808E-03
0.368822E-01 0.515546E+00 0.987090E-03
0.378695E-01 0.515525E+00 0.987379E-03
0.388570E-01 0.515503E+00 0.987677E-03
0.398448E-01 0.515479E+00 0.987982E-03
0.408329E-01 0.515454E+00 0.988295E-03
0.418214E-01 0.515428E+00 0.988616E-03
0.428102E-01 0.515400E+00 0.988945E-03
0.437993E-01 0.515371E+00 0.989281E-03
0.447887E-01 0.515341E+00 0.989625E-03
0.457785E-01 0.515310E+00 0.989977E-03
0.467687E-01 0.515277E+00 0.990337E-03
0.477592E-01 0.515242E+00 0.990705E-03
0.487501E-01 0.515207E+00 0.991081E-03
0.497414E-01 0.515170E+00 0.991464E-03
0.507330E-01 0.515132E+00 0.991855E-03
0.517251E-01 0.515092E+00 0.992254E-03
0.527176E-01 0.515052E+00 0.992661E-03
0.537104E-01 0.515010E+00 0.993076E-03
0.547037E-01 0.514966E+00 0.993499E-03
0.556974E-01 0.514921E+00 0.993930E-03
0.566916E-01 0.514875E+00 0.994369E-03
0.576862E-01 0.514828E+00 0.994816E-03
0.586812E-01 0.514779E+00 0.995270E-03
0.596767E-01 0.514729E+00 0.995733E-03
0.606727E-01 0.514677E+00 0.996204E-03
0.616691E-01 0.514625E+00 0.996682E-03
0.626660E-01 0.514570E+00 0.997169E-03
0.636635E-01 0.514515E+00 0.997664E-03
0.646614E-01 0.514458E+00 0.998167E-03
0.656598E-01 0.514400E+00 0.998678E-03
0.666587E-01 0.514340E+00 0.999197E-03
0.676582E-01 0.514280E+00 0.999724E-03
0.686582E-01 0.514217E+00 0.100026E-02
0.696587E-01 0.514154E+00 0.100080E-02
0.706598E-01 0.514089E+00 0.100135E-02
0.716614E-01 0.514023E+00 0.100191E-02
0.726636E-01 0.513955E+00 0.100248E-02
0.736664E-01 0.513886E+00 0.100306E-02
0.746697E-01 0.513816E+00 0.100364E-02
0.756737E-01 0.513744E+00 0.100424E-02
0.766782E-01 0.513671E+00 0.100484E-02
0.776834E-01 0.513596E+00 0.100545E-02
0.786891E-01 0.513521E+00 0.100606E-02
0.796955E-01 0.513443E+00 0.100669E-02
0.807025E-01 0.513365E+00 0.100732E-02
0.817101E-01 0.513285E+00 0.100797E-02
0.827184E-01 0.513203E+00 0.100862E-02
0.837274E-01 0.513121E+00 0.100928E-02
0.847370E-01 0.513037E+00 0.100994E-02
0.857473E-01 0.512951E+00 0.101062E-02
0.867582E-01 0.512864E+00 0.101131E-02
0.877699E-01 0.512776E+00 0.101200E-02
0.887822E-01 0.512686E+00 0.101270E-02
0.897953E-01 0.512595E+00 0.101341E-02
0.908091E-01 0.512503E+00 0.101413E-02
0.918236E-01 0.512409E+00 0.101486E-02
0.928388E-01 0.512314E+00 0.101559E-02
0.938547E-01 0.512217E+00 0.101634E-02
0.948715E-01 0.512119E+00 0.101709E-02
0.958889E-01 0.512019E+00 0.101786E-02
0.969072E-01 0.511919E+00 0.101863E-02
0.979262E-01 0.511816E+00 0.101941E-02
0.989460E-01 0.511713E+00 0.102019E-02
0.999666E-01 0.511607E+00 0.102099E-02
0.100988E+00 0.511501E+00 0.102180E-02
0.102010E+00 0.511393E+00 0.102261E-02
0.103033E+00 0.511283E+00 0.102344E-02
0.104057E+00 0.511172E+00 0.102427E-02
0.105082E+00 0.511060E+00 0.102511E-02
0.106107E+00 0.510946E+00 0.102596E-02
0.107134E+00 0.510831E+00 0.102682E-02
0.108161E+00 0.510715E+00 0.102769E-02
0.109189E+00 0.510596E+00 0.102857E-02
0.110218E+00 0.510477E+00 0.102945E-02
0.111248E+00 0.510356E+00 0.103035E-02
0.112279E+00 0.510234E+00 0.103125E-02
0.113310E+00 0.510110E+00 0.103217E-02
0.114343E+00 0.509984E+00 0.103309E-02
0.115377E+00 0.509857E+00 0.103402E-02
0.116411E+00 0.509729E+00 0.103496E-02
0.117447E+00 0.509599E+00 0.103592E-02
0.118483E+00 0.509468E+00 0.103688E-02
0.119520E+00 0.509335E+00 0.103785E-02
0.120559E+00 0.509201E+00 0.103882E-02
0.121598E+00 0.509065E+00 0.103981E-02
0.122638E+00 0.508928E+00 0.104081E-02
0.123680E+00 0.508790E+00 0.104182E-02
0.124722E+00 0.508649E+00 0.104283E-02
0.125765E+00 0.508508E+00 0.104386E-02
0.126810E+00 0.508364E+00 0.104490E-02
0.127855E+00 0.508220E+00 0.104594E-02
0.128902E+00 0.508074E+00 0.104700E-02
0.129949E+00 0.507926E+00 0.104806E-02
0.130998E+00 0.507777E+00 0.104914E-02
0.132047E+00 0.507626E+00 0.105022E-02
0.133098E+00 0.507474E+00 0.105131E-02
0.134150E+00 0.507320E+00 0.105242E-02
0.135203E+00 0.507164E+00 0.105353E-02
0.136257E+00 0.507008E+00 0.105466E-02
0.137312E+00 0.506849E+00 0.105579E-02
0.138369E+00 0.506689E+00 0.105693E-02
0.139426E+00 0.506528E+00 0.105809E-02
0.140485E+00 0.506365E+00 0.105925E-02
0.141545E+00 0.506200E+00 0.106042E-02
0.142606E+00 0.506034E+00 0.106161E-02
0.143668E+00 0.505866E+00 0.106280E-02
0.144731E+00 0.505697E+00 0.106401E-02
0.145796E+00 0.505526E+00 0.106522E-02
0.146862E+00 0.505353E+00 0.106645E-02
0.147929E+00 0.505179E+00 0.106768E-02
0.148997E+00 0.505004E+00 0.106893E-02
0.150067E+00 0.504826E+00 0.107018E-02
0.151137E+00 0.504647E+00 0.107145E-02
0.152210E+00 0.504467E+00 0.107273E-02
0.153283E+00 0.504285E+00 0.107401E-02
0.154358E+00 0.504101E+00 0.107531E-02
0.155434E+00 0.503916E+00 0.107662E-02
0.156511E+00 0.503729E+00 0.107794E-02
0.157589E+00 0.503541E+00 0.107927E-02
0.158669E+00 0.503351E+00 0.108061E-02
0.159751E+00 0.503159E+00 0.108197E-02
0.160833E+00 0.502966E+00 0.108333E-02
0.161917E+00 0.502771E+00 0.108470E-02
0.163003E+00 0.502574E+00 0.108609E-02
0.164090E+00 0.502376E+00 0.108748E-02
0.165178E+00 0.502176E+00 0.108889E-02
0.166267E+00 0.501974E+00 0.109031E-02
0.167358E+00 0.501771E+00 0.109174E-02
0.168451E+00 0.501566E+00 0.109318E-02
0.169545E+00 0.501359E+00 0.109463E-02
0.170640E+00 0.501151E+00 0.109609E-02
0.171737E+00 0.500941E+00 0.109757E-02
0.172835E+00 0.500729E+00 0.109905E-02
0.173935E+00 0.500516E+00 0.110055E-02
0.175036E+00 0.500301E+00 0.110206E-02
0.176139E+00 0.500084E+00 0.110358E-02
0.177243E+00 0.499865E+00 0.110512E-02
0.178349E+00 0.499645E+00 0.110666E-02
0.179457E+00 0.499423E+00 0.110822E-02
0.180566E+00 0.499200E+00 0.110978E-02
0.181676E+00 0.498974E+00 0.111136E-02
0.182789E+00 0.498747E+00 0.111295E-02
0.183902E+00 0.498518E+00 0.111456E-02
0.185018E+00 0.498288E+00 0.111617E-02
0.186135E+00 0.498055E+00 0.111780E-02
0.187253E+00 0.497821E+00 0.111944E-02
0.188374E+00 0.497585E+00 0.112110E-02
0.189495E+00 0.497348E+00 0.112276E-02
0.190619E+00 0.497108E+00 0.112444E-02
0.191744E+00 0.496867E+00 0.112613E-02
0.192871E+00 0.496624E+00 0.112783E-02
0.194000E+00 0.496379E+00 0.112954E-02
0.195130E+00 0.496133E+00 0.113127E-02
0.196263E+00 0.495884E+00 0.113301E-02
0.197396E+00 0.495634E+00 0.113476E-02
0.198532E+00 0.495382E+00 0.113653E-02
0.199669E+00 0.495128E+00 0.113831E-02
0.200809E+00 0.494873E+00 0.114010E-02
0.201950E+00 0.494615E+00 0.114190E-02
0.203092E+00 0.494356E+00 0.114372E-02
0.204237E+00 0.494095E+00 0.114555E-02
0.205384E+00 0.493832E+00 0.114740E-02
0.206532E+00 0.493567E+00 0.114926E-02
0.207682E+00 0.493300E+00 0.115113E-02
0.208834E+00 0.493031E+00 0.115301E-02
0.209988E+00 0.492761E+00 0.115491E-02
0.211144E+00 0.492488E+00 0.115682E-02
0.212302E+00 0.492214E+00 0.115875E-02
0.213462E+00 0.491938E+00 0.116068E-02
0.214623E+00 0.491660E+00 0.116264E-02
0.215787E+00 0.491380E+00 0.116460E-02
0.216952E+00 0.491098E+00 0.116658E-02
0.218120E+00 0.490814E+00 0.116858E-02
0.219290E+00 0.490528E+00 0.117059E-02
0.220461E+00 0.490241E+00 0.117261E-02
0.221635E+00 0.489951E+00 0.117465E-02
0.222810E+00 0.489659E+00 0.117670E-02
0.223988E+00 0.489366E+00 0.117877E-02
0.225168E+00 0.489070E+00 0.118085E-02
0.226350E+00 0.488773E+00 0.118294E-02
0.227534E+00 0.488473E+00 0.118505E-02
0.228720E+00 0.488172E+00 0.118718E-02
0.229908E+00 0.487868E+00 0.118932E-02
0.231099E+00 0.487563E+00 0.119147E-02
0.232291E+00 0.487255E+00 0.119365E-02
0.233486E+00 0.486946E+00 0.119583E-02
0.234683E+00 0.486634E+00 0.119803E-02
0.235882E+00 0.486321E+00 0.120025E-02
0.237083E+00 0.486005E+00 0.120248E-02
0.238287E+00 0.485688E+00 0.120472E-02
0.239493E+00 0.485368E+00 0.120699E-02
0.240701E+00 0.485046E+00 0.120927E-02
0.241911E+00 0.484723E+00 0.121156E-02
0.243124E+00 0.484397E+00 0.121387E-02
0.244339E+00 0.484069E+00 0.121620E-02
0.245556E+00 0.483739E+00 0.121854E-02
0.246776E+00 0.483406E+00 0.122090E-02
0.247998E+00 0.483072E+00 0.122327E-02
0.249223E+00 0.482736E+00 0.122566E-02
0.250450E+00 0.482397E+00 0.122807E-02
0.251679E+00 0.482057E+00 0.123049E-02
0.252911E+00 0.481714E+00 0.123293E-02
0.254145E+00 0.481369E+00 0.123539E-02
0.255381E+00 0.481022E+00 0.123786E-02
0.256620E+00 0.480673E+00 0.124036E-02
0.257862E+00 0.480321E+00 0.124286E-02
0.259106E+00 0.479968E+00 0.124539E-02
0.260353E+00 0.479612E+00 0.124793E-02
0.261602E+00 0.479254E+00 0.125049E-02
0.262854E+00 0.478894E+00 0.125307E-02
0.264108E+00 0.478531E+00 0.125567E-02
0.265365E+00 0.478167E+00 0.125828E-02
0.266625E+00 0.477800E+00 0.126091E-02
0.267887E+00 0.477431E+00 0.126356E-02
0.269152E+00 0.477059E+00 0.126623E-02
0.270419E+00 0.476686E+00 0.126892E-02
0.271690E+00 0.476310E+00 0.127162E-02
0.272963E+00 0.475932E+00 0.127434E-02
0.274238E+00 0.475551E+00 0.127708E-02
0.275517E+00 0.475168E+00 0.127984E-02
0.276798E+00 0.474783E+00 0.128262E-02
0.278082E+00 0.474396E+00 0.128542E-02
0.279369E+00 0.474006E+00 0.128824E-02
0.280659E+00 0.473614E+00 0.129107E-02
0.281951E+00 0.473220E+00 0.129393E-02
0.283247E+00 0.472823E+00 0.129680E-02
0.284545E+00 0.472424E+00 0.129970E-02
0.285846E+00 0.472023E+00 0.130261E-02
0.287150E+00 0.471619E+00 0.130555E-02
0.288457E+00 0.471213E+00 0.130850E-02
0.289767E+00 0.470804E+00 0.131148E-02
0.291080E+00 0.470393E+00 0.131447E-02
0.292396E+00 0.469980E+00 0.131749E-02
0.293715E+00 0.469564E+00 0.132052E-02
0.295037E+00 0.469146E+00 0.132358E-02
0.296362E+00 0.468725E+00 0.132666E-02
0.297690E+00 0.468302E+00 0.132976E-02
0.299022E+00 0.467876E+00 0.133288E-02
0.300356E+00 0.467448E+00 0.133602E-02
0.301694E+00 0.467017E+00 0.133918E-02
0.303034E+00 0.466584E+00 0.134236E-02
0.304378E+00 0.466149E+00 0.134557E-02
0.305726E+00 0.465710E+00 0.134880E-02
0.307076E+00 0.465270E+00 0.135205E-02
0.308430E+00 0.464827E+00 0.135532E-02
0.309787E+00 0.464381E+00 0.135861E-02
0.311147E+00 0.463932E+00 0.136193E-02
0.312511E+00 0.463482E+00 0.136527E-02
0.313877E+00 0.463028E+00 0.136863E-02
0.315248E+00 0.462572E+00 0.137202E-02
0.316622E+00 0.462113E+00 0.137543E-02
0.317999E+00 0.461652E+00 0.137886E-02
0.319379E+00 0.461188E+00 0.138231E-02
0.320763E+00 0.460722E+00 0.138579E-02
0.322151E+00 0.460253E+00 0.138930E-02
0.323542E+00 0.459781E+00 0.139282E-02
0.324936E+00 0.459306E+00 0.139637E-02
0.326335E+00 0.458829E+00 0.139995E-02
0.327736E+00 0.458349E+00 0.140355E-02
0.329142E+00 0.457867E+00 0.140718E-02
0.330551E+00 0.457381E+00 0.141083E-02
0.331963E+00 0.456893E+00 0.141450E-02
0.333380E+00 0.456403E+00 0.141820E-02
0.334800E+00 0.455909E+00 0.142193E-02
0.336224E+00 0.455413E+00 0.142568E-02
0.337651E+00 0.454914E+00 0.142946E-02
0.339083E+00 0.454412E+00 0.143326E-02
0.340518E+00 0.453908E+00 0.143709E-02
0.341957E+00 0.453400E+00 0.144095E-02
0.343400E+00 0.452890E+00 0.144483E-02
0.344846E+00 0.452377E+00 0.144874E-02
0.346297E+00 0.451861E+00 0.145268E-02
0.347752E+00 0.451342E+00 0.145664E-02
0.349210E+00 0.450821E+00 0.146064E-02
0.350673E+00 0.450296E+00 0.146466E-02
0.352140E+00 0.449769E+00 0.146870E-02
0.353610E+00 0.449239E+00 0.147278E-02
0.355085E+00 0.448706E+00 0.147688E-02
0.356564E+00 0.448169E+00 0.148102E-02
0.358047E+00 0.447630E+00 0.148518E-02
0.359535E+00 0.447088E+00 0.148937E-02
0.361026E+00 0.446543E+00 0.149359E-02
0.362522E+00 0.445996E+00 0.149784E-02
0.364022E+00 0.445445E+00 0.150212E-02
0.365526E+00 0.444891E+00 0.150643E-02
0.367035E+00 0.444334E+00 0.151077E-02
0.368548E+00 0.443774E+00 0.151514E-02
0.370065E+00 0.443211E+00 0.151954E-02
0.371587E+00 0.442645E+00 0.152397E-02
0.373113E+00 0.442076E+00 0.152844E-02
0.374644E+00 0.441504E+00 0.153293E-02
0.376179E+00 0.440928E+00 0.153746E-02
0.377719E+00 0.440350E+00 0.154202E-02
0.379263E+00 0.439769E+00 0.154661E-02
0.380812E+00 0.439184E+00 0.155123E-02
0.382365E+00 0.438596E+00 0.155589E-02
0.383924E+00 0.438005E+00 0.156058E-02
0.385486E+00 0.437411E+00 0.156530E-02
0.387054E+00 0.436814E+00 0.157005E-02
0.388627E+00 0.436213E+00 0.157484E-02
0.390204E+00 0.435610E+00 0.157967E-02
0.391786E+00 0.435003E+00 0.158453E-02
0.393373E+00 0.434393E+00 0.158942E-02
0.394965E+00 0.433779E+00 0.159435E-02
0.396562E+00 0.433163E+00 0.159931E-02
0.398163E+00 0.432543E+00 0.160431E-02
0.399770E+00 0.431920E+00 0.160934E-02
0.401382E+00 0.431293E+00 0.161442E-02
0.402999E+00 0.430663E+00 0.161952E-02
0.404621E+00 0.430030E+00 0.162467E-02
0.406248E+00 0.429394E+00 0.162985E-02
0.407881E+00 0.428754E+00 0.163507E-02
0.409519E+00 0.428111E+00 0.164033E-02
0.411162E+00 0.427464E+00 0.164562E-02
0.412810E+00 0.426814E+00 0.165095E-02
0.414463E+00 0.426161E+00 0.165633E-02
0.416123E+00 0.425504E+00 0.166174E-02
0.417787E+00 0.424844E+00 0.166719E-02
0.419457E+00 0.424180E+00 0.167268E-02
0.421132E+00 0.423513E+00 0.167821E-02
0.422813E+00 0.422842E+00 0.168378E-02
0.424500E+00 0.422168E+00 0.168939E-02
0.426192E+00 0.421490E+00 0.169505E-02
0.427890E+00 0.420809E+00 0.170074E-02
0.429594E+00 0.420124E+00 0.170648E-02
0.431303E+00 0.419436E+00 0.171226E-02
0.433018E+00 0.418744E+00 0.171808E-02
0.434739E+00 0.418048E+00 0.172394E-02
0.436466E+00 0.417349E+00 0.172985E-02
0.438199E+00 0.416646E+00 0.173580E-02
0.439938E+00 0.415940E+00 0.174180E-02
0.441682E+00 0.415230E+00 0.174784E-02
0.443433E+00 0.414516E+00 0.175392E-02
0.445190E+00 0.413799E+00 0.176006E-02
0.446953E+00 0.413078E+00 0.176623E-02
0.448723E+00 0.412353E+00 0.177246E-02
0.450498E+00 0.411625E+00 0.177873E-02
0.452280E+00 0.410893E+00 0.178504E-02
0.454069E+00 0.410157E+00 0.179141E-02
0.455863E+00 0.409417E+00 0.179782E-02
0.457664E+00 0.408674E+00 0.180428E-02
0.459472E+00 0.407927E+00 0.181079E-02
0.461286E+00 0.407176E+00 0.181735E-02
0.463106E+00 0.406421E+00 0.182396E-02
0.464934E+00 0.405662E+00 0.183062E-02
0.466768E+00 0.404900E+00 0.183733E-02
0.468608E+00 0.404133E+00 0.184409E-02
0.470456E+00 0.403363E+00 0.185090E-02
0.472310E+00 0.402589E+00 0.185777E-02
0.474171E+00 0.401811E+00 0.186469E-02
0.476040E+00 0.401029E+00 0.187166E-02
0.477915E+00 0.400243E+00 0.187868E-02
0.479797E+00 0.399453E+00 0.188576E-02
0.481686E+00 0.398659E+00 0.189289E-02
0.483583E+00 0.397862E+00 0.190008E-02
0.485486E+00 0.397060E+00 0.190733E-02
0.487397E+00 0.396254E+00 0.191463E-02
0.489316E+00 0.395444E+00 0.192199E-02
0.491241E+00 0.394631E+00 0.192940E-02
0.493175E+00 0.393813E+00 0.193688E-02
0.495115E+00 0.392991E+00 0.194441E-02
0.497063E+00 0.392165E+00 0.195200E-02
0.499019E+00 0.391335E+00 0.195965E-02
0.500983E+00 0.390501E+00 0.196736E-02
0.502954E+00 0.389662E+00 0.197513E-02
0.504933E+00 0.388820E+00 0.198296E-02
0.506920E+00 0.387973E+00 0.199086E-02
0.508915E+00 0.387123E+00 0.199882E-02
0.510918E+00 0.386268E+00 0.200684E-02
0.512928E+00 0.385409E+00 0.201492E-02
0.514947E+00 0.384545E+00 0.202307E-02
0.516975E+00 0.383678E+00 0.203129E-02
0.519010E+00 0.382806E+00 0.203957E-02
0.521054E+00 0.381930E+00 0.204791E-02
0.523106E+00 0.381050E+00 0.205633E-02
0.525166E+00 0.380166E+00 0.206481E-02
0.527236E+00 0.379277E+00 0.207336E-02
0.529313E+00 0.378384E+00 0.208198E-02
0.531400E+00 0.377486E+00 0.209067E-02
0.533495E+00 0.376585E+00 0.209943E-02
0.535598E+00 0.375679E+00 0.210827E-02
0.537711E+00 0.374769E+00 0.211717E-02
0.539833E+00 0.373854E+00 0.212615E-02
0.541963E+00 0.372935E+00 0.213520E-02
0.544103E+00 0.372011E+00 0.214433E-02
0.546252E+00 0.371084E+00 0.215353E-02
0.548410E+00 0.370151E+00 0.216281E-02
0.550578E+00 0.369215E+00 0.217216E-02
0.552755E+00 0.368274E+00 0.218159E-02
0.554941E+00 0.367328E+00 0.219110E-02
0.557137E+00 0.366378E+00 0.220069E-02
0.559342E+00 0.365424E+00 0.221036E-02
0.561558E+00 0.364465E+00 0.222011E-02
0.563783E+00 0.363502E+00 0.222995E-02
0.566018E+00 0.362534E+00 0.223986E-02
0.568262E+00 0.361562E+00 0.224986E-02
0.570517E+00 0.360585E+00 0.225994E-02
0.572782E+00 0.359604E+00 0.227011E-02
0.575058E+00 0.358618E+00 0.228037E-02
0.577343E+00 0.357627E+00 0.229071E-02
0.579639E+00 0.356632E+00 0.230114E-02
0.581945E+00 0.355633E+00 0.231166E-02
0.584262E+00 0.354629E+00 0.232228E-02
0.586590E+00 0.353620E+00 0.233298E-02
0.588928E+00 0.352607E+00 0.234377E-02
0.591278E+00 0.351589E+00 0.235466E-02
0.593638E+00 0.350567E+00 0.236564E-02
0.596009E+00 0.349540E+00 0.237672E-02
0.598391E+00 0.348508E+00 0.238789E-02
0.600785E+00 0.347472E+00 0.239916E-02
0.603190E+00 0.346431E+00 0.241053E-02
0.605606E+00 0.345386E+00 0.242200E-02
0.608034E+00 0.344336E+00 0.243358E-02
0.610473E+00 0.343281E+00 0.244525E-02
0.612924E+00 0.342221E+00 0.245702E-02
0.615387E+00 0.341157E+00 0.246890E-02
0.617862E+00 0.340089E+00 0.248089E-02
0.620349E+00 0.339015E+00 0.249298E-02
0.622848E+00 0.337937E+00 0.250518E-02
0.625359E+00 0.336855E+00 0.251749E-02
0.627883E+00 0.335767E+00 0.252991E-02
0.630419E+00 0.334675E+00 0.254244E-02
0.632968E+00 0.333578E+00 0.255509E-02
0.635529E+00 0.332477E+00 0.256785E-02
0.638104E+00 0.331371E+00 0.258073E-02
0.640691E+00 0.330260E+00 0.259372E-02
0.643291E+00 0.329145E+00 0.260683E-02
0.645905E+00 0.328024E+00 0.262006E-02
0.648531E+00 0.326900E+00 0.263341E-02
0.651171E+00 0.325770E+00 0.264689E-02
0.653825E+00 0.324636E+00 0.266049E-02
0.656492E+00 0.323497E+00 0.267421E-02
0.659174E+00 0.322353E+00 0.268806E-02
0.661869E+00 0.321205E+00 0.270204E-02
0.664578E+00 0.320052E+00 0.271616E-02
0.667301E+00 0.318895E+00 0.273040E-02
0.670039E+00 0.317732E+00 0.274478E-02
0.672791E+00 0.316566E+00 0.275929E-02
0.675557E+00 0.315394E+00 0.277394E-02
0.678338E+00 0.314218E+00 0.278873E-02
0.681135E+00 0.313037E+00 0.280365E-02
0.683946E+00 0.311851E+00 0.281872E-02
0.686772E+00 0.310661E+00 0.283394E-02
0.689614E+00 0.309466E+00 0.284930E-02
0.692471E+00 0.308267E+00 0.286480E-02
0.695343E+00 0.307063E+00 0.288046E-02
0.698232E+00 0.305854E+00 0.289626E-02
0.701136E+00 0.304641E+00 0.291222E-02
0.704056E+00 0.303423E+00 0.292834E-02
0.706993E+00 0.302201E+00 0.294461E-02
0.709945E+00 0.300974E+00 0.296104E-02
0.712915E+00 0.299743E+00 0.297763E-02
0.715901E+00 0.298507E+00 0.299439E-02
0.718904E+00 0.297266E+00 0.301130E-02
0.721923E+00 0.296021E+00 0.302839E-02
0.724960E+00 0.294772E+00 0.304565E-02
0.728015E+00 0.293518E+00 0.306307E-02
0.731087E+00 0.292259E+00 0.308068E-02
0.734176E+00 0.290996E+00 0.309845E-02
0.737284E+00 0.289729E+00 0.311641E-02
0.740409E+00 0.288457E+00 0.313455E-02
0.743553E+00 0.287181E+00 0.315287E-02
0.746715E+00 0.285901E+00 0.317137E-02
0.749896E+00 0.284616E+00 0.319007E-02
0.753095E+00 0.283327E+00 0.320895E-02
0.756314E+00 0.282033E+00 0.322803E-02
0.759551E+00 0.280736E+00 0.324730E-02
0.762808E+00 0.279434E+00 0.326677E-02
0.766085E+00 0.278128E+00 0.328644E-02
0.769381E+00 0.276817E+00 0.330632E-02
0.772698E+00 0.275503E+00 0.332640E-02
0.776034E+00 0.274184E+00 0.334670E-02
0.779391E+00 0.272861E+00 0.336720E-02
0.782769E+00 0.271534E+00 0.338792E-02
0.786167E+00 0.270203E+00 0.340886E-02
0.789586E+00 0.268869E+00 0.343002E-02
0.793027E+00 0.267530E+00 0.345140E-02
0.796489E+00 0.266187E+00 0.347301E-02
0.799973E+00 0.264840E+00 0.349485E-02
0.803479E+00 0.263489E+00 0.351693E-02
0.807007E+00 0.262134E+00 0.353924E-02
0.810558E+00 0.260776E+00 0.356179E-02
0.814131E+00 0.259414E+00 0.358459E-02
0.817727E+00 0.258048E+00 0.360764E-02
0.821346E+00 0.256678E+00 0.363093E-02
0.824989E+00 0.255305E+00 0.365448E-02
0.828655E+00 0.253928E+00 0.367829E-02
0.832345E+00 0.252547E+00 0.370236E-02
0.836060E+00 0.251163E+00 0.372670E-02
0.839799E+00 0.249776E+00 0.375131E-02
0.843563E+00 0.248384E+00 0.377619E-02
0.847351E+00 0.246990E+00 0.380134E-02
0.851165E+00 0.245592E+00 0.382678E-02
0.855005E+00 0.244191E+00 0.385251E-02
0.858871E+00 0.242787E+00 0.387853E-02
0.862762E+00 0.241379E+00 0.390484E-02
0.866680E+00 0.239968E+00 0.393145E-02
0.870625E+00 0.238554E+00 0.395836E-02
0.874597E+00 0.237137E+00 0.398558E-02
0.878596E+00 0.235717E+00 0.401312E-02
0.882623E+00 0.234294E+00 0.404097E-02
0.886679E+00 0.232868E+00 0.406914E-02
0.890762E+00 0.231439E+00 0.409765E-02
0.894874E+00 0.230008E+00 0.412648E-02
0.899015E+00 0.228574E+00 0.415565E-02
0.903185E+00 0.227137E+00 0.418517E-02
0.907385E+00 0.225697E+00 0.421503E-02
0.911616E+00 0.224255E+00 0.424525E-02
0.915876E+00 0.222810E+00 0.427582E-02
0.920167E+00 0.221363E+00 0.430676E-02
0.924490E+00 0.219914E+00 0.433807E-02
0.928844E+00 0.218462E+00 0.436976E-02
0.933229E+00 0.217008E+00 0.440183E-02
0.937647E+00 0.215552E+00 0.443429E-02
0.942098E+00 0.214093E+00 0.446714E-02
0.946582E+00 0.212633E+00 0.450040E-02
0.951099E+00 0.211171E+00 0.453406E-02
0.955650E+00 0.209707E+00 0.456814E-02
0.960235E+00 0.208241E+00 0.460264E-02
0.964855E+00 0.206773E+00 0.463756E-02
0.969511E+00 0.205303E+00 0.467293E-02
0.974201E+00 0.203832E+00 0.470873E-02
0.978928E+00 0.202359E+00 0.474499E-02
0.983692E+00 0.200885E+00 0.478170E-02
0.988492E+00 0.199410E+00 0.481887E-02
0.993329E+00 0.197933E+00 0.485652E-02
0.998205E+00 0.196455E+00 0.489465E-02
0.100312E+01 0.194975E+00 0.493327E-02
0.100807E+01 0.193495E+00 0.497239E-02
0.101306E+01 0.192014E+00 0.501201E-02
0.101810E+01 0.190531E+00 0.505215E-02
0.102317E+01 0.189048E+00 0.509281E-02
0.102828E+01 0.187564E+00 0.513400E-02
0.103344E+01 0.186080E+00 0.517574E-02
0.103863E+01 0.184595E+00 0.521803E-02
0.104387E+01 0.183109E+00 0.526087E-02
0.104916E+01 0.181623E+00 0.530429E-02
0.105448E+01 0.180136E+00 0.534829E-02
0.105985E+01 0.178649E+00 0.539288E-02
0.106527E+01 0.177162E+00 0.543808E-02
0.107073E+01 0.175675E+00 0.548388E-02
0.107624E+01 0.174188E+00 0.553031E-02
0.108179E+01 0.172701E+00 0.557738E-02
0.108739E+01 0.171214E+00 0.562509E-02
0.109304E+01 0.169727E+00 0.567346E-02
0.109874E+01 0.168241E+00 0.572251E-02
0.110448E+01 0.166755E+00 0.577223E-02
0.111028E+01 0.165269E+00 0.582265E-02
0.111613E+01 0.163784E+00 0.587379E-02
0.112203E+01 0.162300E+00 0.592564E-02
0.112798E+01 0.160817E+00 0.597823E-02
0.113399E+01 0.159334E+00 0.603157E-02
0.114005E+01 0.157853E+00 0.608567E-02
0.114616E+01 0.156372E+00 0.614055E-02
0.115233E+01 0.154893E+00 0.619623E-02
0.115855E+01 0.153415E+00 0.625272E-02
0.116483E+01 0.151938E+00 0.631003E-02
0.117117E+01 0.150462E+00 0.636818E-02
0.117757E+01 0.148988E+00 0.642718E-02
0.118403E+01 0.147516E+00 0.648707E-02
0.119054E+01 0.146045E+00 0.654784E-02
0.119712E+01 0.144576E+00 0.660952E-02
0.120376E+01 0.143109E+00 0.667213E-02
0.121047E+01 0.141644E+00 0.673569E-02
0.121723E+01 0.140181E+00 0.680021E-02
0.122407E+01 0.138720E+00 0.686572E-02
0.123097E+01 0.137261E+00 0.693223E-02
0.123793E+01 0.135805E+00 0.699977E-02
0.124497E+01 0.134351E+00 0.706835E-02
0.125207E+01 0.132899E+00 0.713800E-02
0.125924E+01 0.131450E+00 0.720875E-02
0.126649E+01 0.130004E+00 0.728060E-02
0.127380E+01 0.128560E+00 0.735359E-02
0.128119E+01 0.127120E+00 0.742775E-02
0.128866E+01 0.125682E+00 0.750309E-02
0.129620E+01 0.124248E+00 0.757963E-02
0.130382E+01 0.122816E+00 0.765742E-02
0.131152E+01 0.121388E+00 0.773647E-02
0.131929E+01 0.119963E+00 0.781681E-02
0.132715E+01 0.118542E+00 0.789847E-02
0.133509E+01 0.117124E+00 0.798148E-02
0.134311E+01 0.115710E+00 0.806586E-02
0.135122E+01 0.114299E+00 0.815166E-02
0.135942E+01 0.112892E+00 0.823889E-02
0.136770E+01 0.111489E+00 0.832760E-02
0.137607E+01 0.110090E+00 0.841781E-02
0.138454E+01 0.108695E+00 0.850957E-02
0.139309E+01 0.107304E+00 0.860289E-02
0.140174E+01 0.105918E+00 0.869783E-02
0.141049E+01 0.104536E+00 0.879442E-02
0.141933E+01 0.103158E+00 0.889269E-02
0.142828E+01 0.101785E+00 0.899269E-02
0.143732E+01 0.100416E+00 0.909446E-02
0.144646E+01 0.990518E-01 0.919804E-02
0.145572E+01 0.976925E-01 0.930347E-02
0.146507E+01 0.963381E-01 0.941079E-02
0.147454E+01 0.949887E-01 0.952005E-02
0.148411E+01 0.936444E-01 0.963131E-02
0.149380E+01 0.923051E-01 0.974460E-02
0.150360E+01 0.909711E-01 0.985998E-02
0.151352E+01 0.896424E-01 0.997750E-02
0.152356E+01 0.883191E-01 0.100972E-01
0.153372E+01 0.870014E-01 0.102192E-01
0.154400E+01 0.856892E-01 0.103434E-01
0.155440E+01 0.843827E-01 0.104700E-01
0.156494E+01 0.830819E-01 0.105991E-01
0.157560E+01 0.817871E-01 0.107306E-01
0.158640E+01 0.804981E-01 0.108647E-01
0.159733E+01 0.792153E-01 0.110014E-01
0.160840E+01 0.779386E-01 0.111407E-01
0.161962E+01 0.766681E-01 0.112829E-01
0.163097E+01 0.754039E-01 0.114278E-01
0.164247E+01 0.741462E-01 0.115757E-01
0.165412E+01 0.728949E-01 0.117265E-01
0.166593E+01 0.716503E-01 0.118804E-01
0.167789E+01 0.704124E-01 0.120374E-01
0.169000E+01 0.691813E-01 0.121977E-01
0.170228E+01 0.679571E-01 0.123612E-01
0.171473E+01 0.667399E-01 0.125282E-01
0.172734E+01 0.655298E-01 0.126987E-01
0.174012E+01 0.643269E-01 0.128728E-01
0.175309E+01 0.631313E-01 0.130506E-01
0.176623E+01 0.619432E-01 0.132322E-01
0.177955E+01 0.607625E-01 0.134178E-01
0.179306E+01 0.595894E-01 0.136073E-01
0.180677E+01 0.584241E-01 0.138011E-01
0.182067E+01 0.572665E-01 0.139991E-01
0.183477E+01 0.561170E-01 0.142015E-01
0.184907E+01 0.549754E-01 0.144084E-01
0.186359E+01 0.538420E-01 0.146200E-01
0.187831E+01 0.527169E-01 0.148364E-01
0.189326E+01 0.516002E-01 0.150578E-01
0.190843E+01 0.504920E-01 0.152843E-01
0.192383E+01 0.493924E-01 0.155160E-01
0.193947E+01 0.483015E-01 0.157532E-01
0.195534E+01 0.472195E-01 0.159960E-01
0.197146E+01 0.461465E-01 0.162446E-01
0.198783E+01 0.450827E-01 0.164991E-01
0.200446E+01 0.440280E-01 0.167598E-01
0.202135E+01 0.429827E-01 0.170269E-01
0.203852E+01 0.419470E-01 0.173005E-01
0.205596E+01 0.409209E-01 0.175810E-01
0.207368E+01 0.399045E-01 0.178684E-01
0.209169E+01 0.388981E-01 0.181631E-01
0.211001E+01 0.379017E-01 0.184652E-01
0.212863E+01 0.369156E-01 0.187752E-01
0.214756E+01 0.359397E-01 0.190931E-01
0.216682E+01 0.349744E-01 0.194193E-01
0.218640E+01 0.340197E-01 0.197542E-01
0.220633E+01 0.330758E-01 0.200979E-01
0.222660E+01 0.321429E-01 0.204508E-01
0.224723E+01 0.312210E-01 0.208133E-01
0.226823E+01 0.303104E-01 0.211856E-01
0.228961E+01 0.294113E-01 0.215682E-01
0.231137E+01 0.285237E-01 0.219615E-01
0.233353E+01 0.276478E-01 0.223657E-01
0.235611E+01 0.267839E-01 0.227814E-01
0.237910E+01 0.259320E-01 0.232090E-01
0.240253E+01 0.250923E-01 0.236489E-01
0.242640E+01 0.242650E-01 0.241016E-01
0.245074E+01 0.234502E-01 0.245677E-01
0.247554E+01 0.226482E-01 0.250476E-01
0.250084E+01 0.218591E-01 0.255419E-01
0.252663E+01 0.210829E-01 0.260511E-01
0.255294E+01 0.203200E-01 0.265760E-01
0.257979E+01 0.195705E-01 0.271171E-01
0.260718E+01 0.188344E-01 0.276751E-01
0.263514E+01 0.181120E-01 0.282507E-01
0.266369E+01 0.174035E-01 0.288447E-01
0.269284E+01 0.167089E-01 0.294579E-01
0.272261E+01 0.160284E-01 0.300911E-01
0.275303E+01 0.153622E-01 0.307451E-01
0.278411E+01 0.147103E-01 0.314209E-01
0.281588E+01 0.140729E-01 0.321196E-01
0.284836E+01 0.134502E-01 0.328420E-01
0.288157E+01 0.128422E-01 0.335893E-01
0.291555E+01 0.122490E-01 0.343628E-01
0.295031E+01 0.116708E-01 0.351635E-01
0.298588E+01 0.111076E-01 0.359928E-01
0.302230E+01 0.105595E-01 0.368521E-01
0.305960E+01 0.100266E-01 0.377428E-01
0.309780E+01 0.950884E-02 0.386665E-01
0.313694E+01 0.900638E-02 0.396249E-01
0.317706E+01 0.851921E-02 0.406197E-01
0.321819E+01 0.804734E-02 0.416527E-01
0.326038E+01 0.759079E-02 0.427259E-01
0.330366E+01 0.714954E-02 0.438416E-01
0.334808E+01 0.672356E-02 0.450018E-01
0.339368E+01 0.631282E-02 0.462091E-01
0.344051E+01 0.591725E-02 0.474660E-01
0.348863E+01 0.553680E-02 0.487753E-01
0.353808E+01 0.517137E-02 0.501399E-01
0.358893E+01 0.482086E-02 0.515630E-01
0.364123E+01 0.448514E-02 0.530479E-01
0.369505E+01 0.416410E-02 0.545984E-01
0.375045E+01 0.385757E-02 0.562182E-01
0.380751E+01 0.356539E-02 0.579117E-01
0.386630E+01 0.328738E-02 0.596834E-01
0.392690E+01 0.302334E-02 0.615381E-01
0.398940E+01 0.277306E-02 0.634811E-01
0.405389E+01 0.253631E-02 0.655181E-01
0.412047E+01 0.231285E-02 0.676553E-01
0.418924E+01 0.210242E-02 0.698994E-01
0.426031E+01 0.190476E-02 0.722576E-01
0.433380E+01 0.171958E-02 0.747377E-01
0.440983E+01 0.154658E-02 0.773483E-01
0.448854E+01 0.138545E-02 0.800988E-01
0.457008E+01 0.123586E-02 0.829993E-01
0.465459E+01 0.109747E-02 0.860609E-01
0.474226E+01 0.969928E-03 0.892958E-01
0.483325E+01 0.852859E-03 0.927173E-01
0.492776E+01 0.745875E-03 0.963400E-01
0.502600E+01 0.648573E-03 0.100180E+00
0.512820E+01 0.560529E-03 0.104255E+00
0.523459E+01 0.481305E-03 0.108585E+00
0.534546E+01 0.410443E-03 0.113191E+00
0.546108E+01 0.347468E-03 0.118098E+00
0.558176E+01 0.291891E-03 0.123331E+00
0.570786E+01 0.243207E-03 0.128922E+00
0.583974E+01 0.200901E-03 0.134902E+00
0.597780E+01 0.164449E-03 0.141309E+00
0.612251E+01 0.133325E-03 0.148186E+00
0.627435E+01 0.107005E-03 0.155577E+00
0.643385E+01 0.849737E-04 0.163538E+00
0.660163E+01 0.667289E-04 0.172126E+00
0.677834E+01 0.517901E-04 0.181411E+00
0.696471E+01 0.397025E-04 0.191469E+00
0.716156E+01 0.300431E-04 0.202389E+00
0.736981E+01 0.224241E-04 0.214273E+00
0.759047E+01 0.164961E-04 0.227236E+00
0.782469E+01 0.119495E-04 0.241415E+00
