  #normalor:   3.14159265358979
-.782469E+01 0.126350E-04 0.241415E+00
-.759047E+01 0.175368E-04 0.227236E+00
-.736981E+01 0.239598E-04 0.214273E+00
-.716156E+01 0.322523E-04 0.202389E+00
-.696471E+01 0.428088E-04 0.191469E+00
-.677834E+01 0.560685E-04 0.181411E+00
-.660163E+01 0.725122E-04 0.172126E+00
-.643385E+01 0.926595E-04 0.163538E+00
-.627435E+01 0.117064E-03 0.155577E+00
-.612251E+01 0.146307E-03 0.148186E+00
-.597780E+01 0.180997E-03 0.141309E+00
-.583974E+01 0.221761E-03 0.134902E+00
-.570786E+01 0.269241E-03 0.128922E+00
-.558176E+01 0.324097E-03 0.123331E+00
-.546108E+01 0.386999E-03 0.118098E+00
-.534546E+01 0.458627E-03 0.113191E+00
-.523459E+01 0.539676E-03 0.108585E+00
-.512820E+01 0.630852E-03 0.104255E+00
-.502600E+01 0.732873E-03 0.100180E+00
-.492776E+01 0.846474E-03 0.963400E-01
-.483325E+01 0.972407E-03 0.927173E-01
-.474226E+01 0.111144E-02 0.892958E-01
-.465459E+01 0.126437E-02 0.860609E-01
-.457008E+01 0.143201E-02 0.829993E-01
-.448854E+01 0.161518E-02 0.800988E-01
-.440983E+01 0.181476E-02 0.773483E-01
-.433380E+01 0.203161E-02 0.747377E-01
-.426031E+01 0.226666E-02 0.722576E-01
-.418924E+01 0.252082E-02 0.698994E-01
-.412047E+01 0.279506E-02 0.676553E-01
-.405389E+01 0.309036E-02 0.655181E-01
-.398940E+01 0.340770E-02 0.634811E-01
-.392690E+01 0.374812E-02 0.615381E-01
-.386630E+01 0.411265E-02 0.596834E-01
-.380751E+01 0.450236E-02 0.579117E-01
-.375045E+01 0.491832E-02 0.562182E-01
-.369505E+01 0.536161E-02 0.545984E-01
-.364123E+01 0.583336E-02 0.530479E-01
-.358893E+01 0.633468E-02 0.515630E-01
-.353808E+01 0.686668E-02 0.501399E-01
-.348863E+01 0.743052E-02 0.487753E-01
-.344051E+01 0.802732E-02 0.474660E-01
-.339368E+01 0.865824E-02 0.462091E-01
-.334808E+01 0.932442E-02 0.450018E-01
-.330366E+01 0.100270E-01 0.438416E-01
-.326038E+01 0.107672E-01 0.427259E-01
-.321819E+01 0.115460E-01 0.416527E-01
-.317706E+01 0.123647E-01 0.406197E-01
-.313694E+01 0.132244E-01 0.396249E-01
-.309780E+01 0.141261E-01 0.386665E-01
-.305960E+01 0.150711E-01 0.377428E-01
-.302230E+01 0.160603E-01 0.368521E-01
-.298588E+01 0.170949E-01 0.359928E-01
-.295031E+01 0.181760E-01 0.351635E-01
-.291555E+01 0.193045E-01 0.343628E-01
-.288157E+01 0.204815E-01 0.335893E-01
-.284836E+01 0.217081E-01 0.328420E-01
-.281588E+01 0.229852E-01 0.321196E-01
-.278411E+01 0.243137E-01 0.314209E-01
-.275303E+01 0.256947E-01 0.307451E-01
-.272261E+01 0.271289E-01 0.300911E-01
-.269284E+01 0.286173E-01 0.294579E-01
-.266369E+01 0.301608E-01 0.288447E-01
-.263514E+01 0.317600E-01 0.282507E-01
-.260718E+01 0.334160E-01 0.276751E-01
-.257979E+01 0.351293E-01 0.271171E-01
-.255294E+01 0.369007E-01 0.265760E-01
-.252663E+01 0.387309E-01 0.260511E-01
-.250084E+01 0.406205E-01 0.255419E-01
-.247554E+01 0.425702E-01 0.250476E-01
-.245074E+01 0.445805E-01 0.245677E-01
-.242640E+01 0.466519E-01 0.241016E-01
-.240253E+01 0.487849E-01 0.236489E-01
-.237910E+01 0.509800E-01 0.232090E-01
-.235611E+01 0.532375E-01 0.227814E-01
-.233353E+01 0.555579E-01 0.223657E-01
-.231137E+01 0.579414E-01 0.219615E-01
-.228961E+01 0.603882E-01 0.215682E-01
-.226823E+01 0.628987E-01 0.211856E-01
-.224723E+01 0.654728E-01 0.208133E-01
-.222660E+01 0.681109E-01 0.204508E-01
-.220633E+01 0.708128E-01 0.200979E-01
-.218640E+01 0.735786E-01 0.197542E-01
-.216682E+01 0.764083E-01 0.194193E-01
-.214756E+01 0.793016E-01 0.190931E-01
-.212863E+01 0.822586E-01 0.187752E-01
-.211001E+01 0.852788E-01 0.184652E-01
-.209169E+01 0.883620E-01 0.181631E-01
-.207368E+01 0.915079E-01 0.178684E-01
-.205596E+01 0.947160E-01 0.175810E-01
-.203852E+01 0.979858E-01 0.173005E-01
-.202135E+01 0.101317E+00 0.170269E-01
-.200446E+01 0.104708E+00 0.167598E-01
-.198783E+01 0.108160E+00 0.164991E-01
-.197146E+01 0.111670E+00 0.162446E-01
-.195534E+01 0.115239E+00 0.159960E-01
-.193947E+01 0.118864E+00 0.157532E-01
-.192383E+01 0.122547E+00 0.155160E-01
-.190843E+01 0.126284E+00 0.152843E-01
-.189326E+01 0.130076E+00 0.150578E-01
-.187831E+01 0.133920E+00 0.148364E-01
-.186359E+01 0.137816E+00 0.146200E-01
-.184907E+01 0.141762E+00 0.144084E-01
-.183477E+01 0.145758E+00 0.142015E-01
-.182067E+01 0.149800E+00 0.139991E-01
-.180677E+01 0.153888E+00 0.138011E-01
-.179306E+01 0.158021E+00 0.136073E-01
-.177955E+01 0.162195E+00 0.134178E-01
-.176623E+01 0.166411E+00 0.132322E-01
-.175309E+01 0.170665E+00 0.130506E-01
-.174012E+01 0.174956E+00 0.128728E-01
-.172734E+01 0.179282E+00 0.126987E-01
-.171473E+01 0.183641E+00 0.125282E-01
-.170228E+01 0.188030E+00 0.123612E-01
-.169000E+01 0.192448E+00 0.121977E-01
-.167789E+01 0.196893E+00 0.120374E-01
-.166593E+01 0.201362E+00 0.118804E-01
-.165412E+01 0.205853E+00 0.117265E-01
-.164247E+01 0.210364E+00 0.115757E-01
-.163097E+01 0.214892E+00 0.114278E-01
-.161962E+01 0.219436E+00 0.112829E-01
-.160840E+01 0.223992E+00 0.111407E-01
-.159733E+01 0.228558E+00 0.110014E-01
-.158640E+01 0.233132E+00 0.108647E-01
-.157560E+01 0.237712E+00 0.107306E-01
-.156494E+01 0.242295E+00 0.105991E-01
-.155440E+01 0.246878E+00 0.104700E-01
-.154400E+01 0.251460E+00 0.103434E-01
-.153372E+01 0.256038E+00 0.102192E-01
-.152356E+01 0.260610E+00 0.100972E-01
-.151352E+01 0.265173E+00 0.997750E-02
-.150360E+01 0.269725E+00 0.985998E-02
-.149380E+01 0.274263E+00 0.974460E-02
-.148411E+01 0.278787E+00 0.963131E-02
-.147454E+01 0.283292E+00 0.952005E-02
-.146507E+01 0.287778E+00 0.941079E-02
-.145572E+01 0.292242E+00 0.930347E-02
-.144646E+01 0.296682E+00 0.919804E-02
-.143732E+01 0.301096E+00 0.909446E-02
-.142828E+01 0.305482E+00 0.899269E-02
-.141933E+01 0.309839E+00 0.889269E-02
-.141049E+01 0.314164E+00 0.879442E-02
-.140174E+01 0.318456E+00 0.869783E-02
-.139309E+01 0.322714E+00 0.860289E-02
-.138454E+01 0.326935E+00 0.850957E-02
-.137607E+01 0.331118E+00 0.841781E-02
-.136770E+01 0.335261E+00 0.832760E-02
-.135942E+01 0.339364E+00 0.823889E-02
-.135122E+01 0.343425E+00 0.815166E-02
-.134311E+01 0.347443E+00 0.806586E-02
-.133509E+01 0.351417E+00 0.798148E-02
-.132715E+01 0.355345E+00 0.789847E-02
-.131929E+01 0.359227E+00 0.781681E-02
-.131152E+01 0.363061E+00 0.773647E-02
-.130382E+01 0.366847E+00 0.765742E-02
-.129620E+01 0.370584E+00 0.757963E-02
-.128866E+01 0.374272E+00 0.750309E-02
-.128119E+01 0.377909E+00 0.742775E-02
-.127380E+01 0.381496E+00 0.735359E-02
-.126649E+01 0.385031E+00 0.728060E-02
-.125924E+01 0.388514E+00 0.720875E-02
-.125207E+01 0.391945E+00 0.713800E-02
-.124497E+01 0.395323E+00 0.706835E-02
-.123793E+01 0.398649E+00 0.699977E-02
-.123097E+01 0.401921E+00 0.693223E-02
-.122407E+01 0.405141E+00 0.686572E-02
-.121723E+01 0.408306E+00 0.680021E-02
-.121047E+01 0.411419E+00 0.673569E-02
-.120376E+01 0.414478E+00 0.667213E-02
-.119712E+01 0.417484E+00 0.660952E-02
-.119054E+01 0.420436E+00 0.654784E-02
-.118403E+01 0.423335E+00 0.648707E-02
-.117757E+01 0.426181E+00 0.642718E-02
-.117117E+01 0.428974E+00 0.636818E-02
-.116483E+01 0.431715E+00 0.631003E-02
-.115855E+01 0.434403E+00 0.625272E-02
-.115233E+01 0.437038E+00 0.619623E-02
-.114616E+01 0.439622E+00 0.614055E-02
-.114005E+01 0.442155E+00 0.608567E-02
-.113399E+01 0.444636E+00 0.603157E-02
-.112798E+01 0.447067E+00 0.597823E-02
-.112203E+01 0.449447E+00 0.592564E-02
-.111613E+01 0.451777E+00 0.587379E-02
-.111028E+01 0.454057E+00 0.582265E-02
-.110448E+01 0.456289E+00 0.577223E-02
-.109874E+01 0.458472E+00 0.572251E-02
-.109304E+01 0.460607E+00 0.567346E-02
-.108739E+01 0.462694E+00 0.562509E-02
-.108179E+01 0.464734E+00 0.557738E-02
-.107624E+01 0.466728E+00 0.553031E-02
-.107073E+01 0.468675E+00 0.548388E-02
-.106527E+01 0.470577E+00 0.543808E-02
-.105985E+01 0.472434E+00 0.539288E-02
-.105448E+01 0.474247E+00 0.534829E-02
-.104916E+01 0.476016E+00 0.530429E-02
-.104387E+01 0.477741E+00 0.526087E-02
-.103863E+01 0.479424E+00 0.521803E-02
-.103344E+01 0.481064E+00 0.517574E-02
-.102828E+01 0.482663E+00 0.513400E-02
-.102317E+01 0.484221E+00 0.509281E-02
-.101810E+01 0.485739E+00 0.505215E-02
-.101306E+01 0.487216E+00 0.501201E-02
-.100807E+01 0.488655E+00 0.497239E-02
-.100312E+01 0.490054E+00 0.493327E-02
-.998205E+00 0.491416E+00 0.489465E-02
-.993329E+00 0.492739E+00 0.485652E-02
-.988492E+00 0.494026E+00 0.481887E-02
-.983692E+00 0.495276E+00 0.478170E-02
-.978928E+00 0.496491E+00 0.474499E-02
-.974201E+00 0.497670E+00 0.470873E-02
-.969511E+00 0.498814E+00 0.467293E-02
-.964855E+00 0.499924E+00 0.463756E-02
-.960235E+00 0.501000E+00 0.460264E-02
-.955650E+00 0.502043E+00 0.456814E-02
-.951099E+00 0.503053E+00 0.453406E-02
-.946582E+00 0.504031E+00 0.450040E-02
-.942098E+00 0.504978E+00 0.446714E-02
-.937647E+00 0.505893E+00 0.443429E-02
-.933229E+00 0.506778E+00 0.440183E-02
-.928844E+00 0.507633E+00 0.436976E-02
-.924490E+00 0.508459E+00 0.433807E-02
-.920167E+00 0.509255E+00 0.430676E-02
-.915876E+00 0.510023E+00 0.427582E-02
-.911616E+00 0.510762E+00 0.424525E-02
-.907385E+00 0.511474E+00 0.421503E-02
-.903185E+00 0.512160E+00 0.418517E-02
-.899015E+00 0.512818E+00 0.415565E-02
-.894874E+00 0.513450E+00 0.412648E-02
-.890762E+00 0.514057E+00 0.409765E-02
-.886679E+00 0.514638E+00 0.406914E-02
-.882623E+00 0.515194E+00 0.404097E-02
-.878596E+00 0.515726E+00 0.401312E-02
-.874597E+00 0.516234E+00 0.398558E-02
-.870625E+00 0.516719E+00 0.395836E-02
-.866680E+00 0.517180E+00 0.393145E-02
-.862762E+00 0.517619E+00 0.390484E-02
-.858871E+00 0.518035E+00 0.387853E-02
-.855005E+00 0.518430E+00 0.385251E-02
-.851165E+00 0.518803E+00 0.382678E-02
-.847351E+00 0.519155E+00 0.380134E-02
-.843563E+00 0.519486E+00 0.377619E-02
-.839799E+00 0.519797E+00 0.375131E-02
-.836060E+00 0.520088E+00 0.372670E-02
-.832345E+00 0.520359E+00 0.370236E-02
-.828655E+00 0.520612E+00 0.367829E-02
-.824989E+00 0.520845E+00 0.365448E-02
-.821346E+00 0.521060E+00 0.363093E-02
-.817727E+00 0.521256E+00 0.360764E-02
-.814131E+00 0.521435E+00 0.358459E-02
-.810558E+00 0.521596E+00 0.356179E-02
-.807007E+00 0.521740E+00 0.353924E-02
-.803479E+00 0.521868E+00 0.351693E-02
-.799973E+00 0.521978E+00 0.349485E-02
-.796489E+00 0.522073E+00 0.347301E-02
-.793027E+00 0.522152E+00 0.345140E-02
-.789586E+00 0.522215E+00 0.343002E-02
-.786167E+00 0.522262E+00 0.340886E-02
-.782769E+00 0.522295E+00 0.338792E-02
-.779391E+00 0.522313E+00 0.336720E-02
-.776034E+00 0.522317E+00 0.334670E-02
-.772698E+00 0.522306E+00 0.332640E-02
-.769381E+00 0.522282E+00 0.330632E-02
-.766085E+00 0.522244E+00 0.328644E-02
-.762808E+00 0.522192E+00 0.326677E-02
-.759551E+00 0.522128E+00 0.324730E-02
-.756314E+00 0.522050E+00 0.322803E-02
-.753095E+00 0.521960E+00 0.320895E-02
-.749896E+00 0.521858E+00 0.319007E-02
-.746715E+00 0.521744E+00 0.317137E-02
-.743553E+00 0.521618E+00 0.315287E-02
-.740409E+00 0.521480E+00 0.313455E-02
-.737284E+00 0.521331E+00 0.311641E-02
-.734176E+00 0.521171E+00 0.309845E-02
-.731087E+00 0.520999E+00 0.308068E-02
-.728015E+00 0.520818E+00 0.306307E-02
-.724960E+00 0.520625E+00 0.304565E-02
-.721923E+00 0.520423E+00 0.302839E-02
-.718904E+00 0.520210E+00 0.301130E-02
-.715901E+00 0.519987E+00 0.299439E-02
-.712915E+00 0.519755E+00 0.297763E-02
-.709945E+00 0.519513E+00 0.296104E-02
-.706993E+00 0.519262E+00 0.294461E-02
-.704056E+00 0.519002E+00 0.292834E-02
-.701136E+00 0.518734E+00 0.291222E-02
-.698232E+00 0.518456E+00 0.289626E-02
-.695343E+00 0.518170E+00 0.288046E-02
-.692471E+00 0.517876E+00 0.286480E-02
-.689614E+00 0.517573E+00 0.284930E-02
-.686772E+00 0.517262E+00 0.283394E-02
-.683946E+00 0.516944E+00 0.281872E-02
-.681135E+00 0.516618E+00 0.280365E-02
-.678338E+00 0.516284E+00 0.278873E-02
-.675557E+00 0.515944E+00 0.277394E-02
-.672791E+00 0.515595E+00 0.275929E-02
-.670039E+00 0.515240E+00 0.274478E-02
-.667301E+00 0.514878E+00 0.273040E-02
-.664578E+00 0.514510E+00 0.271616E-02
-.661869E+00 0.514135E+00 0.270204E-02
-.659174E+00 0.513753E+00 0.268806E-02
-.656492E+00 0.513365E+00 0.267421E-02
-.653825E+00 0.512971E+00 0.266049E-02
-.651171E+00 0.512571E+00 0.264689E-02
-.648531E+00 0.512165E+00 0.263341E-02
-.645905E+00 0.511753E+00 0.262006E-02
-.643291E+00 0.511336E+00 0.260683E-02
-.640691E+00 0.510913E+00 0.259372E-02
-.638104E+00 0.510485E+00 0.258073E-02
-.635529E+00 0.510052E+00 0.256785E-02
-.632968E+00 0.509613E+00 0.255509E-02
-.630419E+00 0.509170E+00 0.254244E-02
-.627883E+00 0.508722E+00 0.252991E-02
-.625359E+00 0.508269E+00 0.251749E-02
-.622848E+00 0.507811E+00 0.250518E-02
-.620349E+00 0.507349E+00 0.249298E-02
-.617862E+00 0.506882E+00 0.248089E-02
-.615387E+00 0.506411E+00 0.246890E-02
-.612924E+00 0.505935E+00 0.245702E-02
-.610473E+00 0.505456E+00 0.244525E-02
-.608034E+00 0.504973E+00 0.243358E-02
-.605606E+00 0.504485E+00 0.242200E-02
-.603190E+00 0.503994E+00 0.241053E-02
-.600785E+00 0.503499E+00 0.239916E-02
-.598391E+00 0.503000E+00 0.238789E-02
-.596009E+00 0.502498E+00 0.237672E-02
-.593638E+00 0.501993E+00 0.236564E-02
-.591278E+00 0.501484E+00 0.235466E-02
-.588928E+00 0.500972E+00 0.234377E-02
-.586590E+00 0.500456E+00 0.233298E-02
-.584262E+00 0.499938E+00 0.232228E-02
-.581945E+00 0.499416E+00 0.231166E-02
-.579639E+00 0.498891E+00 0.230114E-02
-.577343E+00 0.498364E+00 0.229071E-02
-.575058E+00 0.497834E+00 0.228037E-02
-.572782E+00 0.497301E+00 0.227011E-02
-.570517E+00 0.496765E+00 0.225994E-02
-.568262E+00 0.496227E+00 0.224986E-02
-.566018E+00 0.495687E+00 0.223986E-02
-.563783E+00 0.495144E+00 0.222995E-02
-.561558E+00 0.494598E+00 0.222011E-02
-.559342E+00 0.494050E+00 0.221036E-02
-.557137E+00 0.493500E+00 0.220069E-02
-.554941E+00 0.492948E+00 0.219110E-02
-.552755E+00 0.492394E+00 0.218159E-02
-.550578E+00 0.491838E+00 0.217216E-02
-.548410E+00 0.491280E+00 0.216281E-02
-.546252E+00 0.490719E+00 0.215353E-02
-.544103E+00 0.490158E+00 0.214433E-02
-.541963E+00 0.489594E+00 0.213520E-02
-.539833E+00 0.489028E+00 0.212615E-02
-.537711E+00 0.488461E+00 0.211717E-02
-.535598E+00 0.487892E+00 0.210827E-02
-.533495E+00 0.487322E+00 0.209943E-02
-.531400E+00 0.486750E+00 0.209067E-02
-.529313E+00 0.486177E+00 0.208198E-02
-.527236E+00 0.485602E+00 0.207336E-02
-.525166E+00 0.485026E+00 0.206481E-02
-.523106E+00 0.484448E+00 0.205633E-02
-.521054E+00 0.483869E+00 0.204791E-02
-.519010E+00 0.483289E+00 0.203957E-02
-.516975E+00 0.482708E+00 0.203129E-02
-.514947E+00 0.482126E+00 0.202307E-02
-.512928E+00 0.481543E+00 0.201492E-02
-.510918E+00 0.480958E+00 0.200684E-02
-.508915E+00 0.480373E+00 0.199882E-02
-.506920E+00 0.479787E+00 0.199086E-02
-.504933E+00 0.479199E+00 0.198296E-02
-.502954E+00 0.478611E+00 0.197513E-02
-.500983E+00 0.478022E+00 0.196736E-02
-.499019E+00 0.477433E+00 0.195965E-02
-.497063E+00 0.476842E+00 0.195200E-02
-.495115E+00 0.476251E+00 0.194441E-02
-.493175E+00 0.475659E+00 0.193688E-02
-.491241E+00 0.475066E+00 0.192940E-02
-.489316E+00 0.474473E+00 0.192199E-02
-.487397E+00 0.473879E+00 0.191463E-02
-.485486E+00 0.473285E+00 0.190733E-02
-.483583E+00 0.472690E+00 0.190008E-02
-.481686E+00 0.472095E+00 0.189289E-02
-.479797E+00 0.471499E+00 0.188576E-02
-.477915E+00 0.470903E+00 0.187868E-02
-.476040E+00 0.470307E+00 0.187166E-02
-.474171E+00 0.469710E+00 0.186469E-02
-.472310E+00 0.469113E+00 0.185777E-02
-.470456E+00 0.468515E+00 0.185090E-02
-.468608E+00 0.467917E+00 0.184409E-02
-.466768E+00 0.467319E+00 0.183733E-02
-.464934E+00 0.466721E+00 0.183062E-02
-.463106E+00 0.466123E+00 0.182396E-02
-.461286E+00 0.465524E+00 0.181735E-02
-.459472E+00 0.464925E+00 0.181079E-02
-.457664E+00 0.464326E+00 0.180428E-02
-.455863E+00 0.463728E+00 0.179782E-02
-.454069E+00 0.463129E+00 0.179141E-02
-.452280E+00 0.462530E+00 0.178504E-02
-.450498E+00 0.461930E+00 0.177873E-02
-.448723E+00 0.461331E+00 0.177246E-02
-.446953E+00 0.460732E+00 0.176623E-02
-.445190E+00 0.460133E+00 0.176006E-02
-.443433E+00 0.459535E+00 0.175392E-02
-.441682E+00 0.458936E+00 0.174784E-02
-.439938E+00 0.458337E+00 0.174180E-02
-.438199E+00 0.457738E+00 0.173580E-02
-.436466E+00 0.457140E+00 0.172985E-02
-.434739E+00 0.456542E+00 0.172394E-02
-.433018E+00 0.455944E+00 0.171808E-02
-.431303E+00 0.455346E+00 0.171226E-02
-.429594E+00 0.454748E+00 0.170648E-02
-.427890E+00 0.454151E+00 0.170074E-02
-.426192E+00 0.453554E+00 0.169505E-02
-.424500E+00 0.452957E+00 0.168939E-02
-.422813E+00 0.452360E+00 0.168378E-02
-.421132E+00 0.451764E+00 0.167821E-02
-.419457E+00 0.451168E+00 0.167268E-02
-.417787E+00 0.450572E+00 0.166719E-02
-.416123E+00 0.449977E+00 0.166174E-02
-.414463E+00 0.449382E+00 0.165633E-02
-.412810E+00 0.448788E+00 0.165095E-02
-.411162E+00 0.448194E+00 0.164562E-02
-.409519E+00 0.447600E+00 0.164033E-02
-.407881E+00 0.447006E+00 0.163507E-02
-.406248E+00 0.446414E+00 0.162985E-02
-.404621E+00 0.445821E+00 0.162467E-02
-.402999E+00 0.445229E+00 0.161952E-02
-.401382E+00 0.444638E+00 0.161442E-02
-.399770E+00 0.444047E+00 0.160934E-02
-.398163E+00 0.443456E+00 0.160431E-02
-.396562E+00 0.442866E+00 0.159931E-02
-.394965E+00 0.442276E+00 0.159435E-02
-.393373E+00 0.441687E+00 0.158942E-02
-.391786E+00 0.441099E+00 0.158453E-02
-.390204E+00 0.440511E+00 0.157967E-02
-.388627E+00 0.439924E+00 0.157484E-02
-.387054E+00 0.439337E+00 0.157005E-02
-.385486E+00 0.438751E+00 0.156530E-02
-.383924E+00 0.438165E+00 0.156058E-02
-.382365E+00 0.437580E+00 0.155589E-02
-.380812E+00 0.436995E+00 0.155123E-02
-.379263E+00 0.436411E+00 0.154661E-02
-.377719E+00 0.435828E+00 0.154202E-02
-.376179E+00 0.435246E+00 0.153746E-02
-.374644E+00 0.434664E+00 0.153293E-02
-.373113E+00 0.434082E+00 0.152844E-02
-.371587E+00 0.433502E+00 0.152397E-02
-.370065E+00 0.432922E+00 0.151954E-02
-.368548E+00 0.432342E+00 0.151514E-02
-.367035E+00 0.431763E+00 0.151077E-02
-.365526E+00 0.431185E+00 0.150643E-02
-.364022E+00 0.430608E+00 0.150212E-02
-.362522E+00 0.430031E+00 0.149784E-02
-.361026E+00 0.429455E+00 0.149359E-02
-.359535E+00 0.428880E+00 0.148937E-02
-.358047E+00 0.428305E+00 0.148518E-02
-.356564E+00 0.427732E+00 0.148102E-02
-.355085E+00 0.427158E+00 0.147688E-02
-.353610E+00 0.426586E+00 0.147278E-02
-.352140E+00 0.426014E+00 0.146870E-02
-.350673E+00 0.425443E+00 0.146466E-02
-.349210E+00 0.424873E+00 0.146064E-02
-.347752E+00 0.424304E+00 0.145664E-02
-.346297E+00 0.423735E+00 0.145268E-02
-.344846E+00 0.423167E+00 0.144874E-02
-.343400E+00 0.422599E+00 0.144483E-02
-.341957E+00 0.422033E+00 0.144095E-02
-.340518E+00 0.421467E+00 0.143709E-02
-.339083E+00 0.420902E+00 0.143326E-02
-.337651E+00 0.420338E+00 0.142946E-02
-.336224E+00 0.419775E+00 0.142568E-02
-.334800E+00 0.419212E+00 0.142193E-02
-.333380E+00 0.418650E+00 0.141820E-02
-.331963E+00 0.418089E+00 0.141450E-02
-.330551E+00 0.417529E+00 0.141083E-02
-.329142E+00 0.416969E+00 0.140718E-02
-.327736E+00 0.416410E+00 0.140355E-02
-.326335E+00 0.415852E+00 0.139995E-02
-.324936E+00 0.415295E+00 0.139637E-02
-.323542E+00 0.414739E+00 0.139282E-02
-.322151E+00 0.414183E+00 0.138930E-02
-.320763E+00 0.413629E+00 0.138579E-02
-.319379E+00 0.413075E+00 0.138231E-02
-.317999E+00 0.412522E+00 0.137886E-02
-.316622E+00 0.411969E+00 0.137543E-02
-.315248E+00 0.411418E+00 0.137202E-02
-.313877E+00 0.410867E+00 0.136863E-02
-.312511E+00 0.410317E+00 0.136527E-02
-.311147E+00 0.409768E+00 0.136193E-02
-.309787E+00 0.409220E+00 0.135861E-02
-.308430E+00 0.408672E+00 0.135532E-02
-.307076E+00 0.408126E+00 0.135205E-02
-.305726E+00 0.407580E+00 0.134880E-02
-.304378E+00 0.407035E+00 0.134557E-02
-.303034E+00 0.406491E+00 0.134236E-02
-.301694E+00 0.405948E+00 0.133918E-02
-.300356E+00 0.405405E+00 0.133602E-02
-.299022E+00 0.404863E+00 0.133288E-02
-.297690E+00 0.404322E+00 0.132976E-02
-.296362E+00 0.403782E+00 0.132666E-02
-.295037E+00 0.403243E+00 0.132358E-02
-.293715E+00 0.402705E+00 0.132052E-02
-.292396E+00 0.402167E+00 0.131749E-02
-.291080E+00 0.401631E+00 0.131447E-02
-.289767E+00 0.401095E+00 0.131148E-02
-.288457E+00 0.400560E+00 0.130850E-02
-.287150E+00 0.400025E+00 0.130555E-02
-.285846E+00 0.399492E+00 0.130261E-02
-.284545E+00 0.398959E+00 0.129970E-02
-.283247E+00 0.398428E+00 0.129680E-02
-.281951E+00 0.397897E+00 0.129393E-02
-.280659E+00 0.397367E+00 0.129107E-02
-.279369E+00 0.396838E+00 0.128824E-02
-.278082E+00 0.396309E+00 0.128542E-02
-.276798E+00 0.395781E+00 0.128262E-02
-.275517E+00 0.395255E+00 0.127984E-02
-.274238E+00 0.394729E+00 0.127708E-02
-.272963E+00 0.394204E+00 0.127434E-02
-.271690E+00 0.393679E+00 0.127162E-02
-.270419E+00 0.393156E+00 0.126892E-02
-.269152E+00 0.392633E+00 0.126623E-02
-.267887E+00 0.392112E+00 0.126356E-02
-.266625E+00 0.391591E+00 0.126091E-02
-.265365E+00 0.391070E+00 0.125828E-02
-.264108E+00 0.390551E+00 0.125567E-02
-.262854E+00 0.390033E+00 0.125307E-02
-.261602E+00 0.389515E+00 0.125049E-02
-.260353E+00 0.388998E+00 0.124793E-02
-.259106E+00 0.388482E+00 0.124539E-02
-.257862E+00 0.387967E+00 0.124286E-02
-.256620E+00 0.387452E+00 0.124036E-02
-.255381E+00 0.386939E+00 0.123786E-02
-.254145E+00 0.386426E+00 0.123539E-02
-.252911E+00 0.385914E+00 0.123293E-02
-.251679E+00 0.385403E+00 0.123049E-02
-.250450E+00 0.384892E+00 0.122807E-02
-.249223E+00 0.384383E+00 0.122566E-02
-.247998E+00 0.383874E+00 0.122327E-02
-.246776E+00 0.383366E+00 0.122090E-02
-.245556E+00 0.382859E+00 0.121854E-02
-.244339E+00 0.382353E+00 0.121620E-02
-.243124E+00 0.381847E+00 0.121387E-02
-.241911E+00 0.381343E+00 0.121156E-02
-.240701E+00 0.380839E+00 0.120927E-02
-.239493E+00 0.380336E+00 0.120699E-02
-.238287E+00 0.379833E+00 0.120472E-02
-.237083E+00 0.379332E+00 0.120248E-02
-.235882E+00 0.378831E+00 0.120025E-02
-.234683E+00 0.378331E+00 0.119803E-02
-.233486E+00 0.377832E+00 0.119583E-02
-.232291E+00 0.377334E+00 0.119365E-02
-.231099E+00 0.376836E+00 0.119147E-02
-.229908E+00 0.376340E+00 0.118932E-02
-.228720E+00 0.375844E+00 0.118718E-02
-.227534E+00 0.375348E+00 0.118505E-02
-.226350E+00 0.374854E+00 0.118294E-02
-.225168E+00 0.374360E+00 0.118085E-02
-.223988E+00 0.373868E+00 0.117877E-02
-.222810E+00 0.373376E+00 0.117670E-02
-.221635E+00 0.372884E+00 0.117465E-02
-.220461E+00 0.372394E+00 0.117261E-02
-.219290E+00 0.371904E+00 0.117059E-02
-.218120E+00 0.371415E+00 0.116858E-02
-.216952E+00 0.370927E+00 0.116658E-02
-.215787E+00 0.370439E+00 0.116460E-02
-.214623E+00 0.369953E+00 0.116264E-02
-.213462E+00 0.369467E+00 0.116068E-02
-.212302E+00 0.368982E+00 0.115875E-02
-.211144E+00 0.368497E+00 0.115682E-02
-.209988E+00 0.368014E+00 0.115491E-02
-.208834E+00 0.367531E+00 0.115301E-02
-.207682E+00 0.367049E+00 0.115113E-02
-.206532E+00 0.366567E+00 0.114926E-02
-.205384E+00 0.366086E+00 0.114740E-02
-.204237E+00 0.365607E+00 0.114555E-02
-.203092E+00 0.365127E+00 0.114372E-02
-.201950E+00 0.364649E+00 0.114190E-02
-.200809E+00 0.364171E+00 0.114010E-02
-.199669E+00 0.363694E+00 0.113831E-02
-.198532E+00 0.363218E+00 0.113653E-02
-.197396E+00 0.362743E+00 0.113476E-02
-.196263E+00 0.362268E+00 0.113301E-02
-.195130E+00 0.361794E+00 0.113127E-02
-.194000E+00 0.361321E+00 0.112954E-02
-.192871E+00 0.360848E+00 0.112783E-02
-.191744E+00 0.360376E+00 0.112613E-02
-.190619E+00 0.359905E+00 0.112444E-02
-.189495E+00 0.359435E+00 0.112276E-02
-.188374E+00 0.358965E+00 0.112110E-02
-.187253E+00 0.358496E+00 0.111944E-02
-.186135E+00 0.358028E+00 0.111780E-02
-.185018E+00 0.357560E+00 0.111617E-02
-.183902E+00 0.357093E+00 0.111456E-02
-.182789E+00 0.356627E+00 0.111295E-02
-.181676E+00 0.356162E+00 0.111136E-02
-.180566E+00 0.355697E+00 0.110978E-02
-.179457E+00 0.355233E+00 0.110822E-02
-.178349E+00 0.354769E+00 0.110666E-02
-.177243E+00 0.354307E+00 0.110512E-02
-.176139E+00 0.353845E+00 0.110358E-02
-.175036E+00 0.353383E+00 0.110206E-02
-.173935E+00 0.352923E+00 0.110055E-02
-.172835E+00 0.352463E+00 0.109905E-02
-.171737E+00 0.352004E+00 0.109757E-02
-.170640E+00 0.351545E+00 0.109609E-02
-.169545E+00 0.351087E+00 0.109463E-02
-.168451E+00 0.350630E+00 0.109318E-02
-.167358E+00 0.350173E+00 0.109174E-02
-.166267E+00 0.349717E+00 0.109031E-02
-.165178E+00 0.349262E+00 0.108889E-02
-.164090E+00 0.348808E+00 0.108748E-02
-.163003E+00 0.348354E+00 0.108609E-02
-.161917E+00 0.347900E+00 0.108470E-02
-.160833E+00 0.347448E+00 0.108333E-02
-.159751E+00 0.346996E+00 0.108197E-02
-.158669E+00 0.346545E+00 0.108061E-02
-.157589E+00 0.346094E+00 0.107927E-02
-.156511E+00 0.345644E+00 0.107794E-02
-.155434E+00 0.345195E+00 0.107662E-02
-.154358E+00 0.344746E+00 0.107531E-02
-.153283E+00 0.344298E+00 0.107401E-02
-.152210E+00 0.343851E+00 0.107273E-02
-.151137E+00 0.343404E+00 0.107145E-02
-.150067E+00 0.342958E+00 0.107018E-02
-.148997E+00 0.342512E+00 0.106893E-02
-.147929E+00 0.342067E+00 0.106768E-02
-.146862E+00 0.341623E+00 0.106645E-02
-.145796E+00 0.341179E+00 0.106522E-02
-.144731E+00 0.340736E+00 0.106401E-02
-.143668E+00 0.340294E+00 0.106280E-02
-.142606E+00 0.339852E+00 0.106161E-02
-.141545E+00 0.339411E+00 0.106042E-02
-.140485E+00 0.338970E+00 0.105925E-02
-.139426E+00 0.338530E+00 0.105809E-02
-.138369E+00 0.338091E+00 0.105693E-02
-.137312E+00 0.337652E+00 0.105579E-02
-.136257E+00 0.337214E+00 0.105466E-02
-.135203E+00 0.336777E+00 0.105353E-02
-.134150E+00 0.336340E+00 0.105242E-02
-.133098E+00 0.335903E+00 0.105131E-02
-.132047E+00 0.335468E+00 0.105022E-02
-.130998E+00 0.335032E+00 0.104914E-02
-.129949E+00 0.334598E+00 0.104806E-02
-.128902E+00 0.334164E+00 0.104700E-02
-.127855E+00 0.333730E+00 0.104594E-02
-.126810E+00 0.333298E+00 0.104490E-02
-.125765E+00 0.332865E+00 0.104386E-02
-.124722E+00 0.332434E+00 0.104283E-02
-.123680E+00 0.332003E+00 0.104182E-02
-.122638E+00 0.331572E+00 0.104081E-02
-.121598E+00 0.331142E+00 0.103981E-02
-.120559E+00 0.330713E+00 0.103882E-02
-.119520E+00 0.330284E+00 0.103785E-02
-.118483E+00 0.329856E+00 0.103688E-02
-.117447E+00 0.329428E+00 0.103592E-02
-.116411E+00 0.329001E+00 0.103496E-02
-.115377E+00 0.328574E+00 0.103402E-02
-.114343E+00 0.328148E+00 0.103309E-02
-.113310E+00 0.327723E+00 0.103217E-02
-.112279E+00 0.327298E+00 0.103125E-02
-.111248E+00 0.326873E+00 0.103035E-02
-.110218E+00 0.326449E+00 0.102945E-02
-.109189E+00 0.326026E+00 0.102857E-02
-.108161E+00 0.325603E+00 0.102769E-02
-.107134E+00 0.325181E+00 0.102682E-02
-.106107E+00 0.324759E+00 0.102596E-02
-.105082E+00 0.324338E+00 0.102511E-02
-.104057E+00 0.323917E+00 0.102427E-02
-.103033E+00 0.323497E+00 0.102344E-02
-.102010E+00 0.323078E+00 0.102261E-02
-.100988E+00 0.322659E+00 0.102180E-02
-.999666E-01 0.322240E+00 0.102099E-02
-.989460E-01 0.321822E+00 0.102019E-02
-.979262E-01 0.321404E+00 0.101941E-02
-.969072E-01 0.320987E+00 0.101863E-02
-.958889E-01 0.320571E+00 0.101786E-02
-.948715E-01 0.320155E+00 0.101709E-02
-.938547E-01 0.319739E+00 0.101634E-02
-.928388E-01 0.319324E+00 0.101559E-02
-.918236E-01 0.318910E+00 0.101486E-02
-.908091E-01 0.318496E+00 0.101413E-02
-.897953E-01 0.318082E+00 0.101341E-02
-.887822E-01 0.317669E+00 0.101270E-02
-.877699E-01 0.317257E+00 0.101200E-02
-.867582E-01 0.316845E+00 0.101131E-02
-.857473E-01 0.316433E+00 0.101062E-02
-.847370E-01 0.316022E+00 0.100994E-02
-.837274E-01 0.315612E+00 0.100928E-02
-.827184E-01 0.315202E+00 0.100862E-02
-.817101E-01 0.314792E+00 0.100797E-02
-.807025E-01 0.314383E+00 0.100732E-02
-.796955E-01 0.313974E+00 0.100669E-02
-.786891E-01 0.313566E+00 0.100606E-02
-.776834E-01 0.313158E+00 0.100545E-02
-.766782E-01 0.312751E+00 0.100484E-02
-.756737E-01 0.312344E+00 0.100424E-02
-.746697E-01 0.311938E+00 0.100364E-02
-.736664E-01 0.311532E+00 0.100306E-02
-.726636E-01 0.311126E+00 0.100248E-02
-.716614E-01 0.310721E+00 0.100191E-02
-.706598E-01 0.310317E+00 0.100135E-02
-.696587E-01 0.309913E+00 0.100080E-02
-.686582E-01 0.309509E+00 0.100026E-02
-.676582E-01 0.309106E+00 0.999724E-03
-.666587E-01 0.308703E+00 0.999197E-03
-.656598E-01 0.308301E+00 0.998678E-03
-.646614E-01 0.307899E+00 0.998167E-03
-.636635E-01 0.307498E+00 0.997664E-03
-.626660E-01 0.307097E+00 0.997169E-03
-.616691E-01 0.306696E+00 0.996682E-03
-.606727E-01 0.306296E+00 0.996204E-03
-.596767E-01 0.305897E+00 0.995733E-03
-.586812E-01 0.305497E+00 0.995270E-03
-.576862E-01 0.305099E+00 0.994816E-03
-.566916E-01 0.304700E+00 0.994369E-03
-.556974E-01 0.304302E+00 0.993930E-03
-.547037E-01 0.303905E+00 0.993499E-03
-.537104E-01 0.303507E+00 0.993076E-03
-.527176E-01 0.303111E+00 0.992661E-03
-.517251E-01 0.302714E+00 0.992254E-03
-.507330E-01 0.302318E+00 0.991855E-03
-.497414E-01 0.301923E+00 0.991464E-03
-.487501E-01 0.301528E+00 0.991081E-03
-.477592E-01 0.301133E+00 0.990705E-03
-.467687E-01 0.300739E+00 0.990337E-03
-.457785E-01 0.300345E+00 0.989977E-03
-.447887E-01 0.299951E+00 0.989625E-03
-.437993E-01 0.299558E+00 0.989281E-03
-.428102E-01 0.299166E+00 0.988945E-03
-.418214E-01 0.298773E+00 0.988616E-03
-.408329E-01 0.298381E+00 0.988295E-03
-.398448E-01 0.297990E+00 0.987982E-03
-.388570E-01 0.297599E+00 0.987677E-03
-.378695E-01 0.297208E+00 0.987379E-03
-.368822E-01 0.296817E+00 0.987090E-03
-.358953E-01 0.296427E+00 0.986808E-03
-.349086E-01 0.296038E+00 0.986533E-03
-.339222E-01 0.295648E+00 0.986267E-03
-.329361E-01 0.295260E+00 0.986008E-03
-.319502E-01 0.294871E+00 0.985756E-03
-.309645E-01 0.294483E+00 0.985513E-03
-.299792E-01 0.294095E+00 0.985277E-03
-.289940E-01 0.293708E+00 0.985049E-03
-.280091E-01 0.293320E+00 0.984828E-03
-.270243E-01 0.292934E+00 0.984616E-03
-.260398E-01 0.292547E+00 0.984411E-03
-.250555E-01 0.292161E+00 0.984213E-03
-.240714E-01 0.291776E+00 0.984023E-03
-.230875E-01 0.291390E+00 0.983841E-03
-.221037E-01 0.291005E+00 0.983666E-03
-.211201E-01 0.290621E+00 0.983499E-03
-.201367E-01 0.290237E+00 0.983340E-03
-.191534E-01 0.289853E+00 0.983188E-03
-.181703E-01 0.289469E+00 0.983044E-03
-.171874E-01 0.289086E+00 0.982908E-03
-.162045E-01 0.288703E+00 0.982779E-03
-.152218E-01 0.288320E+00 0.982658E-03
-.142392E-01 0.287938E+00 0.982544E-03
-.132567E-01 0.287556E+00 0.982438E-03
-.122743E-01 0.287175E+00 0.982339E-03
-.112920E-01 0.286793E+00 0.982248E-03
-.103098E-01 0.286412E+00 0.982165E-03
-.932769E-02 0.286032E+00 0.982089E-03
-.834563E-02 0.285651E+00 0.982021E-03
-.736364E-02 0.285272E+00 0.981961E-03
-.638171E-02 0.284892E+00 0.981908E-03
-.539982E-02 0.284513E+00 0.981862E-03
-.441798E-02 0.284134E+00 0.981824E-03
-.343617E-02 0.283755E+00 0.981794E-03
-.245439E-02 0.283376E+00 0.981771E-03
-.147263E-02 0.282998E+00 0.981756E-03
-.490874E-03 0.282621E+00 0.981749E-03
0.490874E-03 0.282243E+00 0.981749E-03
0.147263E-02 0.281866E+00 0.981756E-03
0.245439E-02 0.281489E+00 0.981771E-03
0.343617E-02 0.281112E+00 0.981794E-03
0.441798E-02 0.280736E+00 0.981824E-03
0.539982E-02 0.280360E+00 0.981862E-03
0.638171E-02 0.279984E+00 0.981908E-03
0.736364E-02 0.279609E+00 0.981961E-03
0.834563E-02 0.279234E+00 0.982021E-03
0.932769E-02 0.278859E+00 0.982089E-03
0.103098E-01 0.278484E+00 0.982165E-03
0.112920E-01 0.278110E+00 0.982248E-03
0.122743E-01 0.277736E+00 0.982339E-03
0.132567E-01 0.277362E+00 0.982438E-03
0.142392E-01 0.276989E+00 0.982544E-03
0.152218E-01 0.276616E+00 0.982658E-03
0.162045E-01 0.276243E+00 0.982779E-03
0.171874E-01 0.275870E+00 0.982908E-03
0.181703E-01 0.275498E+00 0.983044E-03
0.191534E-01 0.275126E+00 0.983188E-03
0.201367E-01 0.274754E+00 0.983340E-03
0.211201E-01 0.274383E+00 0.983499E-03
0.221037E-01 0.274011E+00 0.983666E-03
0.230875E-01 0.273640E+00 0.983841E-03
0.240714E-01 0.273269E+00 0.984023E-03
0.250555E-01 0.272899E+00 0.984213E-03
0.260398E-01 0.272529E+00 0.984411E-03
0.270243E-01 0.272159E+00 0.984616E-03
0.280091E-01 0.271789E+00 0.984828E-03
0.289940E-01 0.271419E+00 0.985049E-03
0.299792E-01 0.271050E+00 0.985277E-03
0.309645E-01 0.270681E+00 0.985513E-03
0.319502E-01 0.270312E+00 0.985756E-03
0.329361E-01 0.269944E+00 0.986008E-03
0.339222E-01 0.269575E+00 0.986267E-03
0.349086E-01 0.269207E+00 0.986533E-03
0.358953E-01 0.268840E+00 0.986808E-03
0.368822E-01 0.268472E+00 0.987090E-03
0.378695E-01 0.268105E+00 0.987379E-03
0.388570E-01 0.267738E+00 0.987677E-03
0.398448E-01 0.267371E+00 0.987982E-03
0.408329E-01 0.267004E+00 0.988295E-03
0.418214E-01 0.266638E+00 0.988616E-03
0.428102E-01 0.266271E+00 0.988945E-03
0.437993E-01 0.265905E+00 0.989281E-03
0.447887E-01 0.265540E+00 0.989625E-03
0.457785E-01 0.265174E+00 0.989977E-03
0.467687E-01 0.264809E+00 0.990337E-03
0.477592E-01 0.264444E+00 0.990705E-03
0.487501E-01 0.264079E+00 0.991081E-03
0.497414E-01 0.263714E+00 0.991464E-03
0.507330E-01 0.263349E+00 0.991855E-03
0.517251E-01 0.262985E+00 0.992254E-03
0.527176E-01 0.262621E+00 0.992661E-03
0.537104E-01 0.262257E+00 0.993076E-03
0.547037E-01 0.261894E+00 0.993499E-03
0.556974E-01 0.261530E+00 0.993930E-03
0.566916E-01 0.261167E+00 0.994369E-03
0.576862E-01 0.260804E+00 0.994816E-03
0.586812E-01 0.260441E+00 0.995270E-03
0.596767E-01 0.260078E+00 0.995733E-03
0.606727E-01 0.259716E+00 0.996204E-03
0.616691E-01 0.259353E+00 0.996682E-03
0.626660E-01 0.258991E+00 0.997169E-03
0.636635E-01 0.258629E+00 0.997664E-03
0.646614E-01 0.258268E+00 0.998167E-03
0.656598E-01 0.257906E+00 0.998678E-03
0.666587E-01 0.257545E+00 0.999197E-03
0.676582E-01 0.257184E+00 0.999724E-03
0.686582E-01 0.256823E+00 0.100026E-02
0.696587E-01 0.256462E+00 0.100080E-02
0.706598E-01 0.256101E+00 0.100135E-02
0.716614E-01 0.255741E+00 0.100191E-02
0.726636E-01 0.255380E+00 0.100248E-02
0.736664E-01 0.255020E+00 0.100306E-02
0.746697E-01 0.254660E+00 0.100364E-02
0.756737E-01 0.254300E+00 0.100424E-02
0.766782E-01 0.253941E+00 0.100484E-02
0.776834E-01 0.253581E+00 0.100545E-02
0.786891E-01 0.253222E+00 0.100606E-02
0.796955E-01 0.252863E+00 0.100669E-02
0.807025E-01 0.252504E+00 0.100732E-02
0.817101E-01 0.252145E+00 0.100797E-02
0.827184E-01 0.251786E+00 0.100862E-02
0.837274E-01 0.251428E+00 0.100928E-02
0.847370E-01 0.251069E+00 0.100994E-02
0.857473E-01 0.250711E+00 0.101062E-02
0.867582E-01 0.250353E+00 0.101131E-02
0.877699E-01 0.249995E+00 0.101200E-02
0.887822E-01 0.249637E+00 0.101270E-02
0.897953E-01 0.249280E+00 0.101341E-02
0.908091E-01 0.248922E+00 0.101413E-02
0.918236E-01 0.248565E+00 0.101486E-02
0.928388E-01 0.248208E+00 0.101559E-02
0.938547E-01 0.247851E+00 0.101634E-02
0.948715E-01 0.247494E+00 0.101709E-02
0.958889E-01 0.247137E+00 0.101786E-02
0.969072E-01 0.246780E+00 0.101863E-02
0.979262E-01 0.246424E+00 0.101941E-02
0.989460E-01 0.246067E+00 0.102019E-02
0.999666E-01 0.245711E+00 0.102099E-02
0.100988E+00 0.245355E+00 0.102180E-02
0.102010E+00 0.244999E+00 0.102261E-02
0.103033E+00 0.244643E+00 0.102344E-02
0.104057E+00 0.244287E+00 0.102427E-02
0.105082E+00 0.243931E+00 0.102511E-02
0.106107E+00 0.243576E+00 0.102596E-02
0.107134E+00 0.243220E+00 0.102682E-02
0.108161E+00 0.242865E+00 0.102769E-02
0.109189E+00 0.242510E+00 0.102857E-02
0.110218E+00 0.242155E+00 0.102945E-02
0.111248E+00 0.241800E+00 0.103035E-02
0.112279E+00 0.241445E+00 0.103125E-02
0.113310E+00 0.241090E+00 0.103217E-02
0.114343E+00 0.240735E+00 0.103309E-02
0.115377E+00 0.240381E+00 0.103402E-02
0.116411E+00 0.240026E+00 0.103496E-02
0.117447E+00 0.239672E+00 0.103592E-02
0.118483E+00 0.239318E+00 0.103688E-02
0.119520E+00 0.238963E+00 0.103785E-02
0.120559E+00 0.238609E+00 0.103882E-02
0.121598E+00 0.238255E+00 0.103981E-02
0.122638E+00 0.237901E+00 0.104081E-02
0.123680E+00 0.237548E+00 0.104182E-02
0.124722E+00 0.237194E+00 0.104283E-02
0.125765E+00 0.236840E+00 0.104386E-02
0.126810E+00 0.236487E+00 0.104490E-02
0.127855E+00 0.236133E+00 0.104594E-02
0.128902E+00 0.235780E+00 0.104700E-02
0.129949E+00 0.235427E+00 0.104806E-02
0.130998E+00 0.235074E+00 0.104914E-02
0.132047E+00 0.234720E+00 0.105022E-02
0.133098E+00 0.234367E+00 0.105131E-02
0.134150E+00 0.234014E+00 0.105242E-02
0.135203E+00 0.233661E+00 0.105353E-02
0.136257E+00 0.233309E+00 0.105466E-02
0.137312E+00 0.232956E+00 0.105579E-02
0.138369E+00 0.232603E+00 0.105693E-02
0.139426E+00 0.232251E+00 0.105809E-02
0.140485E+00 0.231898E+00 0.105925E-02
0.141545E+00 0.231546E+00 0.106042E-02
0.142606E+00 0.231193E+00 0.106161E-02
0.143668E+00 0.230841E+00 0.106280E-02
0.144731E+00 0.230489E+00 0.106401E-02
0.145796E+00 0.230136E+00 0.106522E-02
0.146862E+00 0.229784E+00 0.106645E-02
0.147929E+00 0.229432E+00 0.106768E-02
0.148997E+00 0.229080E+00 0.106893E-02
0.150067E+00 0.228728E+00 0.107018E-02
0.151137E+00 0.228376E+00 0.107145E-02
0.152210E+00 0.228024E+00 0.107273E-02
0.153283E+00 0.227672E+00 0.107401E-02
0.154358E+00 0.227320E+00 0.107531E-02
0.155434E+00 0.226969E+00 0.107662E-02
0.156511E+00 0.226617E+00 0.107794E-02
0.157589E+00 0.226265E+00 0.107927E-02
0.158669E+00 0.225914E+00 0.108061E-02
0.159751E+00 0.225562E+00 0.108197E-02
0.160833E+00 0.225210E+00 0.108333E-02
0.161917E+00 0.224859E+00 0.108470E-02
0.163003E+00 0.224507E+00 0.108609E-02
0.164090E+00 0.224156E+00 0.108748E-02
0.165178E+00 0.223805E+00 0.108889E-02
0.166267E+00 0.223453E+00 0.109031E-02
0.167358E+00 0.223102E+00 0.109174E-02
0.168451E+00 0.222750E+00 0.109318E-02
0.169545E+00 0.222399E+00 0.109463E-02
0.170640E+00 0.222048E+00 0.109609E-02
0.171737E+00 0.221697E+00 0.109757E-02
0.172835E+00 0.221345E+00 0.109905E-02
0.173935E+00 0.220994E+00 0.110055E-02
0.175036E+00 0.220643E+00 0.110206E-02
0.176139E+00 0.220292E+00 0.110358E-02
0.177243E+00 0.219941E+00 0.110512E-02
0.178349E+00 0.219589E+00 0.110666E-02
0.179457E+00 0.219238E+00 0.110822E-02
0.180566E+00 0.218887E+00 0.110978E-02
0.181676E+00 0.218536E+00 0.111136E-02
0.182789E+00 0.218185E+00 0.111295E-02
0.183902E+00 0.217834E+00 0.111456E-02
0.185018E+00 0.217483E+00 0.111617E-02
0.186135E+00 0.217132E+00 0.111780E-02
0.187253E+00 0.216781E+00 0.111944E-02
0.188374E+00 0.216430E+00 0.112110E-02
0.189495E+00 0.216078E+00 0.112276E-02
0.190619E+00 0.215727E+00 0.112444E-02
0.191744E+00 0.215376E+00 0.112613E-02
0.192871E+00 0.215025E+00 0.112783E-02
0.194000E+00 0.214674E+00 0.112954E-02
0.195130E+00 0.214323E+00 0.113127E-02
0.196263E+00 0.213972E+00 0.113301E-02
0.197396E+00 0.213621E+00 0.113476E-02
0.198532E+00 0.213270E+00 0.113653E-02
0.199669E+00 0.212918E+00 0.113831E-02
0.200809E+00 0.212567E+00 0.114010E-02
0.201950E+00 0.212216E+00 0.114190E-02
0.203092E+00 0.211865E+00 0.114372E-02
0.204237E+00 0.211514E+00 0.114555E-02
0.205384E+00 0.211163E+00 0.114740E-02
0.206532E+00 0.210811E+00 0.114926E-02
0.207682E+00 0.210460E+00 0.115113E-02
0.208834E+00 0.210109E+00 0.115301E-02
0.209988E+00 0.209757E+00 0.115491E-02
0.211144E+00 0.209406E+00 0.115682E-02
0.212302E+00 0.209055E+00 0.115875E-02
0.213462E+00 0.208703E+00 0.116068E-02
0.214623E+00 0.208352E+00 0.116264E-02
0.215787E+00 0.208000E+00 0.116460E-02
0.216952E+00 0.207649E+00 0.116658E-02
0.218120E+00 0.207297E+00 0.116858E-02
0.219290E+00 0.206946E+00 0.117059E-02
0.220461E+00 0.206594E+00 0.117261E-02
0.221635E+00 0.206242E+00 0.117465E-02
0.222810E+00 0.205891E+00 0.117670E-02
0.223988E+00 0.205539E+00 0.117877E-02
0.225168E+00 0.205187E+00 0.118085E-02
0.226350E+00 0.204835E+00 0.118294E-02
0.227534E+00 0.204484E+00 0.118505E-02
0.228720E+00 0.204132E+00 0.118718E-02
0.229908E+00 0.203780E+00 0.118932E-02
0.231099E+00 0.203428E+00 0.119147E-02
0.232291E+00 0.203076E+00 0.119365E-02
0.233486E+00 0.202723E+00 0.119583E-02
0.234683E+00 0.202371E+00 0.119803E-02
0.235882E+00 0.202019E+00 0.120025E-02
0.237083E+00 0.201667E+00 0.120248E-02
0.238287E+00 0.201314E+00 0.120472E-02
0.239493E+00 0.200962E+00 0.120699E-02
0.240701E+00 0.200610E+00 0.120927E-02
0.241911E+00 0.200257E+00 0.121156E-02
0.243124E+00 0.199904E+00 0.121387E-02
0.244339E+00 0.199552E+00 0.121620E-02
0.245556E+00 0.199199E+00 0.121854E-02
0.246776E+00 0.198846E+00 0.122090E-02
0.247998E+00 0.198493E+00 0.122327E-02
0.249223E+00 0.198140E+00 0.122566E-02
0.250450E+00 0.197787E+00 0.122807E-02
0.251679E+00 0.197434E+00 0.123049E-02
0.252911E+00 0.197081E+00 0.123293E-02
0.254145E+00 0.196728E+00 0.123539E-02
0.255381E+00 0.196375E+00 0.123786E-02
0.256620E+00 0.196021E+00 0.124036E-02
0.257862E+00 0.195668E+00 0.124286E-02
0.259106E+00 0.195314E+00 0.124539E-02
0.260353E+00 0.194961E+00 0.124793E-02
0.261602E+00 0.194607E+00 0.125049E-02
0.262854E+00 0.194253E+00 0.125307E-02
0.264108E+00 0.193899E+00 0.125567E-02
0.265365E+00 0.193545E+00 0.125828E-02
0.266625E+00 0.193191E+00 0.126091E-02
0.267887E+00 0.192837E+00 0.126356E-02
0.269152E+00 0.192483E+00 0.126623E-02
0.270419E+00 0.192128E+00 0.126892E-02
0.271690E+00 0.191774E+00 0.127162E-02
0.272963E+00 0.191419E+00 0.127434E-02
0.274238E+00 0.191065E+00 0.127708E-02
0.275517E+00 0.190710E+00 0.127984E-02
0.276798E+00 0.190355E+00 0.128262E-02
0.278082E+00 0.190000E+00 0.128542E-02
0.279369E+00 0.189645E+00 0.128824E-02
0.280659E+00 0.189290E+00 0.129107E-02
0.281951E+00 0.188935E+00 0.129393E-02
0.283247E+00 0.188579E+00 0.129680E-02
0.284545E+00 0.188224E+00 0.129970E-02
0.285846E+00 0.187868E+00 0.130261E-02
0.287150E+00 0.187512E+00 0.130555E-02
0.288457E+00 0.187157E+00 0.130850E-02
0.289767E+00 0.186801E+00 0.131148E-02
0.291080E+00 0.186445E+00 0.131447E-02
0.292396E+00 0.186089E+00 0.131749E-02
0.293715E+00 0.185732E+00 0.132052E-02
0.295037E+00 0.185376E+00 0.132358E-02
0.296362E+00 0.185019E+00 0.132666E-02
0.297690E+00 0.184663E+00 0.132976E-02
0.299022E+00 0.184306E+00 0.133288E-02
0.300356E+00 0.183949E+00 0.133602E-02
0.301694E+00 0.183592E+00 0.133918E-02
0.303034E+00 0.183235E+00 0.134236E-02
0.304378E+00 0.182878E+00 0.134557E-02
0.305726E+00 0.182520E+00 0.134880E-02
0.307076E+00 0.182163E+00 0.135205E-02
0.308430E+00 0.181805E+00 0.135532E-02
0.309787E+00 0.181447E+00 0.135861E-02
0.311147E+00 0.181089E+00 0.136193E-02
0.312511E+00 0.180731E+00 0.136527E-02
0.313877E+00 0.180373E+00 0.136863E-02
0.315248E+00 0.180015E+00 0.137202E-02
0.316622E+00 0.179656E+00 0.137543E-02
0.317999E+00 0.179298E+00 0.137886E-02
0.319379E+00 0.178939E+00 0.138231E-02
0.320763E+00 0.178580E+00 0.138579E-02
0.322151E+00 0.178221E+00 0.138930E-02
0.323542E+00 0.177862E+00 0.139282E-02
0.324936E+00 0.177502E+00 0.139637E-02
0.326335E+00 0.177143E+00 0.139995E-02
0.327736E+00 0.176783E+00 0.140355E-02
0.329142E+00 0.176423E+00 0.140718E-02
0.330551E+00 0.176063E+00 0.141083E-02
0.331963E+00 0.175703E+00 0.141450E-02
0.333380E+00 0.175343E+00 0.141820E-02
0.334800E+00 0.174983E+00 0.142193E-02
0.336224E+00 0.174622E+00 0.142568E-02
0.337651E+00 0.174261E+00 0.142946E-02
0.339083E+00 0.173900E+00 0.143326E-02
0.340518E+00 0.173539E+00 0.143709E-02
0.341957E+00 0.173178E+00 0.144095E-02
0.343400E+00 0.172817E+00 0.144483E-02
0.344846E+00 0.172455E+00 0.144874E-02
0.346297E+00 0.172093E+00 0.145268E-02
0.347752E+00 0.171732E+00 0.145664E-02
0.349210E+00 0.171370E+00 0.146064E-02
0.350673E+00 0.171007E+00 0.146466E-02
0.352140E+00 0.170645E+00 0.146870E-02
0.353610E+00 0.170282E+00 0.147278E-02
0.355085E+00 0.169920E+00 0.147688E-02
0.356564E+00 0.169557E+00 0.148102E-02
0.358047E+00 0.169194E+00 0.148518E-02
0.359535E+00 0.168830E+00 0.148937E-02
0.361026E+00 0.168467E+00 0.149359E-02
0.362522E+00 0.168103E+00 0.149784E-02
0.364022E+00 0.167739E+00 0.150212E-02
0.365526E+00 0.167375E+00 0.150643E-02
0.367035E+00 0.167011E+00 0.151077E-02
0.368548E+00 0.166647E+00 0.151514E-02
0.370065E+00 0.166282E+00 0.151954E-02
0.371587E+00 0.165918E+00 0.152397E-02
0.373113E+00 0.165553E+00 0.152844E-02
0.374644E+00 0.165188E+00 0.153293E-02
0.376179E+00 0.164822E+00 0.153746E-02
0.377719E+00 0.164457E+00 0.154202E-02
0.379263E+00 0.164091E+00 0.154661E-02
0.380812E+00 0.163725E+00 0.155123E-02
0.382365E+00 0.163359E+00 0.155589E-02
0.383924E+00 0.162993E+00 0.156058E-02
0.385486E+00 0.162626E+00 0.156530E-02
0.387054E+00 0.162260E+00 0.157005E-02
0.388627E+00 0.161893E+00 0.157484E-02
0.390204E+00 0.161526E+00 0.157967E-02
0.391786E+00 0.161158E+00 0.158453E-02
0.393373E+00 0.160791E+00 0.158942E-02
0.394965E+00 0.160423E+00 0.159435E-02
0.396562E+00 0.160055E+00 0.159931E-02
0.398163E+00 0.159687E+00 0.160431E-02
0.399770E+00 0.159319E+00 0.160934E-02
0.401382E+00 0.158950E+00 0.161442E-02
0.402999E+00 0.158582E+00 0.161952E-02
0.404621E+00 0.158213E+00 0.162467E-02
0.406248E+00 0.157843E+00 0.162985E-02
0.407881E+00 0.157474E+00 0.163507E-02
0.409519E+00 0.157104E+00 0.164033E-02
0.411162E+00 0.156735E+00 0.164562E-02
0.412810E+00 0.156365E+00 0.165095E-02
0.414463E+00 0.155994E+00 0.165633E-02
0.416123E+00 0.155624E+00 0.166174E-02
0.417787E+00 0.155253E+00 0.166719E-02
0.419457E+00 0.154882E+00 0.167268E-02
0.421132E+00 0.154511E+00 0.167821E-02
0.422813E+00 0.154140E+00 0.168378E-02
0.424500E+00 0.153768E+00 0.168939E-02
0.426192E+00 0.153396E+00 0.169505E-02
0.427890E+00 0.153024E+00 0.170074E-02
0.429594E+00 0.152652E+00 0.170648E-02
0.431303E+00 0.152280E+00 0.171226E-02
0.433018E+00 0.151907E+00 0.171808E-02
0.434739E+00 0.151534E+00 0.172394E-02
0.436466E+00 0.151161E+00 0.172985E-02
0.438199E+00 0.150787E+00 0.173580E-02
0.439938E+00 0.150414E+00 0.174180E-02
0.441682E+00 0.150040E+00 0.174784E-02
0.443433E+00 0.149666E+00 0.175392E-02
0.445190E+00 0.149291E+00 0.176006E-02
0.446953E+00 0.148916E+00 0.176623E-02
0.448723E+00 0.148542E+00 0.177246E-02
0.450498E+00 0.148167E+00 0.177873E-02
0.452280E+00 0.147791E+00 0.178504E-02
0.454069E+00 0.147416E+00 0.179141E-02
0.455863E+00 0.147040E+00 0.179782E-02
0.457664E+00 0.146664E+00 0.180428E-02
0.459472E+00 0.146287E+00 0.181079E-02
0.461286E+00 0.145911E+00 0.181735E-02
0.463106E+00 0.145534E+00 0.182396E-02
0.464934E+00 0.145157E+00 0.183062E-02
0.466768E+00 0.144779E+00 0.183733E-02
0.468608E+00 0.144402E+00 0.184409E-02
0.470456E+00 0.144024E+00 0.185090E-02
0.472310E+00 0.143646E+00 0.185777E-02
0.474171E+00 0.143268E+00 0.186469E-02
0.476040E+00 0.142889E+00 0.187166E-02
0.477915E+00 0.142510E+00 0.187868E-02
0.479797E+00 0.142131E+00 0.188576E-02
0.481686E+00 0.141752E+00 0.189289E-02
0.483583E+00 0.141372E+00 0.190008E-02
0.485486E+00 0.140992E+00 0.190733E-02
0.487397E+00 0.140612E+00 0.191463E-02
0.489316E+00 0.140231E+00 0.192199E-02
0.491241E+00 0.139851E+00 0.192940E-02
0.493175E+00 0.139470E+00 0.193688E-02
0.495115E+00 0.139089E+00 0.194441E-02
0.497063E+00 0.138707E+00 0.195200E-02
0.499019E+00 0.138325E+00 0.195965E-02
0.500983E+00 0.137943E+00 0.196736E-02
0.502954E+00 0.137561E+00 0.197513E-02
0.504933E+00 0.137178E+00 0.198296E-02
0.506920E+00 0.136796E+00 0.199086E-02
0.508915E+00 0.136412E+00 0.199882E-02
0.510918E+00 0.136029E+00 0.200684E-02
0.512928E+00 0.135645E+00 0.201492E-02
0.514947E+00 0.135261E+00 0.202307E-02
0.516975E+00 0.134877E+00 0.203129E-02
0.519010E+00 0.134493E+00 0.203957E-02
0.521054E+00 0.134108E+00 0.204791E-02
0.523106E+00 0.133723E+00 0.205633E-02
0.525166E+00 0.133338E+00 0.206481E-02
0.527236E+00 0.132952E+00 0.207336E-02
0.529313E+00 0.132566E+00 0.208198E-02
0.531400E+00 0.132180E+00 0.209067E-02
0.533495E+00 0.131793E+00 0.209943E-02
0.535598E+00 0.131407E+00 0.210827E-02
0.537711E+00 0.131020E+00 0.211717E-02
0.539833E+00 0.130632E+00 0.212615E-02
0.541963E+00 0.130245E+00 0.213520E-02
0.544103E+00 0.129857E+00 0.214433E-02
0.546252E+00 0.129469E+00 0.215353E-02
0.548410E+00 0.129080E+00 0.216281E-02
0.550578E+00 0.128691E+00 0.217216E-02
0.552755E+00 0.128302E+00 0.218159E-02
0.554941E+00 0.127913E+00 0.219110E-02
0.557137E+00 0.127523E+00 0.220069E-02
0.559342E+00 0.127134E+00 0.221036E-02
0.561558E+00 0.126743E+00 0.222011E-02
0.563783E+00 0.126353E+00 0.222995E-02
0.566018E+00 0.125962E+00 0.223986E-02
0.568262E+00 0.125571E+00 0.224986E-02
0.570517E+00 0.125180E+00 0.225994E-02
0.572782E+00 0.124788E+00 0.227011E-02
0.575058E+00 0.124396E+00 0.228037E-02
0.577343E+00 0.124004E+00 0.229071E-02
0.579639E+00 0.123611E+00 0.230114E-02
0.581945E+00 0.123218E+00 0.231166E-02
0.584262E+00 0.122825E+00 0.232228E-02
0.586590E+00 0.122432E+00 0.233298E-02
0.588928E+00 0.122038E+00 0.234377E-02
0.591278E+00 0.121644E+00 0.235466E-02
0.593638E+00 0.121249E+00 0.236564E-02
0.596009E+00 0.120855E+00 0.237672E-02
0.598391E+00 0.120460E+00 0.238789E-02
0.600785E+00 0.120064E+00 0.239916E-02
0.603190E+00 0.119669E+00 0.241053E-02
0.605606E+00 0.119273E+00 0.242200E-02
0.608034E+00 0.118877E+00 0.243358E-02
0.610473E+00 0.118480E+00 0.244525E-02
0.612924E+00 0.118083E+00 0.245702E-02
0.615387E+00 0.117686E+00 0.246890E-02
0.617862E+00 0.117289E+00 0.248089E-02
0.620349E+00 0.116891E+00 0.249298E-02
0.622848E+00 0.116493E+00 0.250518E-02
0.625359E+00 0.116095E+00 0.251749E-02
0.627883E+00 0.115696E+00 0.252991E-02
0.630419E+00 0.115297E+00 0.254244E-02
0.632968E+00 0.114898E+00 0.255509E-02
0.635529E+00 0.114498E+00 0.256785E-02
0.638104E+00 0.114098E+00 0.258073E-02
0.640691E+00 0.113698E+00 0.259372E-02
0.643291E+00 0.113297E+00 0.260683E-02
0.645905E+00 0.112897E+00 0.262006E-02
0.648531E+00 0.112495E+00 0.263341E-02
0.651171E+00 0.112094E+00 0.264689E-02
0.653825E+00 0.111692E+00 0.266049E-02
0.656492E+00 0.111290E+00 0.267421E-02
0.659174E+00 0.110888E+00 0.268806E-02
0.661869E+00 0.110485E+00 0.270204E-02
0.664578E+00 0.110082E+00 0.271616E-02
0.667301E+00 0.109679E+00 0.273040E-02
0.670039E+00 0.109275E+00 0.274478E-02
0.672791E+00 0.108871E+00 0.275929E-02
0.675557E+00 0.108467E+00 0.277394E-02
0.678338E+00 0.108062E+00 0.278873E-02
0.681135E+00 0.107657E+00 0.280365E-02
0.683946E+00 0.107252E+00 0.281872E-02
0.686772E+00 0.106846E+00 0.283394E-02
0.689614E+00 0.106440E+00 0.284930E-02
0.692471E+00 0.106034E+00 0.286480E-02
0.695343E+00 0.105628E+00 0.288046E-02
0.698232E+00 0.105221E+00 0.289626E-02
0.701136E+00 0.104814E+00 0.291222E-02
0.704056E+00 0.104406E+00 0.292834E-02
0.706993E+00 0.103998E+00 0.294461E-02
0.709945E+00 0.103590E+00 0.296104E-02
0.712915E+00 0.103182E+00 0.297763E-02
0.715901E+00 0.102773E+00 0.299439E-02
0.718904E+00 0.102364E+00 0.301130E-02
0.721923E+00 0.101955E+00 0.302839E-02
0.724960E+00 0.101545E+00 0.304565E-02
0.728015E+00 0.101135E+00 0.306307E-02
0.731087E+00 0.100725E+00 0.308068E-02
0.734176E+00 0.100314E+00 0.309845E-02
0.737284E+00 0.999032E-01 0.311641E-02
0.740409E+00 0.994920E-01 0.313455E-02
0.743553E+00 0.990804E-01 0.315287E-02
0.746715E+00 0.986685E-01 0.317137E-02
0.749896E+00 0.982563E-01 0.319007E-02
0.753095E+00 0.978437E-01 0.320895E-02
0.756314E+00 0.974309E-01 0.322803E-02
0.759551E+00 0.970177E-01 0.324730E-02
0.762808E+00 0.966042E-01 0.326677E-02
0.766085E+00 0.961904E-01 0.328644E-02
0.769381E+00 0.957763E-01 0.330632E-02
0.772698E+00 0.953619E-01 0.332640E-02
0.776034E+00 0.949472E-01 0.334670E-02
0.779391E+00 0.945321E-01 0.336720E-02
0.782769E+00 0.941168E-01 0.338792E-02
0.786167E+00 0.937011E-01 0.340886E-02
0.789586E+00 0.932851E-01 0.343002E-02
0.793027E+00 0.928688E-01 0.345140E-02
0.796489E+00 0.924522E-01 0.347301E-02
0.799973E+00 0.920353E-01 0.349485E-02
0.803479E+00 0.916180E-01 0.351693E-02
0.807007E+00 0.912005E-01 0.353924E-02
0.810558E+00 0.907826E-01 0.356179E-02
0.814131E+00 0.903644E-01 0.358459E-02
0.817727E+00 0.899460E-01 0.360764E-02
0.821346E+00 0.895272E-01 0.363093E-02
0.824989E+00 0.891081E-01 0.365448E-02
0.828655E+00 0.886887E-01 0.367829E-02
0.832345E+00 0.882690E-01 0.370236E-02
0.836060E+00 0.878490E-01 0.372670E-02
0.839799E+00 0.874287E-01 0.375131E-02
0.843563E+00 0.870081E-01 0.377619E-02
0.847351E+00 0.865872E-01 0.380134E-02
0.851165E+00 0.861659E-01 0.382678E-02
0.855005E+00 0.857444E-01 0.385251E-02
0.858871E+00 0.853226E-01 0.387853E-02
0.862762E+00 0.849005E-01 0.390484E-02
0.866680E+00 0.844780E-01 0.393145E-02
0.870625E+00 0.840553E-01 0.395836E-02
0.874597E+00 0.836323E-01 0.398558E-02
0.878596E+00 0.832090E-01 0.401312E-02
0.882623E+00 0.827854E-01 0.404097E-02
0.886679E+00 0.823615E-01 0.406914E-02
0.890762E+00 0.819373E-01 0.409765E-02
0.894874E+00 0.815128E-01 0.412648E-02
0.899015E+00 0.810880E-01 0.415565E-02
0.903185E+00 0.806629E-01 0.418517E-02
0.907385E+00 0.802376E-01 0.421503E-02
0.911616E+00 0.798119E-01 0.424525E-02
0.915876E+00 0.793860E-01 0.427582E-02
0.920167E+00 0.789598E-01 0.430676E-02
0.924490E+00 0.785333E-01 0.433807E-02
0.928844E+00 0.781065E-01 0.436976E-02
0.933229E+00 0.776794E-01 0.440183E-02
0.937647E+00 0.772521E-01 0.443429E-02
0.942098E+00 0.768245E-01 0.446714E-02
0.946582E+00 0.763966E-01 0.450040E-02
0.951099E+00 0.759684E-01 0.453406E-02
0.955650E+00 0.755400E-01 0.456814E-02
0.960235E+00 0.751112E-01 0.460264E-02
0.964855E+00 0.746822E-01 0.463756E-02
0.969511E+00 0.742530E-01 0.467293E-02
0.974201E+00 0.738235E-01 0.470873E-02
0.978928E+00 0.733937E-01 0.474499E-02
0.983692E+00 0.729636E-01 0.478170E-02
0.988492E+00 0.725333E-01 0.481887E-02
0.993329E+00 0.721027E-01 0.485652E-02
0.998205E+00 0.716719E-01 0.489465E-02
0.100312E+01 0.712408E-01 0.493327E-02
0.100807E+01 0.708094E-01 0.497239E-02
0.101306E+01 0.703778E-01 0.501201E-02
0.101810E+01 0.699459E-01 0.505215E-02
0.102317E+01 0.695138E-01 0.509281E-02
0.102828E+01 0.690815E-01 0.513400E-02
0.103344E+01 0.686489E-01 0.517574E-02
0.103863E+01 0.682160E-01 0.521803E-02
0.104387E+01 0.677830E-01 0.526087E-02
0.104916E+01 0.673496E-01 0.530429E-02
0.105448E+01 0.669161E-01 0.534829E-02
0.105985E+01 0.664823E-01 0.539288E-02
0.106527E+01 0.660483E-01 0.543808E-02
0.107073E+01 0.656140E-01 0.548388E-02
0.107624E+01 0.651795E-01 0.553031E-02
0.108179E+01 0.647448E-01 0.557738E-02
0.108739E+01 0.643099E-01 0.562509E-02
0.109304E+01 0.638747E-01 0.567346E-02
0.109874E+01 0.634394E-01 0.572251E-02
0.110448E+01 0.630038E-01 0.577223E-02
0.111028E+01 0.625680E-01 0.582265E-02
0.111613E+01 0.621320E-01 0.587379E-02
0.112203E+01 0.616958E-01 0.592564E-02
0.112798E+01 0.612594E-01 0.597823E-02
0.113399E+01 0.608228E-01 0.603157E-02
0.114005E+01 0.603860E-01 0.608567E-02
0.114616E+01 0.599489E-01 0.614055E-02
0.115233E+01 0.595118E-01 0.619623E-02
0.115855E+01 0.590744E-01 0.625272E-02
0.116483E+01 0.586368E-01 0.631003E-02
0.117117E+01 0.581991E-01 0.636818E-02
0.117757E+01 0.577611E-01 0.642718E-02
0.118403E+01 0.573230E-01 0.648707E-02
0.119054E+01 0.568848E-01 0.654784E-02
0.119712E+01 0.564463E-01 0.660952E-02
0.120376E+01 0.560077E-01 0.667213E-02
0.121047E+01 0.555689E-01 0.673569E-02
0.121723E+01 0.551300E-01 0.680021E-02
0.122407E+01 0.546909E-01 0.686572E-02
0.123097E+01 0.542517E-01 0.693223E-02
0.123793E+01 0.538123E-01 0.699977E-02
0.124497E+01 0.533728E-01 0.706835E-02
0.125207E+01 0.529332E-01 0.713800E-02
0.125924E+01 0.524934E-01 0.720875E-02
0.126649E+01 0.520535E-01 0.728060E-02
0.127380E+01 0.516135E-01 0.735359E-02
0.128119E+01 0.511733E-01 0.742775E-02
0.128866E+01 0.507331E-01 0.750309E-02
0.129620E+01 0.502927E-01 0.757963E-02
0.130382E+01 0.498522E-01 0.765742E-02
0.131152E+01 0.494116E-01 0.773647E-02
0.131929E+01 0.489710E-01 0.781681E-02
0.132715E+01 0.485302E-01 0.789847E-02
0.133509E+01 0.480894E-01 0.798148E-02
0.134311E+01 0.476484E-01 0.806586E-02
0.135122E+01 0.472074E-01 0.815166E-02
0.135942E+01 0.467664E-01 0.823889E-02
0.136770E+01 0.463253E-01 0.832760E-02
0.137607E+01 0.458841E-01 0.841781E-02
0.138454E+01 0.454429E-01 0.850957E-02
0.139309E+01 0.450016E-01 0.860289E-02
0.140174E+01 0.445603E-01 0.869783E-02
0.141049E+01 0.441190E-01 0.879442E-02
0.141933E+01 0.436777E-01 0.889269E-02
0.142828E+01 0.432363E-01 0.899269E-02
0.143732E+01 0.427950E-01 0.909446E-02
0.144646E+01 0.423536E-01 0.919804E-02
0.145572E+01 0.419123E-01 0.930347E-02
0.146507E+01 0.414709E-01 0.941079E-02
0.147454E+01 0.410296E-01 0.952005E-02
0.148411E+01 0.405884E-01 0.963131E-02
0.149380E+01 0.401472E-01 0.974460E-02
0.150360E+01 0.397060E-01 0.985998E-02
0.151352E+01 0.392649E-01 0.997750E-02
0.152356E+01 0.388239E-01 0.100972E-01
0.153372E+01 0.383830E-01 0.102192E-01
0.154400E+01 0.379421E-01 0.103434E-01
0.155440E+01 0.375014E-01 0.104700E-01
0.156494E+01 0.370608E-01 0.105991E-01
0.157560E+01 0.366203E-01 0.107306E-01
0.158640E+01 0.361800E-01 0.108647E-01
0.159733E+01 0.357398E-01 0.110014E-01
0.160840E+01 0.352998E-01 0.111407E-01
0.161962E+01 0.348600E-01 0.112829E-01
0.163097E+01 0.344204E-01 0.114278E-01
0.164247E+01 0.339810E-01 0.115757E-01
0.165412E+01 0.335418E-01 0.117265E-01
0.166593E+01 0.331029E-01 0.118804E-01
0.167789E+01 0.326643E-01 0.120374E-01
0.169000E+01 0.322259E-01 0.121977E-01
0.170228E+01 0.317878E-01 0.123612E-01
0.171473E+01 0.313501E-01 0.125282E-01
0.172734E+01 0.309127E-01 0.126987E-01
0.174012E+01 0.304757E-01 0.128728E-01
0.175309E+01 0.300390E-01 0.130506E-01
0.176623E+01 0.296028E-01 0.132322E-01
0.177955E+01 0.291669E-01 0.134178E-01
0.179306E+01 0.287316E-01 0.136073E-01
0.180677E+01 0.282967E-01 0.138011E-01
0.182067E+01 0.278624E-01 0.139991E-01
0.183477E+01 0.274285E-01 0.142015E-01
0.184907E+01 0.269953E-01 0.144084E-01
0.186359E+01 0.265626E-01 0.146200E-01
0.187831E+01 0.261306E-01 0.148364E-01
0.189326E+01 0.256993E-01 0.150578E-01
0.190843E+01 0.252686E-01 0.152843E-01
0.192383E+01 0.248387E-01 0.155160E-01
0.193947E+01 0.244096E-01 0.157532E-01
0.195534E+01 0.239813E-01 0.159960E-01
0.197146E+01 0.235539E-01 0.162446E-01
0.198783E+01 0.231273E-01 0.164991E-01
0.200446E+01 0.227017E-01 0.167598E-01
0.202135E+01 0.222772E-01 0.170269E-01
0.203852E+01 0.218537E-01 0.173005E-01
0.205596E+01 0.214312E-01 0.175810E-01
0.207368E+01 0.210100E-01 0.178684E-01
0.209169E+01 0.205900E-01 0.181631E-01
0.211001E+01 0.201712E-01 0.184652E-01
0.212863E+01 0.197538E-01 0.187752E-01
0.214756E+01 0.193378E-01 0.190931E-01
0.216682E+01 0.189233E-01 0.194193E-01
0.218640E+01 0.185103E-01 0.197542E-01
0.220633E+01 0.180990E-01 0.200979E-01
0.222660E+01 0.176893E-01 0.204508E-01
0.224723E+01 0.172814E-01 0.208133E-01
0.226823E+01 0.168754E-01 0.211856E-01
0.228961E+01 0.164714E-01 0.215682E-01
0.231137E+01 0.160694E-01 0.219615E-01
0.233353E+01 0.156695E-01 0.223657E-01
0.235611E+01 0.152719E-01 0.227814E-01
0.237910E+01 0.148766E-01 0.232090E-01
0.240253E+01 0.144838E-01 0.236489E-01
0.242640E+01 0.140935E-01 0.241016E-01
0.245074E+01 0.137058E-01 0.245677E-01
0.247554E+01 0.133210E-01 0.250476E-01
0.250084E+01 0.129390E-01 0.255419E-01
0.252663E+01 0.125600E-01 0.260511E-01
0.255294E+01 0.121842E-01 0.265760E-01
0.257979E+01 0.118117E-01 0.271171E-01
0.260718E+01 0.114426E-01 0.276751E-01
0.263514E+01 0.110771E-01 0.282507E-01
0.266369E+01 0.107152E-01 0.288447E-01
0.269284E+01 0.103571E-01 0.294579E-01
0.272261E+01 0.100031E-01 0.300911E-01
0.275303E+01 0.965315E-02 0.307451E-01
0.278411E+01 0.930749E-02 0.314209E-01
0.281588E+01 0.896626E-02 0.321196E-01
0.284836E+01 0.862961E-02 0.328420E-01
0.288157E+01 0.829771E-02 0.335893E-01
0.291555E+01 0.797071E-02 0.343628E-01
0.295031E+01 0.764876E-02 0.351635E-01
0.298588E+01 0.733204E-02 0.359928E-01
0.302230E+01 0.702068E-02 0.368521E-01
0.305960E+01 0.671486E-02 0.377428E-01
0.309780E+01 0.641473E-02 0.386665E-01
0.313694E+01 0.612044E-02 0.396249E-01
0.317706E+01 0.583215E-02 0.406197E-01
0.321819E+01 0.555000E-02 0.416527E-01
0.326038E+01 0.527415E-02 0.427259E-01
0.330366E+01 0.500473E-02 0.438416E-01
0.334808E+01 0.474187E-02 0.450018E-01
0.339368E+01 0.448572E-02 0.462091E-01
0.344051E+01 0.423640E-02 0.474660E-01
0.348863E+01 0.399402E-02 0.487753E-01
0.353808E+01 0.375870E-02 0.501399E-01
0.358893E+01 0.353055E-02 0.515630E-01
0.364123E+01 0.330965E-02 0.530479E-01
0.369505E+01 0.309610E-02 0.545984E-01
0.375045E+01 0.288998E-02 0.562182E-01
0.380751E+01 0.269135E-02 0.579117E-01
0.386630E+01 0.250028E-02 0.596834E-01
0.392690E+01 0.231680E-02 0.615381E-01
0.398940E+01 0.214097E-02 0.634811E-01
0.405389E+01 0.197281E-02 0.655181E-01
0.412047E+01 0.181234E-02 0.676553E-01
0.418924E+01 0.165956E-02 0.698994E-01
0.426031E+01 0.151446E-02 0.722576E-01
0.433380E+01 0.137703E-02 0.747377E-01
0.440983E+01 0.124723E-02 0.773483E-01
0.448854E+01 0.112502E-02 0.800988E-01
0.457008E+01 0.101034E-02 0.829993E-01
0.465459E+01 0.903121E-03 0.860609E-01
0.474226E+01 0.803262E-03 0.892958E-01
0.483325E+01 0.710658E-03 0.927173E-01
0.492776E+01 0.625178E-03 0.963400E-01
0.502600E+01 0.546671E-03 0.100180E+00
0.512820E+01 0.474962E-03 0.104255E+00
0.523459E+01 0.409849E-03 0.108585E+00
0.534546E+01 0.351107E-03 0.113191E+00
0.546108E+01 0.298478E-03 0.118098E+00
0.558176E+01 0.251680E-03 0.123331E+00
0.570786E+01 0.210400E-03 0.128922E+00
0.583974E+01 0.174301E-03 0.134902E+00
0.597780E+01 0.143023E-03 0.141309E+00
0.612251E+01 0.116185E-03 0.148186E+00
0.627435E+01 0.933951E-04 0.155577E+00
0.643385E+01 0.742520E-04 0.163538E+00
0.660163E+01 0.583553E-04 0.172126E+00
0.677834E+01 0.453119E-04 0.181411E+00
0.696471E+01 0.347425E-04 0.191469E+00
0.716156E+01 0.262885E-04 0.202389E+00
0.736981E+01 0.196175E-04 0.214273E+00
0.759047E+01 0.144271E-04 0.227236E+00
0.782469E+01 0.104473E-04 0.241415E+00
