-.782469E+01 0.109326E-04 0.241415E+00
-.759047E+01 0.151239E-04 0.227236E+00
-.736981E+01 0.206054E-04 0.214273E+00
-.716156E+01 0.276721E-04 0.202389E+00
-.696471E+01 0.366578E-04 0.191469E+00
-.677834E+01 0.479335E-04 0.181411E+00
-.660163E+01 0.619044E-04 0.172126E+00
-.643385E+01 0.790050E-04 0.163538E+00
-.627435E+01 0.996941E-04 0.155577E+00
-.612251E+01 0.124447E-03 0.148186E+00
-.597780E+01 0.153752E-03 0.141309E+00
-.583974E+01 0.188099E-03 0.134902E+00
-.570786E+01 0.227976E-03 0.128922E+00
-.558176E+01 0.273867E-03 0.123331E+00
-.546108E+01 0.326242E-03 0.118098E+00
-.534546E+01 0.385558E-03 0.113191E+00
-.523459E+01 0.452257E-03 0.108585E+00
-.512820E+01 0.526768E-03 0.104255E+00
-.502600E+01 0.609501E-03 0.100180E+00
-.492776E+01 0.700858E-03 0.963400E-01
-.483325E+01 0.801226E-03 0.927173E-01
-.474226E+01 0.910985E-03 0.892958E-01
-.465459E+01 0.103051E-02 0.860609E-01
-.457008E+01 0.116017E-02 0.829993E-01
-.448854E+01 0.130033E-02 0.800988E-01
-.440983E+01 0.145135E-02 0.773483E-01
-.433380E+01 0.161362E-02 0.747377E-01
-.426031E+01 0.178748E-02 0.722576E-01
-.418924E+01 0.197333E-02 0.698994E-01
-.412047E+01 0.217153E-02 0.676553E-01
-.405389E+01 0.238246E-02 0.655181E-01
-.398940E+01 0.260650E-02 0.634811E-01
-.392690E+01 0.284404E-02 0.615381E-01
-.386630E+01 0.309547E-02 0.596834E-01
-.380751E+01 0.336117E-02 0.579117E-01
-.375045E+01 0.364154E-02 0.562182E-01
-.369505E+01 0.393697E-02 0.545984E-01
-.364123E+01 0.424785E-02 0.530479E-01
-.358893E+01 0.457455E-02 0.515630E-01
-.353808E+01 0.491748E-02 0.501399E-01
-.348863E+01 0.527702E-02 0.487753E-01
-.344051E+01 0.565353E-02 0.474660E-01
-.339368E+01 0.604740E-02 0.462091E-01
-.334808E+01 0.645899E-02 0.450018E-01
-.330366E+01 0.688867E-02 0.438416E-01
-.326038E+01 0.733677E-02 0.427259E-01
-.321819E+01 0.780365E-02 0.416527E-01
-.317706E+01 0.828964E-02 0.406197E-01
-.313694E+01 0.879505E-02 0.396249E-01
-.309780E+01 0.932021E-02 0.386665E-01
-.305960E+01 0.986540E-02 0.377428E-01
-.302230E+01 0.104309E-01 0.368521E-01
-.298588E+01 0.110170E-01 0.359928E-01
-.295031E+01 0.116240E-01 0.351635E-01
-.291555E+01 0.122521E-01 0.343628E-01
-.288157E+01 0.129015E-01 0.335893E-01
-.284836E+01 0.135724E-01 0.328420E-01
-.281588E+01 0.142650E-01 0.321196E-01
-.278411E+01 0.149796E-01 0.314209E-01
-.275303E+01 0.157162E-01 0.307451E-01
-.272261E+01 0.164751E-01 0.300911E-01
-.269284E+01 0.172563E-01 0.294579E-01
-.266369E+01 0.180599E-01 0.288447E-01
-.263514E+01 0.188861E-01 0.282507E-01
-.260718E+01 0.197349E-01 0.276751E-01
-.257979E+01 0.206063E-01 0.271171E-01
-.255294E+01 0.215004E-01 0.265760E-01
-.252663E+01 0.224172E-01 0.260511E-01
-.250084E+01 0.233568E-01 0.255419E-01
-.247554E+01 0.243189E-01 0.250476E-01
-.245074E+01 0.253038E-01 0.245677E-01
-.242640E+01 0.263111E-01 0.241016E-01
-.240253E+01 0.273410E-01 0.236489E-01
-.237910E+01 0.283933E-01 0.232090E-01
-.235611E+01 0.294678E-01 0.227814E-01
-.233353E+01 0.305644E-01 0.223657E-01
-.231137E+01 0.316830E-01 0.219615E-01
-.228961E+01 0.328234E-01 0.215682E-01
-.226823E+01 0.339854E-01 0.211856E-01
-.224723E+01 0.351688E-01 0.208133E-01
-.222660E+01 0.363734E-01 0.204508E-01
-.220633E+01 0.375989E-01 0.200979E-01
-.218640E+01 0.388451E-01 0.197542E-01
-.216682E+01 0.401117E-01 0.194193E-01
-.214756E+01 0.413985E-01 0.190931E-01
-.212863E+01 0.427050E-01 0.187752E-01
-.211001E+01 0.440311E-01 0.184652E-01
-.209169E+01 0.453763E-01 0.181631E-01
-.207368E+01 0.467403E-01 0.178684E-01
-.205596E+01 0.481229E-01 0.175810E-01
-.203852E+01 0.495235E-01 0.173005E-01
-.202135E+01 0.509419E-01 0.170269E-01
-.200446E+01 0.523776E-01 0.167598E-01
-.198783E+01 0.538303E-01 0.164991E-01
-.197146E+01 0.552996E-01 0.162446E-01
-.195534E+01 0.567849E-01 0.159960E-01
-.193947E+01 0.582860E-01 0.157532E-01
-.192383E+01 0.598024E-01 0.155160E-01
-.190843E+01 0.613336E-01 0.152843E-01
-.189326E+01 0.628792E-01 0.150578E-01
-.187831E+01 0.644388E-01 0.148364E-01
-.186359E+01 0.660119E-01 0.146200E-01
-.184907E+01 0.675980E-01 0.144084E-01
-.183477E+01 0.691967E-01 0.142015E-01
-.182067E+01 0.708076E-01 0.139991E-01
-.180677E+01 0.724300E-01 0.138011E-01
-.179306E+01 0.740637E-01 0.136073E-01
-.177955E+01 0.757081E-01 0.134178E-01
-.176623E+01 0.773627E-01 0.132322E-01
-.175309E+01 0.790271E-01 0.130506E-01
-.174012E+01 0.807007E-01 0.128728E-01
-.172734E+01 0.823832E-01 0.126987E-01
-.171473E+01 0.840741E-01 0.125282E-01
-.170228E+01 0.857728E-01 0.123612E-01
-.169000E+01 0.874790E-01 0.121977E-01
-.167789E+01 0.891921E-01 0.120374E-01
-.166593E+01 0.909117E-01 0.118804E-01
-.165412E+01 0.926373E-01 0.117265E-01
-.164247E+01 0.943685E-01 0.115757E-01
-.163097E+01 0.961049E-01 0.114278E-01
-.161962E+01 0.978459E-01 0.112829E-01
-.160840E+01 0.995912E-01 0.111407E-01
-.159733E+01 0.101340E+00 0.110014E-01
-.158640E+01 0.103093E+00 0.108647E-01
-.157560E+01 0.104848E+00 0.107306E-01
-.156494E+01 0.106606E+00 0.105991E-01
-.155440E+01 0.108366E+00 0.104700E-01
-.154400E+01 0.110128E+00 0.103434E-01
-.153372E+01 0.111891E+00 0.102192E-01
-.152356E+01 0.113655E+00 0.100972E-01
-.151352E+01 0.115420E+00 0.997750E-02
-.150360E+01 0.117184E+00 0.985998E-02
-.149380E+01 0.118949E+00 0.974460E-02
-.148411E+01 0.120713E+00 0.963131E-02
-.147454E+01 0.122476E+00 0.952005E-02
-.146507E+01 0.124237E+00 0.941079E-02
-.145572E+01 0.125997E+00 0.930347E-02
-.144646E+01 0.127755E+00 0.919804E-02
-.143732E+01 0.129511E+00 0.909446E-02
-.142828E+01 0.131264E+00 0.899269E-02
-.141933E+01 0.133015E+00 0.889269E-02
-.141049E+01 0.134762E+00 0.879442E-02
-.140174E+01 0.136505E+00 0.869783E-02
-.139309E+01 0.138245E+00 0.860289E-02
-.138454E+01 0.139981E+00 0.850957E-02
-.137607E+01 0.141712E+00 0.841781E-02
-.136770E+01 0.143439E+00 0.832760E-02
-.135942E+01 0.145161E+00 0.823889E-02
-.135122E+01 0.146877E+00 0.815166E-02
-.134311E+01 0.148589E+00 0.806586E-02
-.133509E+01 0.150295E+00 0.798148E-02
-.132715E+01 0.151995E+00 0.789847E-02
-.131929E+01 0.153689E+00 0.781681E-02
-.131152E+01 0.155376E+00 0.773647E-02
-.130382E+01 0.157058E+00 0.765742E-02
-.129620E+01 0.158733E+00 0.757963E-02
-.128866E+01 0.160401E+00 0.750309E-02
-.128119E+01 0.162062E+00 0.742775E-02
-.127380E+01 0.163715E+00 0.735359E-02
-.126649E+01 0.165362E+00 0.728060E-02
-.125924E+01 0.167001E+00 0.720875E-02
-.125207E+01 0.168632E+00 0.713800E-02
-.124497E+01 0.170256E+00 0.706835E-02
-.123793E+01 0.171872E+00 0.699977E-02
-.123097E+01 0.173480E+00 0.693223E-02
-.122407E+01 0.175079E+00 0.686572E-02
-.121723E+01 0.176671E+00 0.680021E-02
-.121047E+01 0.178254E+00 0.673569E-02
-.120376E+01 0.179828E+00 0.667213E-02
-.119712E+01 0.181394E+00 0.660952E-02
-.119054E+01 0.182951E+00 0.654784E-02
-.118403E+01 0.184499E+00 0.648707E-02
-.117757E+01 0.186039E+00 0.642718E-02
-.117117E+01 0.187570E+00 0.636818E-02
-.116483E+01 0.189091E+00 0.631003E-02
-.115855E+01 0.190604E+00 0.625272E-02
-.115233E+01 0.192107E+00 0.619623E-02
-.114616E+01 0.193601E+00 0.614055E-02
-.114005E+01 0.195086E+00 0.608567E-02
-.113399E+01 0.196562E+00 0.603157E-02
-.112798E+01 0.198028E+00 0.597823E-02
-.112203E+01 0.199485E+00 0.592564E-02
-.111613E+01 0.200933E+00 0.587379E-02
-.111028E+01 0.202371E+00 0.582265E-02
-.110448E+01 0.203799E+00 0.577223E-02
-.109874E+01 0.205218E+00 0.572251E-02
-.109304E+01 0.206628E+00 0.567346E-02
-.108739E+01 0.208027E+00 0.562509E-02
-.108179E+01 0.209418E+00 0.557738E-02
-.107624E+01 0.210799E+00 0.553031E-02
-.107073E+01 0.212170E+00 0.548388E-02
-.106527E+01 0.213531E+00 0.543808E-02
-.105985E+01 0.214884E+00 0.539288E-02
-.105448E+01 0.216226E+00 0.534829E-02
-.104916E+01 0.217559E+00 0.530429E-02
-.104387E+01 0.218882E+00 0.526087E-02
-.103863E+01 0.220196E+00 0.521803E-02
-.103344E+01 0.221500E+00 0.517574E-02
-.102828E+01 0.222795E+00 0.513400E-02
-.102317E+01 0.224080E+00 0.509281E-02
-.101810E+01 0.225355E+00 0.505215E-02
-.101306E+01 0.226622E+00 0.501201E-02
-.100807E+01 0.227878E+00 0.497239E-02
-.100312E+01 0.229126E+00 0.493327E-02
-.998205E+00 0.230363E+00 0.489465E-02
-.993329E+00 0.231592E+00 0.485652E-02
-.988492E+00 0.232811E+00 0.481887E-02
-.983692E+00 0.234021E+00 0.478170E-02
-.978928E+00 0.235222E+00 0.474499E-02
-.974201E+00 0.236413E+00 0.470873E-02
-.969511E+00 0.237595E+00 0.467293E-02
-.964855E+00 0.238768E+00 0.463756E-02
-.960235E+00 0.239932E+00 0.460264E-02
-.955650E+00 0.241087E+00 0.456814E-02
-.951099E+00 0.242232E+00 0.453406E-02
-.946582E+00 0.243369E+00 0.450040E-02
-.942098E+00 0.244497E+00 0.446714E-02
-.937647E+00 0.245616E+00 0.443429E-02
-.933229E+00 0.246726E+00 0.440183E-02
-.928844E+00 0.247827E+00 0.436976E-02
-.924490E+00 0.248919E+00 0.433807E-02
-.920167E+00 0.250003E+00 0.430676E-02
-.915876E+00 0.251078E+00 0.427582E-02
-.911616E+00 0.252145E+00 0.424525E-02
-.907385E+00 0.253203E+00 0.421503E-02
-.903185E+00 0.254252E+00 0.418517E-02
-.899015E+00 0.255293E+00 0.415565E-02
-.894874E+00 0.256326E+00 0.412648E-02
-.890762E+00 0.257350E+00 0.409765E-02
-.886679E+00 0.258366E+00 0.406914E-02
-.882623E+00 0.259373E+00 0.404097E-02
-.878596E+00 0.260373E+00 0.401312E-02
-.874597E+00 0.261364E+00 0.398558E-02
-.870625E+00 0.262348E+00 0.395836E-02
-.866680E+00 0.263323E+00 0.393145E-02
-.862762E+00 0.264290E+00 0.390484E-02
-.858871E+00 0.265250E+00 0.387853E-02
-.855005E+00 0.266201E+00 0.385251E-02
-.851165E+00 0.267145E+00 0.382678E-02
-.847351E+00 0.268081E+00 0.380134E-02
-.843563E+00 0.269009E+00 0.377619E-02
-.839799E+00 0.269930E+00 0.375131E-02
-.836060E+00 0.270843E+00 0.372670E-02
-.832345E+00 0.271749E+00 0.370236E-02
-.828655E+00 0.272647E+00 0.367829E-02
-.824989E+00 0.273538E+00 0.365448E-02
-.821346E+00 0.274422E+00 0.363093E-02
-.817727E+00 0.275298E+00 0.360764E-02
-.814131E+00 0.276167E+00 0.358459E-02
-.810558E+00 0.277029E+00 0.356179E-02
-.807007E+00 0.277884E+00 0.353924E-02
-.803479E+00 0.278732E+00 0.351693E-02
-.799973E+00 0.279573E+00 0.349485E-02
-.796489E+00 0.280407E+00 0.347301E-02
-.793027E+00 0.281234E+00 0.345140E-02
-.789586E+00 0.282054E+00 0.343002E-02
-.786167E+00 0.282867E+00 0.340886E-02
-.782769E+00 0.283674E+00 0.338792E-02
-.779391E+00 0.284474E+00 0.336720E-02
-.776034E+00 0.285267E+00 0.334670E-02
-.772698E+00 0.286054E+00 0.332640E-02
-.769381E+00 0.286835E+00 0.330632E-02
-.766085E+00 0.287609E+00 0.328644E-02
-.762808E+00 0.288377E+00 0.326677E-02
-.759551E+00 0.289138E+00 0.324730E-02
-.756314E+00 0.289893E+00 0.322803E-02
-.753095E+00 0.290642E+00 0.320895E-02
-.749896E+00 0.291385E+00 0.319007E-02
-.746715E+00 0.292121E+00 0.317137E-02
-.743553E+00 0.292852E+00 0.315287E-02
-.740409E+00 0.293577E+00 0.313455E-02
-.737284E+00 0.294295E+00 0.311641E-02
-.734176E+00 0.295008E+00 0.309845E-02
-.731087E+00 0.295715E+00 0.308068E-02
-.728015E+00 0.296416E+00 0.306307E-02
-.724960E+00 0.297112E+00 0.304565E-02
-.721923E+00 0.297801E+00 0.302839E-02
-.718904E+00 0.298485E+00 0.301130E-02
-.715901E+00 0.299164E+00 0.299439E-02
-.712915E+00 0.299837E+00 0.297763E-02
-.709945E+00 0.300504E+00 0.296104E-02
-.706993E+00 0.301166E+00 0.294461E-02
-.704056E+00 0.301823E+00 0.292834E-02
-.701136E+00 0.302474E+00 0.291222E-02
-.698232E+00 0.303120E+00 0.289626E-02
-.695343E+00 0.303761E+00 0.288046E-02
-.692471E+00 0.304397E+00 0.286480E-02
-.689614E+00 0.305027E+00 0.284930E-02
-.686772E+00 0.305653E+00 0.283394E-02
-.683946E+00 0.306273E+00 0.281872E-02
-.681135E+00 0.306888E+00 0.280365E-02
-.678338E+00 0.307498E+00 0.278873E-02
-.675557E+00 0.308104E+00 0.277394E-02
-.672791E+00 0.308704E+00 0.275929E-02
-.670039E+00 0.309300E+00 0.274478E-02
-.667301E+00 0.309891E+00 0.273040E-02
-.664578E+00 0.310477E+00 0.271616E-02
-.661869E+00 0.311058E+00 0.270204E-02
-.659174E+00 0.311635E+00 0.268806E-02
-.656492E+00 0.312207E+00 0.267421E-02
-.653825E+00 0.312775E+00 0.266049E-02
-.651171E+00 0.313338E+00 0.264689E-02
-.648531E+00 0.313897E+00 0.263341E-02
-.645905E+00 0.314451E+00 0.262006E-02
-.643291E+00 0.315000E+00 0.260683E-02
-.640691E+00 0.315546E+00 0.259372E-02
-.638104E+00 0.316087E+00 0.258073E-02
-.635529E+00 0.316623E+00 0.256785E-02
-.632968E+00 0.317156E+00 0.255509E-02
-.630419E+00 0.317684E+00 0.254244E-02
-.627883E+00 0.318208E+00 0.252991E-02
-.625359E+00 0.318728E+00 0.251749E-02
-.622848E+00 0.319244E+00 0.250518E-02
-.620349E+00 0.319756E+00 0.249298E-02
-.617862E+00 0.320264E+00 0.248089E-02
-.615387E+00 0.320767E+00 0.246890E-02
-.612924E+00 0.321267E+00 0.245702E-02
-.610473E+00 0.321763E+00 0.244525E-02
-.608034E+00 0.322255E+00 0.243358E-02
-.605606E+00 0.322743E+00 0.242200E-02
-.603190E+00 0.323228E+00 0.241053E-02
-.600785E+00 0.323708E+00 0.239916E-02
-.598391E+00 0.324185E+00 0.238789E-02
-.596009E+00 0.324658E+00 0.237672E-02
-.593638E+00 0.325128E+00 0.236564E-02
-.591278E+00 0.325594E+00 0.235466E-02
-.588928E+00 0.326056E+00 0.234377E-02
-.586590E+00 0.326515E+00 0.233298E-02
-.584262E+00 0.326970E+00 0.232228E-02
-.581945E+00 0.327421E+00 0.231166E-02
-.579639E+00 0.327870E+00 0.230114E-02
-.577343E+00 0.328314E+00 0.229071E-02
-.575058E+00 0.328756E+00 0.228037E-02
-.572782E+00 0.329193E+00 0.227011E-02
-.570517E+00 0.329628E+00 0.225994E-02
-.568262E+00 0.330059E+00 0.224986E-02
-.566018E+00 0.330487E+00 0.223986E-02
-.563783E+00 0.330912E+00 0.222995E-02
-.561558E+00 0.331333E+00 0.222011E-02
-.559342E+00 0.331752E+00 0.221036E-02
-.557137E+00 0.332167E+00 0.220069E-02
-.554941E+00 0.332579E+00 0.219110E-02
-.552755E+00 0.332987E+00 0.218159E-02
-.550578E+00 0.333393E+00 0.217216E-02
-.548410E+00 0.333796E+00 0.216281E-02
-.546252E+00 0.334195E+00 0.215353E-02
-.544103E+00 0.334592E+00 0.214433E-02
-.541963E+00 0.334986E+00 0.213520E-02
-.539833E+00 0.335376E+00 0.212615E-02
-.537711E+00 0.335764E+00 0.211717E-02
-.535598E+00 0.336149E+00 0.210827E-02
-.533495E+00 0.336531E+00 0.209943E-02
-.531400E+00 0.336910E+00 0.209067E-02
-.529313E+00 0.337286E+00 0.208198E-02
-.527236E+00 0.337660E+00 0.207336E-02
-.525166E+00 0.338031E+00 0.206481E-02
-.523106E+00 0.338399E+00 0.205633E-02
-.521054E+00 0.338764E+00 0.204791E-02
-.519010E+00 0.339126E+00 0.203957E-02
-.516975E+00 0.339486E+00 0.203129E-02
-.514947E+00 0.339843E+00 0.202307E-02
-.512928E+00 0.340198E+00 0.201492E-02
-.510918E+00 0.340550E+00 0.200684E-02
-.508915E+00 0.340899E+00 0.199882E-02
-.506920E+00 0.341246E+00 0.199086E-02
-.504933E+00 0.341590E+00 0.198296E-02
-.502954E+00 0.341932E+00 0.197513E-02
-.500983E+00 0.342271E+00 0.196736E-02
-.499019E+00 0.342608E+00 0.195965E-02
-.497063E+00 0.342943E+00 0.195200E-02
-.495115E+00 0.343274E+00 0.194441E-02
-.493175E+00 0.343604E+00 0.193688E-02
-.491241E+00 0.343931E+00 0.192940E-02
-.489316E+00 0.344256E+00 0.192199E-02
-.487397E+00 0.344578E+00 0.191463E-02
-.485486E+00 0.344898E+00 0.190733E-02
-.483583E+00 0.345216E+00 0.190008E-02
-.481686E+00 0.345531E+00 0.189289E-02
-.479797E+00 0.345845E+00 0.188576E-02
-.477915E+00 0.346155E+00 0.187868E-02
-.476040E+00 0.346464E+00 0.187166E-02
-.474171E+00 0.346771E+00 0.186469E-02
-.472310E+00 0.347075E+00 0.185777E-02
-.470456E+00 0.347377E+00 0.185090E-02
-.468608E+00 0.347677E+00 0.184409E-02
-.466768E+00 0.347975E+00 0.183733E-02
-.464934E+00 0.348270E+00 0.183062E-02
-.463106E+00 0.348564E+00 0.182396E-02
-.461286E+00 0.348855E+00 0.181735E-02
-.459472E+00 0.349145E+00 0.181079E-02
-.457664E+00 0.349432E+00 0.180428E-02
-.455863E+00 0.349718E+00 0.179782E-02
-.454069E+00 0.350001E+00 0.179141E-02
-.452280E+00 0.350282E+00 0.178504E-02
-.450498E+00 0.350562E+00 0.177873E-02
-.448723E+00 0.350839E+00 0.177246E-02
-.446953E+00 0.351114E+00 0.176623E-02
-.445190E+00 0.351388E+00 0.176006E-02
-.443433E+00 0.351660E+00 0.175392E-02
-.441682E+00 0.351929E+00 0.174784E-02
-.439938E+00 0.352197E+00 0.174180E-02
-.438199E+00 0.352463E+00 0.173580E-02
-.436466E+00 0.352727E+00 0.172985E-02
-.434739E+00 0.352989E+00 0.172394E-02
-.433018E+00 0.353250E+00 0.171808E-02
-.431303E+00 0.353508E+00 0.171226E-02
-.429594E+00 0.353765E+00 0.170648E-02
-.427890E+00 0.354020E+00 0.170074E-02
-.426192E+00 0.354273E+00 0.169505E-02
-.424500E+00 0.354525E+00 0.168939E-02
-.422813E+00 0.354775E+00 0.168378E-02
-.421132E+00 0.355023E+00 0.167821E-02
-.419457E+00 0.355269E+00 0.167268E-02
-.417787E+00 0.355514E+00 0.166719E-02
-.416123E+00 0.355757E+00 0.166174E-02
-.414463E+00 0.355998E+00 0.165633E-02
-.412810E+00 0.356237E+00 0.165095E-02
-.411162E+00 0.356475E+00 0.164562E-02
-.409519E+00 0.356712E+00 0.164033E-02
-.407881E+00 0.356947E+00 0.163507E-02
-.406248E+00 0.357180E+00 0.162985E-02
-.404621E+00 0.357411E+00 0.162467E-02
-.402999E+00 0.357641E+00 0.161952E-02
-.401382E+00 0.357870E+00 0.161442E-02
-.399770E+00 0.358097E+00 0.160934E-02
-.398163E+00 0.358322E+00 0.160431E-02
-.396562E+00 0.358546E+00 0.159931E-02
-.394965E+00 0.358768E+00 0.159435E-02
-.393373E+00 0.358989E+00 0.158942E-02
-.391786E+00 0.359208E+00 0.158453E-02
-.390204E+00 0.359426E+00 0.157967E-02
-.388627E+00 0.359642E+00 0.157484E-02
-.387054E+00 0.359857E+00 0.157005E-02
-.385486E+00 0.360070E+00 0.156530E-02
-.383924E+00 0.360282E+00 0.156058E-02
-.382365E+00 0.360493E+00 0.155589E-02
-.380812E+00 0.360702E+00 0.155123E-02
-.379263E+00 0.360910E+00 0.154661E-02
-.377719E+00 0.361116E+00 0.154202E-02
-.376179E+00 0.361321E+00 0.153746E-02
-.374644E+00 0.361525E+00 0.153293E-02
-.373113E+00 0.361727E+00 0.152844E-02
-.371587E+00 0.361928E+00 0.152397E-02
-.370065E+00 0.362127E+00 0.151954E-02
-.368548E+00 0.362326E+00 0.151514E-02
-.367035E+00 0.362523E+00 0.151077E-02
-.365526E+00 0.362718E+00 0.150643E-02
-.364022E+00 0.362912E+00 0.150212E-02
-.362522E+00 0.363105E+00 0.149784E-02
-.361026E+00 0.363297E+00 0.149359E-02
-.359535E+00 0.363488E+00 0.148937E-02
-.358047E+00 0.363677E+00 0.148518E-02
-.356564E+00 0.363865E+00 0.148102E-02
-.355085E+00 0.364051E+00 0.147688E-02
-.353610E+00 0.364237E+00 0.147278E-02
-.352140E+00 0.364421E+00 0.146870E-02
-.350673E+00 0.364604E+00 0.146466E-02
-.349210E+00 0.364786E+00 0.146064E-02
-.347752E+00 0.364967E+00 0.145664E-02
-.346297E+00 0.365146E+00 0.145268E-02
-.344846E+00 0.365324E+00 0.144874E-02
-.343400E+00 0.365501E+00 0.144483E-02
-.341957E+00 0.365677E+00 0.144095E-02
-.340518E+00 0.365852E+00 0.143709E-02
-.339083E+00 0.366026E+00 0.143326E-02
-.337651E+00 0.366198E+00 0.142946E-02
-.336224E+00 0.366369E+00 0.142568E-02
-.334800E+00 0.366540E+00 0.142193E-02
-.333380E+00 0.366709E+00 0.141820E-02
-.331963E+00 0.366877E+00 0.141450E-02
-.330551E+00 0.367044E+00 0.141083E-02
-.329142E+00 0.367210E+00 0.140718E-02
-.327736E+00 0.367374E+00 0.140355E-02
-.326335E+00 0.367538E+00 0.139995E-02
-.324936E+00 0.367701E+00 0.139637E-02
-.323542E+00 0.367862E+00 0.139282E-02
-.322151E+00 0.368023E+00 0.138930E-02
-.320763E+00 0.368182E+00 0.138579E-02
-.319379E+00 0.368340E+00 0.138231E-02
-.317999E+00 0.368498E+00 0.137886E-02
-.316622E+00 0.368654E+00 0.137543E-02
-.315248E+00 0.368810E+00 0.137202E-02
-.313877E+00 0.368964E+00 0.136863E-02
-.312511E+00 0.369117E+00 0.136527E-02
-.311147E+00 0.369270E+00 0.136193E-02
-.309787E+00 0.369421E+00 0.135861E-02
-.308430E+00 0.369571E+00 0.135532E-02
-.307076E+00 0.369721E+00 0.135205E-02
-.305726E+00 0.369869E+00 0.134880E-02
-.304378E+00 0.370017E+00 0.134557E-02
-.303034E+00 0.370163E+00 0.134236E-02
-.301694E+00 0.370309E+00 0.133918E-02
-.300356E+00 0.370453E+00 0.133602E-02
-.299022E+00 0.370597E+00 0.133288E-02
-.297690E+00 0.370740E+00 0.132976E-02
-.296362E+00 0.370882E+00 0.132666E-02
-.295037E+00 0.371023E+00 0.132358E-02
-.293715E+00 0.371163E+00 0.132052E-02
-.292396E+00 0.371302E+00 0.131749E-02
-.291080E+00 0.371440E+00 0.131447E-02
-.289767E+00 0.371577E+00 0.131148E-02
-.288457E+00 0.371714E+00 0.130850E-02
-.287150E+00 0.371849E+00 0.130555E-02
-.285846E+00 0.371984E+00 0.130261E-02
-.284545E+00 0.372118E+00 0.129970E-02
-.283247E+00 0.372251E+00 0.129680E-02
-.281951E+00 0.372383E+00 0.129393E-02
-.280659E+00 0.372514E+00 0.129107E-02
-.279369E+00 0.372644E+00 0.128824E-02
-.278082E+00 0.372774E+00 0.128542E-02
-.276798E+00 0.372903E+00 0.128262E-02
-.275517E+00 0.373031E+00 0.127984E-02
-.274238E+00 0.373158E+00 0.127708E-02
-.272963E+00 0.373284E+00 0.127434E-02
-.271690E+00 0.373409E+00 0.127162E-02
-.270419E+00 0.373534E+00 0.126892E-02
-.269152E+00 0.373658E+00 0.126623E-02
-.267887E+00 0.373781E+00 0.126356E-02
-.266625E+00 0.373903E+00 0.126091E-02
-.265365E+00 0.374024E+00 0.125828E-02
-.264108E+00 0.374145E+00 0.125567E-02
-.262854E+00 0.374265E+00 0.125307E-02
-.261602E+00 0.374384E+00 0.125049E-02
-.260353E+00 0.374502E+00 0.124793E-02
-.259106E+00 0.374620E+00 0.124539E-02
-.257862E+00 0.374737E+00 0.124286E-02
-.256620E+00 0.374853E+00 0.124036E-02
-.255381E+00 0.374968E+00 0.123786E-02
-.254145E+00 0.375083E+00 0.123539E-02
-.252911E+00 0.375197E+00 0.123293E-02
-.251679E+00 0.375310E+00 0.123049E-02
-.250450E+00 0.375422E+00 0.122807E-02
-.249223E+00 0.375534E+00 0.122566E-02
-.247998E+00 0.375644E+00 0.122327E-02
-.246776E+00 0.375755E+00 0.122090E-02
-.245556E+00 0.375864E+00 0.121854E-02
-.244339E+00 0.375973E+00 0.121620E-02
-.243124E+00 0.376081E+00 0.121387E-02
-.241911E+00 0.376188E+00 0.121156E-02
-.240701E+00 0.376295E+00 0.120927E-02
-.239493E+00 0.376401E+00 0.120699E-02
-.238287E+00 0.376506E+00 0.120472E-02
-.237083E+00 0.376611E+00 0.120248E-02
-.235882E+00 0.376715E+00 0.120025E-02
-.234683E+00 0.376818E+00 0.119803E-02
-.233486E+00 0.376920E+00 0.119583E-02
-.232291E+00 0.377022E+00 0.119365E-02
-.231099E+00 0.377124E+00 0.119147E-02
-.229908E+00 0.377224E+00 0.118932E-02
-.228720E+00 0.377324E+00 0.118718E-02
-.227534E+00 0.377423E+00 0.118505E-02
-.226350E+00 0.377522E+00 0.118294E-02
-.225168E+00 0.377620E+00 0.118085E-02
-.223988E+00 0.377717E+00 0.117877E-02
-.222810E+00 0.377814E+00 0.117670E-02
-.221635E+00 0.377910E+00 0.117465E-02
-.220461E+00 0.378005E+00 0.117261E-02
-.219290E+00 0.378100E+00 0.117059E-02
-.218120E+00 0.378194E+00 0.116858E-02
-.216952E+00 0.378288E+00 0.116658E-02
-.215787E+00 0.378381E+00 0.116460E-02
-.214623E+00 0.378473E+00 0.116264E-02
-.213462E+00 0.378565E+00 0.116068E-02
-.212302E+00 0.378656E+00 0.115875E-02
-.211144E+00 0.378746E+00 0.115682E-02
-.209988E+00 0.378836E+00 0.115491E-02
-.208834E+00 0.378925E+00 0.115301E-02
-.207682E+00 0.379014E+00 0.115113E-02
-.206532E+00 0.379102E+00 0.114926E-02
-.205384E+00 0.379190E+00 0.114740E-02
-.204237E+00 0.379276E+00 0.114555E-02
-.203092E+00 0.379363E+00 0.114372E-02
-.201950E+00 0.379449E+00 0.114190E-02
-.200809E+00 0.379534E+00 0.114010E-02
-.199669E+00 0.379618E+00 0.113831E-02
-.198532E+00 0.379702E+00 0.113653E-02
-.197396E+00 0.379786E+00 0.113476E-02
-.196263E+00 0.379869E+00 0.113301E-02
-.195130E+00 0.379951E+00 0.113127E-02
-.194000E+00 0.380033E+00 0.112954E-02
-.192871E+00 0.380114E+00 0.112783E-02
-.191744E+00 0.380195E+00 0.112613E-02
-.190619E+00 0.380275E+00 0.112444E-02
-.189495E+00 0.380354E+00 0.112276E-02
-.188374E+00 0.380433E+00 0.112110E-02
-.187253E+00 0.380512E+00 0.111944E-02
-.186135E+00 0.380590E+00 0.111780E-02
-.185018E+00 0.380667E+00 0.111617E-02
-.183902E+00 0.380744E+00 0.111456E-02
-.182789E+00 0.380821E+00 0.111295E-02
-.181676E+00 0.380896E+00 0.111136E-02
-.180566E+00 0.380972E+00 0.110978E-02
-.179457E+00 0.381046E+00 0.110822E-02
-.178349E+00 0.381121E+00 0.110666E-02
-.177243E+00 0.381194E+00 0.110512E-02
-.176139E+00 0.381268E+00 0.110358E-02
-.175036E+00 0.381340E+00 0.110206E-02
-.173935E+00 0.381413E+00 0.110055E-02
-.172835E+00 0.381484E+00 0.109905E-02
-.171737E+00 0.381555E+00 0.109757E-02
-.170640E+00 0.381626E+00 0.109609E-02
-.169545E+00 0.381696E+00 0.109463E-02
-.168451E+00 0.381766E+00 0.109318E-02
-.167358E+00 0.381835E+00 0.109174E-02
-.166267E+00 0.381904E+00 0.109031E-02
-.165178E+00 0.381972E+00 0.108889E-02
-.164090E+00 0.382040E+00 0.108748E-02
-.163003E+00 0.382107E+00 0.108609E-02
-.161917E+00 0.382174E+00 0.108470E-02
-.160833E+00 0.382240E+00 0.108333E-02
-.159751E+00 0.382306E+00 0.108197E-02
-.158669E+00 0.382371E+00 0.108061E-02
-.157589E+00 0.382436E+00 0.107927E-02
-.156511E+00 0.382500E+00 0.107794E-02
-.155434E+00 0.382564E+00 0.107662E-02
-.154358E+00 0.382628E+00 0.107531E-02
-.153283E+00 0.382690E+00 0.107401E-02
-.152210E+00 0.382753E+00 0.107273E-02
-.151137E+00 0.382815E+00 0.107145E-02
-.150067E+00 0.382877E+00 0.107018E-02
-.148997E+00 0.382938E+00 0.106893E-02
-.147929E+00 0.382998E+00 0.106768E-02
-.146862E+00 0.383058E+00 0.106645E-02
-.145796E+00 0.383118E+00 0.106522E-02
-.144731E+00 0.383177E+00 0.106401E-02
-.143668E+00 0.383236E+00 0.106280E-02
-.142606E+00 0.383295E+00 0.106161E-02
-.141545E+00 0.383352E+00 0.106042E-02
-.140485E+00 0.383410E+00 0.105925E-02
-.139426E+00 0.383467E+00 0.105809E-02
-.138369E+00 0.383524E+00 0.105693E-02
-.137312E+00 0.383580E+00 0.105579E-02
-.136257E+00 0.383635E+00 0.105466E-02
-.135203E+00 0.383691E+00 0.105353E-02
-.134150E+00 0.383746E+00 0.105242E-02
-.133098E+00 0.383800E+00 0.105131E-02
-.132047E+00 0.383854E+00 0.105022E-02
-.130998E+00 0.383908E+00 0.104914E-02
-.129949E+00 0.383961E+00 0.104806E-02
-.128902E+00 0.384013E+00 0.104700E-02
-.127855E+00 0.384066E+00 0.104594E-02
-.126810E+00 0.384118E+00 0.104490E-02
-.125765E+00 0.384169E+00 0.104386E-02
-.124722E+00 0.384220E+00 0.104283E-02
-.123680E+00 0.384271E+00 0.104182E-02
-.122638E+00 0.384321E+00 0.104081E-02
-.121598E+00 0.384370E+00 0.103981E-02
-.120559E+00 0.384420E+00 0.103882E-02
-.119520E+00 0.384469E+00 0.103785E-02
-.118483E+00 0.384517E+00 0.103688E-02
-.117447E+00 0.384565E+00 0.103592E-02
-.116411E+00 0.384613E+00 0.103496E-02
-.115377E+00 0.384660E+00 0.103402E-02
-.114343E+00 0.384707E+00 0.103309E-02
-.113310E+00 0.384754E+00 0.103217E-02
-.112279E+00 0.384800E+00 0.103125E-02
-.111248E+00 0.384846E+00 0.103035E-02
-.110218E+00 0.384891E+00 0.102945E-02
-.109189E+00 0.384936E+00 0.102857E-02
-.108161E+00 0.384980E+00 0.102769E-02
-.107134E+00 0.385024E+00 0.102682E-02
-.106107E+00 0.385068E+00 0.102596E-02
-.105082E+00 0.385112E+00 0.102511E-02
-.104057E+00 0.385154E+00 0.102427E-02
-.103033E+00 0.385197E+00 0.102344E-02
-.102010E+00 0.385239E+00 0.102261E-02
-.100988E+00 0.385281E+00 0.102180E-02
-.999666E-01 0.385322E+00 0.102099E-02
-.989460E-01 0.385363E+00 0.102019E-02
-.979262E-01 0.385404E+00 0.101941E-02
-.969072E-01 0.385444E+00 0.101863E-02
-.958889E-01 0.385484E+00 0.101786E-02
-.948715E-01 0.385523E+00 0.101709E-02
-.938547E-01 0.385563E+00 0.101634E-02
-.928388E-01 0.385601E+00 0.101559E-02
-.918236E-01 0.385640E+00 0.101486E-02
-.908091E-01 0.385678E+00 0.101413E-02
-.897953E-01 0.385715E+00 0.101341E-02
-.887822E-01 0.385752E+00 0.101270E-02
-.877699E-01 0.385789E+00 0.101200E-02
-.867582E-01 0.385826E+00 0.101131E-02
-.857473E-01 0.385862E+00 0.101062E-02
-.847370E-01 0.385897E+00 0.100994E-02
-.837274E-01 0.385933E+00 0.100928E-02
-.827184E-01 0.385968E+00 0.100862E-02
-.817101E-01 0.386002E+00 0.100797E-02
-.807025E-01 0.386037E+00 0.100732E-02
-.796955E-01 0.386071E+00 0.100669E-02
-.786891E-01 0.386104E+00 0.100606E-02
-.776834E-01 0.386137E+00 0.100545E-02
-.766782E-01 0.386170E+00 0.100484E-02
-.756737E-01 0.386202E+00 0.100424E-02
-.746697E-01 0.386235E+00 0.100364E-02
-.736664E-01 0.386266E+00 0.100306E-02
-.726636E-01 0.386298E+00 0.100248E-02
-.716614E-01 0.386329E+00 0.100191E-02
-.706598E-01 0.386359E+00 0.100135E-02
-.696587E-01 0.386390E+00 0.100080E-02
-.686582E-01 0.386420E+00 0.100026E-02
-.676582E-01 0.386449E+00 0.999724E-03
-.666587E-01 0.386478E+00 0.999197E-03
-.656598E-01 0.386507E+00 0.998678E-03
-.646614E-01 0.386536E+00 0.998167E-03
-.636635E-01 0.386564E+00 0.997664E-03
-.626660E-01 0.386592E+00 0.997169E-03
-.616691E-01 0.386619E+00 0.996682E-03
-.606727E-01 0.386646E+00 0.996204E-03
-.596767E-01 0.386673E+00 0.995733E-03
-.586812E-01 0.386700E+00 0.995270E-03
-.576862E-01 0.386726E+00 0.994816E-03
-.566916E-01 0.386751E+00 0.994369E-03
-.556974E-01 0.386777E+00 0.993930E-03
-.547037E-01 0.386802E+00 0.993499E-03
-.537104E-01 0.386826E+00 0.993076E-03
-.527176E-01 0.386851E+00 0.992661E-03
-.517251E-01 0.386875E+00 0.992254E-03
-.507330E-01 0.386899E+00 0.991855E-03
-.497414E-01 0.386922E+00 0.991464E-03
-.487501E-01 0.386945E+00 0.991081E-03
-.477592E-01 0.386967E+00 0.990705E-03
-.467687E-01 0.386990E+00 0.990337E-03
-.457785E-01 0.387012E+00 0.989977E-03
-.447887E-01 0.387033E+00 0.989625E-03
-.437993E-01 0.387055E+00 0.989281E-03
-.428102E-01 0.387076E+00 0.988945E-03
-.418214E-01 0.387096E+00 0.988616E-03
-.408329E-01 0.387117E+00 0.988295E-03
-.398448E-01 0.387136E+00 0.987982E-03
-.388570E-01 0.387156E+00 0.987677E-03
-.378695E-01 0.387175E+00 0.987379E-03
-.368822E-01 0.387194E+00 0.987090E-03
-.358953E-01 0.387213E+00 0.986808E-03
-.349086E-01 0.387231E+00 0.986533E-03
-.339222E-01 0.387249E+00 0.986267E-03
-.329361E-01 0.387267E+00 0.986008E-03
-.319502E-01 0.387284E+00 0.985756E-03
-.309645E-01 0.387301E+00 0.985513E-03
-.299792E-01 0.387317E+00 0.985277E-03
-.289940E-01 0.387334E+00 0.985049E-03
-.280091E-01 0.387350E+00 0.984828E-03
-.270243E-01 0.387365E+00 0.984616E-03
-.260398E-01 0.387381E+00 0.984411E-03
-.250555E-01 0.387396E+00 0.984213E-03
-.240714E-01 0.387410E+00 0.984023E-03
-.230875E-01 0.387424E+00 0.983841E-03
-.221037E-01 0.387438E+00 0.983666E-03
-.211201E-01 0.387452E+00 0.983499E-03
-.201367E-01 0.387465E+00 0.983340E-03
-.191534E-01 0.387478E+00 0.983188E-03
-.181703E-01 0.387491E+00 0.983044E-03
-.171874E-01 0.387503E+00 0.982908E-03
-.162045E-01 0.387515E+00 0.982779E-03
-.152218E-01 0.387527E+00 0.982658E-03
-.142392E-01 0.387538E+00 0.982544E-03
-.132567E-01 0.387549E+00 0.982438E-03
-.122743E-01 0.387560E+00 0.982339E-03
-.112920E-01 0.387570E+00 0.982248E-03
-.103098E-01 0.387580E+00 0.982165E-03
-.932769E-02 0.387590E+00 0.982089E-03
-.834563E-02 0.387599E+00 0.982021E-03
-.736364E-02 0.387608E+00 0.981961E-03
-.638171E-02 0.387617E+00 0.981908E-03
-.539982E-02 0.387625E+00 0.981862E-03
-.441798E-02 0.387634E+00 0.981824E-03
-.343617E-02 0.387641E+00 0.981794E-03
-.245439E-02 0.387649E+00 0.981771E-03
-.147263E-02 0.387656E+00 0.981756E-03
-.490874E-03 0.387663E+00 0.981749E-03
0.490874E-03 0.387669E+00 0.981749E-03
0.147263E-02 0.387675E+00 0.981756E-03
0.245439E-02 0.387681E+00 0.981771E-03
0.343617E-02 0.387686E+00 0.981794E-03
0.441798E-02 0.387692E+00 0.981824E-03
0.539982E-02 0.387696E+00 0.981862E-03
0.638171E-02 0.387701E+00 0.981908E-03
0.736364E-02 0.387705E+00 0.981961E-03
0.834563E-02 0.387709E+00 0.982021E-03
0.932769E-02 0.387712E+00 0.982089E-03
0.103098E-01 0.387716E+00 0.982165E-03
0.112920E-01 0.387718E+00 0.982248E-03
0.122743E-01 0.387721E+00 0.982339E-03
0.132567E-01 0.387723E+00 0.982438E-03
0.142392E-01 0.387725E+00 0.982544E-03
0.152218E-01 0.387727E+00 0.982658E-03
0.162045E-01 0.387728E+00 0.982779E-03
0.171874E-01 0.387729E+00 0.982908E-03
0.181703E-01 0.387729E+00 0.983044E-03
0.191534E-01 0.387730E+00 0.983188E-03
0.201367E-01 0.387730E+00 0.983340E-03
0.211201E-01 0.387729E+00 0.983499E-03
0.221037E-01 0.387728E+00 0.983666E-03
0.230875E-01 0.387727E+00 0.983841E-03
0.240714E-01 0.387726E+00 0.984023E-03
0.250555E-01 0.387724E+00 0.984213E-03
0.260398E-01 0.387722E+00 0.984411E-03
0.270243E-01 0.387720E+00 0.984616E-03
0.280091E-01 0.387717E+00 0.984828E-03
0.289940E-01 0.387714E+00 0.985049E-03
0.299792E-01 0.387711E+00 0.985277E-03
0.309645E-01 0.387707E+00 0.985513E-03
0.319502E-01 0.387703E+00 0.985756E-03
0.329361E-01 0.387699E+00 0.986008E-03
0.339222E-01 0.387694E+00 0.986267E-03
0.349086E-01 0.387689E+00 0.986533E-03
0.358953E-01 0.387684E+00 0.986808E-03
0.368822E-01 0.387678E+00 0.987090E-03
0.378695E-01 0.387672E+00 0.987379E-03
0.388570E-01 0.387666E+00 0.987677E-03
0.398448E-01 0.387659E+00 0.987982E-03
0.408329E-01 0.387653E+00 0.988295E-03
0.418214E-01 0.387645E+00 0.988616E-03
0.428102E-01 0.387638E+00 0.988945E-03
0.437993E-01 0.387630E+00 0.989281E-03
0.447887E-01 0.387621E+00 0.989625E-03
0.457785E-01 0.387613E+00 0.989977E-03
0.467687E-01 0.387604E+00 0.990337E-03
0.477592E-01 0.387595E+00 0.990705E-03
0.487501E-01 0.387585E+00 0.991081E-03
0.497414E-01 0.387575E+00 0.991464E-03
0.507330E-01 0.387565E+00 0.991855E-03
0.517251E-01 0.387554E+00 0.992254E-03
0.527176E-01 0.387543E+00 0.992661E-03
0.537104E-01 0.387532E+00 0.993076E-03
0.547037E-01 0.387520E+00 0.993499E-03
0.556974E-01 0.387508E+00 0.993930E-03
0.566916E-01 0.387496E+00 0.994369E-03
0.576862E-01 0.387483E+00 0.994816E-03
0.586812E-01 0.387470E+00 0.995270E-03
0.596767E-01 0.387457E+00 0.995733E-03
0.606727E-01 0.387443E+00 0.996204E-03
0.616691E-01 0.387429E+00 0.996682E-03
0.626660E-01 0.387415E+00 0.997169E-03
0.636635E-01 0.387400E+00 0.997664E-03
0.646614E-01 0.387385E+00 0.998167E-03
0.656598E-01 0.387370E+00 0.998678E-03
0.666587E-01 0.387354E+00 0.999197E-03
0.676582E-01 0.387338E+00 0.999724E-03
0.686582E-01 0.387322E+00 0.100026E-02
0.696587E-01 0.387305E+00 0.100080E-02
0.706598E-01 0.387288E+00 0.100135E-02
0.716614E-01 0.387270E+00 0.100191E-02
0.726636E-01 0.387252E+00 0.100248E-02
0.736664E-01 0.387234E+00 0.100306E-02
0.746697E-01 0.387216E+00 0.100364E-02
0.756737E-01 0.387197E+00 0.100424E-02
0.766782E-01 0.387178E+00 0.100484E-02
0.776834E-01 0.387158E+00 0.100545E-02
0.786891E-01 0.387138E+00 0.100606E-02
0.796955E-01 0.387118E+00 0.100669E-02
0.807025E-01 0.387097E+00 0.100732E-02
0.817101E-01 0.387076E+00 0.100797E-02
0.827184E-01 0.387055E+00 0.100862E-02
0.837274E-01 0.387033E+00 0.100928E-02
0.847370E-01 0.387011E+00 0.100994E-02
0.857473E-01 0.386989E+00 0.101062E-02
0.867582E-01 0.386966E+00 0.101131E-02
0.877699E-01 0.386943E+00 0.101200E-02
0.887822E-01 0.386920E+00 0.101270E-02
0.897953E-01 0.386896E+00 0.101341E-02
0.908091E-01 0.386872E+00 0.101413E-02
0.918236E-01 0.386847E+00 0.101486E-02
0.928388E-01 0.386822E+00 0.101559E-02
0.938547E-01 0.386797E+00 0.101634E-02
0.948715E-01 0.386771E+00 0.101709E-02
0.958889E-01 0.386745E+00 0.101786E-02
0.969072E-01 0.386719E+00 0.101863E-02
0.979262E-01 0.386692E+00 0.101941E-02
0.989460E-01 0.386665E+00 0.102019E-02
0.999666E-01 0.386637E+00 0.102099E-02
0.100988E+00 0.386610E+00 0.102180E-02
0.102010E+00 0.386581E+00 0.102261E-02
0.103033E+00 0.386553E+00 0.102344E-02
0.104057E+00 0.386524E+00 0.102427E-02
0.105082E+00 0.386494E+00 0.102511E-02
0.106107E+00 0.386465E+00 0.102596E-02
0.107134E+00 0.386434E+00 0.102682E-02
0.108161E+00 0.386404E+00 0.102769E-02
0.109189E+00 0.386373E+00 0.102857E-02
0.110218E+00 0.386342E+00 0.102945E-02
0.111248E+00 0.386310E+00 0.103035E-02
0.112279E+00 0.386278E+00 0.103125E-02
0.113310E+00 0.386246E+00 0.103217E-02
0.114343E+00 0.386213E+00 0.103309E-02
0.115377E+00 0.386180E+00 0.103402E-02
0.116411E+00 0.386146E+00 0.103496E-02
0.117447E+00 0.386112E+00 0.103592E-02
0.118483E+00 0.386078E+00 0.103688E-02
0.119520E+00 0.386043E+00 0.103785E-02
0.120559E+00 0.386008E+00 0.103882E-02
0.121598E+00 0.385972E+00 0.103981E-02
0.122638E+00 0.385936E+00 0.104081E-02
0.123680E+00 0.385900E+00 0.104182E-02
0.124722E+00 0.385863E+00 0.104283E-02
0.125765E+00 0.385826E+00 0.104386E-02
0.126810E+00 0.385788E+00 0.104490E-02
0.127855E+00 0.385750E+00 0.104594E-02
0.128902E+00 0.385712E+00 0.104700E-02
0.129949E+00 0.385673E+00 0.104806E-02
0.130998E+00 0.385634E+00 0.104914E-02
0.132047E+00 0.385595E+00 0.105022E-02
0.133098E+00 0.385554E+00 0.105131E-02
0.134150E+00 0.385514E+00 0.105242E-02
0.135203E+00 0.385473E+00 0.105353E-02
0.136257E+00 0.385432E+00 0.105466E-02
0.137312E+00 0.385390E+00 0.105579E-02
0.138369E+00 0.385348E+00 0.105693E-02
0.139426E+00 0.385306E+00 0.105809E-02
0.140485E+00 0.385263E+00 0.105925E-02
0.141545E+00 0.385219E+00 0.106042E-02
0.142606E+00 0.385176E+00 0.106161E-02
0.143668E+00 0.385131E+00 0.106280E-02
0.144731E+00 0.385087E+00 0.106401E-02
0.145796E+00 0.385042E+00 0.106522E-02
0.146862E+00 0.384996E+00 0.106645E-02
0.147929E+00 0.384950E+00 0.106768E-02
0.148997E+00 0.384904E+00 0.106893E-02
0.150067E+00 0.384857E+00 0.107018E-02
0.151137E+00 0.384810E+00 0.107145E-02
0.152210E+00 0.384762E+00 0.107273E-02
0.153283E+00 0.384714E+00 0.107401E-02
0.154358E+00 0.384665E+00 0.107531E-02
0.155434E+00 0.384616E+00 0.107662E-02
0.156511E+00 0.384567E+00 0.107794E-02
0.157589E+00 0.384517E+00 0.107927E-02
0.158669E+00 0.384467E+00 0.108061E-02
0.159751E+00 0.384416E+00 0.108197E-02
0.160833E+00 0.384364E+00 0.108333E-02
0.161917E+00 0.384313E+00 0.108470E-02
0.163003E+00 0.384260E+00 0.108609E-02
0.164090E+00 0.384208E+00 0.108748E-02
0.165178E+00 0.384155E+00 0.108889E-02
0.166267E+00 0.384101E+00 0.109031E-02
0.167358E+00 0.384047E+00 0.109174E-02
0.168451E+00 0.383992E+00 0.109318E-02
0.169545E+00 0.383937E+00 0.109463E-02
0.170640E+00 0.383882E+00 0.109609E-02
0.171737E+00 0.383826E+00 0.109757E-02
0.172835E+00 0.383769E+00 0.109905E-02
0.173935E+00 0.383712E+00 0.110055E-02
0.175036E+00 0.383655E+00 0.110206E-02
0.176139E+00 0.383597E+00 0.110358E-02
0.177243E+00 0.383539E+00 0.110512E-02
0.178349E+00 0.383480E+00 0.110666E-02
0.179457E+00 0.383420E+00 0.110822E-02
0.180566E+00 0.383360E+00 0.110978E-02
0.181676E+00 0.383300E+00 0.111136E-02
0.182789E+00 0.383239E+00 0.111295E-02
0.183902E+00 0.383178E+00 0.111456E-02
0.185018E+00 0.383116E+00 0.111617E-02
0.186135E+00 0.383054E+00 0.111780E-02
0.187253E+00 0.382991E+00 0.111944E-02
0.188374E+00 0.382927E+00 0.112110E-02
0.189495E+00 0.382863E+00 0.112276E-02
0.190619E+00 0.382799E+00 0.112444E-02
0.191744E+00 0.382734E+00 0.112613E-02
0.192871E+00 0.382668E+00 0.112783E-02
0.194000E+00 0.382602E+00 0.112954E-02
0.195130E+00 0.382536E+00 0.113127E-02
0.196263E+00 0.382469E+00 0.113301E-02
0.197396E+00 0.382401E+00 0.113476E-02
0.198532E+00 0.382333E+00 0.113653E-02
0.199669E+00 0.382264E+00 0.113831E-02
0.200809E+00 0.382195E+00 0.114010E-02
0.201950E+00 0.382125E+00 0.114190E-02
0.203092E+00 0.382055E+00 0.114372E-02
0.204237E+00 0.381984E+00 0.114555E-02
0.205384E+00 0.381913E+00 0.114740E-02
0.206532E+00 0.381841E+00 0.114926E-02
0.207682E+00 0.381768E+00 0.115113E-02
0.208834E+00 0.381695E+00 0.115301E-02
0.209988E+00 0.381621E+00 0.115491E-02
0.211144E+00 0.381547E+00 0.115682E-02
0.212302E+00 0.381472E+00 0.115875E-02
0.213462E+00 0.381397E+00 0.116068E-02
0.214623E+00 0.381321E+00 0.116264E-02
0.215787E+00 0.381244E+00 0.116460E-02
0.216952E+00 0.381167E+00 0.116658E-02
0.218120E+00 0.381090E+00 0.116858E-02
0.219290E+00 0.381011E+00 0.117059E-02
0.220461E+00 0.380932E+00 0.117261E-02
0.221635E+00 0.380853E+00 0.117465E-02
0.222810E+00 0.380773E+00 0.117670E-02
0.223988E+00 0.380692E+00 0.117877E-02
0.225168E+00 0.380611E+00 0.118085E-02
0.226350E+00 0.380529E+00 0.118294E-02
0.227534E+00 0.380446E+00 0.118505E-02
0.228720E+00 0.380363E+00 0.118718E-02
0.229908E+00 0.380280E+00 0.118932E-02
0.231099E+00 0.380195E+00 0.119147E-02
0.232291E+00 0.380110E+00 0.119365E-02
0.233486E+00 0.380024E+00 0.119583E-02
0.234683E+00 0.379938E+00 0.119803E-02
0.235882E+00 0.379851E+00 0.120025E-02
0.237083E+00 0.379764E+00 0.120248E-02
0.238287E+00 0.379676E+00 0.120472E-02
0.239493E+00 0.379587E+00 0.120699E-02
0.240701E+00 0.379497E+00 0.120927E-02
0.241911E+00 0.379407E+00 0.121156E-02
0.243124E+00 0.379316E+00 0.121387E-02
0.244339E+00 0.379225E+00 0.121620E-02
0.245556E+00 0.379133E+00 0.121854E-02
0.246776E+00 0.379040E+00 0.122090E-02
0.247998E+00 0.378946E+00 0.122327E-02
0.249223E+00 0.378852E+00 0.122566E-02
0.250450E+00 0.378757E+00 0.122807E-02
0.251679E+00 0.378662E+00 0.123049E-02
0.252911E+00 0.378565E+00 0.123293E-02
0.254145E+00 0.378468E+00 0.123539E-02
0.255381E+00 0.378371E+00 0.123786E-02
0.256620E+00 0.378272E+00 0.124036E-02
0.257862E+00 0.378173E+00 0.124286E-02
0.259106E+00 0.378073E+00 0.124539E-02
0.260353E+00 0.377973E+00 0.124793E-02
0.261602E+00 0.377872E+00 0.125049E-02
0.262854E+00 0.377770E+00 0.125307E-02
0.264108E+00 0.377667E+00 0.125567E-02
0.265365E+00 0.377564E+00 0.125828E-02
0.266625E+00 0.377459E+00 0.126091E-02
0.267887E+00 0.377354E+00 0.126356E-02
0.269152E+00 0.377249E+00 0.126623E-02
0.270419E+00 0.377142E+00 0.126892E-02
0.271690E+00 0.377035E+00 0.127162E-02
0.272963E+00 0.376927E+00 0.127434E-02
0.274238E+00 0.376818E+00 0.127708E-02
0.275517E+00 0.376709E+00 0.127984E-02
0.276798E+00 0.376599E+00 0.128262E-02
0.278082E+00 0.376488E+00 0.128542E-02
0.279369E+00 0.376376E+00 0.128824E-02
0.280659E+00 0.376263E+00 0.129107E-02
0.281951E+00 0.376150E+00 0.129393E-02
0.283247E+00 0.376035E+00 0.129680E-02
0.284545E+00 0.375920E+00 0.129970E-02
0.285846E+00 0.375804E+00 0.130261E-02
0.287150E+00 0.375688E+00 0.130555E-02
0.288457E+00 0.375570E+00 0.130850E-02
0.289767E+00 0.375452E+00 0.131148E-02
0.291080E+00 0.375332E+00 0.131447E-02
0.292396E+00 0.375212E+00 0.131749E-02
0.293715E+00 0.375091E+00 0.132052E-02
0.295037E+00 0.374970E+00 0.132358E-02
0.296362E+00 0.374847E+00 0.132666E-02
0.297690E+00 0.374723E+00 0.132976E-02
0.299022E+00 0.374599E+00 0.133288E-02
0.300356E+00 0.374474E+00 0.133602E-02
0.301694E+00 0.374348E+00 0.133918E-02
0.303034E+00 0.374221E+00 0.134236E-02
0.304378E+00 0.374093E+00 0.134557E-02
0.305726E+00 0.373964E+00 0.134880E-02
0.307076E+00 0.373834E+00 0.135205E-02
0.308430E+00 0.373703E+00 0.135532E-02
0.309787E+00 0.373572E+00 0.135861E-02
0.311147E+00 0.373439E+00 0.136193E-02
0.312511E+00 0.373306E+00 0.136527E-02
0.313877E+00 0.373171E+00 0.136863E-02
0.315248E+00 0.373036E+00 0.137202E-02
0.316622E+00 0.372900E+00 0.137543E-02
0.317999E+00 0.372762E+00 0.137886E-02
0.319379E+00 0.372624E+00 0.138231E-02
0.320763E+00 0.372485E+00 0.138579E-02
0.322151E+00 0.372345E+00 0.138930E-02
0.323542E+00 0.372203E+00 0.139282E-02
0.324936E+00 0.372061E+00 0.139637E-02
0.326335E+00 0.371918E+00 0.139995E-02
0.327736E+00 0.371774E+00 0.140355E-02
0.329142E+00 0.371629E+00 0.140718E-02
0.330551E+00 0.371482E+00 0.141083E-02
0.331963E+00 0.371335E+00 0.141450E-02
0.333380E+00 0.371187E+00 0.141820E-02
0.334800E+00 0.371037E+00 0.142193E-02
0.336224E+00 0.370887E+00 0.142568E-02
0.337651E+00 0.370735E+00 0.142946E-02
0.339083E+00 0.370583E+00 0.143326E-02
0.340518E+00 0.370429E+00 0.143709E-02
0.341957E+00 0.370274E+00 0.144095E-02
0.343400E+00 0.370118E+00 0.144483E-02
0.344846E+00 0.369962E+00 0.144874E-02
0.346297E+00 0.369803E+00 0.145268E-02
0.347752E+00 0.369644E+00 0.145664E-02
0.349210E+00 0.369484E+00 0.146064E-02
0.350673E+00 0.369322E+00 0.146466E-02
0.352140E+00 0.369160E+00 0.146870E-02
0.353610E+00 0.368996E+00 0.147278E-02
0.355085E+00 0.368831E+00 0.147688E-02
0.356564E+00 0.368665E+00 0.148102E-02
0.358047E+00 0.368498E+00 0.148518E-02
0.359535E+00 0.368329E+00 0.148937E-02
0.361026E+00 0.368160E+00 0.149359E-02
0.362522E+00 0.367989E+00 0.149784E-02
0.364022E+00 0.367817E+00 0.150212E-02
0.365526E+00 0.367643E+00 0.150643E-02
0.367035E+00 0.367469E+00 0.151077E-02
0.368548E+00 0.367293E+00 0.151514E-02
0.370065E+00 0.367116E+00 0.151954E-02
0.371587E+00 0.366938E+00 0.152397E-02
0.373113E+00 0.366758E+00 0.152844E-02
0.374644E+00 0.366577E+00 0.153293E-02
0.376179E+00 0.366395E+00 0.153746E-02
0.377719E+00 0.366212E+00 0.154202E-02
0.379263E+00 0.366027E+00 0.154661E-02
0.380812E+00 0.365841E+00 0.155123E-02
0.382365E+00 0.365653E+00 0.155589E-02
0.383924E+00 0.365465E+00 0.156058E-02
0.385486E+00 0.365274E+00 0.156530E-02
0.387054E+00 0.365083E+00 0.157005E-02
0.388627E+00 0.364890E+00 0.157484E-02
0.390204E+00 0.364696E+00 0.157967E-02
0.391786E+00 0.364500E+00 0.158453E-02
0.393373E+00 0.364303E+00 0.158942E-02
0.394965E+00 0.364104E+00 0.159435E-02
0.396562E+00 0.363904E+00 0.159931E-02
0.398163E+00 0.363703E+00 0.160431E-02
0.399770E+00 0.363500E+00 0.160934E-02
0.401382E+00 0.363296E+00 0.161442E-02
0.402999E+00 0.363090E+00 0.161952E-02
0.404621E+00 0.362883E+00 0.162467E-02
0.406248E+00 0.362674E+00 0.162985E-02
0.407881E+00 0.362464E+00 0.163507E-02
0.409519E+00 0.362252E+00 0.164033E-02
0.411162E+00 0.362038E+00 0.164562E-02
0.412810E+00 0.361823E+00 0.165095E-02
0.414463E+00 0.361607E+00 0.165633E-02
0.416123E+00 0.361389E+00 0.166174E-02
0.417787E+00 0.361169E+00 0.166719E-02
0.419457E+00 0.360948E+00 0.167268E-02
0.421132E+00 0.360725E+00 0.167821E-02
0.422813E+00 0.360500E+00 0.168378E-02
0.424500E+00 0.360274E+00 0.168939E-02
0.426192E+00 0.360046E+00 0.169505E-02
0.427890E+00 0.359817E+00 0.170074E-02
0.429594E+00 0.359586E+00 0.170648E-02
0.431303E+00 0.359353E+00 0.171226E-02
0.433018E+00 0.359118E+00 0.171808E-02
0.434739E+00 0.358882E+00 0.172394E-02
0.436466E+00 0.358643E+00 0.172985E-02
0.438199E+00 0.358404E+00 0.173580E-02
0.439938E+00 0.358162E+00 0.174180E-02
0.441682E+00 0.357919E+00 0.174784E-02
0.443433E+00 0.357673E+00 0.175392E-02
0.445190E+00 0.357426E+00 0.176006E-02
0.446953E+00 0.357177E+00 0.176623E-02
0.448723E+00 0.356927E+00 0.177246E-02
0.450498E+00 0.356674E+00 0.177873E-02
0.452280E+00 0.356419E+00 0.178504E-02
0.454069E+00 0.356163E+00 0.179141E-02
0.455863E+00 0.355905E+00 0.179782E-02
0.457664E+00 0.355644E+00 0.180428E-02
0.459472E+00 0.355382E+00 0.181079E-02
0.461286E+00 0.355118E+00 0.181735E-02
0.463106E+00 0.354852E+00 0.182396E-02
0.464934E+00 0.354584E+00 0.183062E-02
0.466768E+00 0.354314E+00 0.183733E-02
0.468608E+00 0.354041E+00 0.184409E-02
0.470456E+00 0.353767E+00 0.185090E-02
0.472310E+00 0.353491E+00 0.185777E-02
0.474171E+00 0.353212E+00 0.186469E-02
0.476040E+00 0.352932E+00 0.187166E-02
0.477915E+00 0.352649E+00 0.187868E-02
0.479797E+00 0.352364E+00 0.188576E-02
0.481686E+00 0.352077E+00 0.189289E-02
0.483583E+00 0.351788E+00 0.190008E-02
0.485486E+00 0.351497E+00 0.190733E-02
0.487397E+00 0.351203E+00 0.191463E-02
0.489316E+00 0.350907E+00 0.192199E-02
0.491241E+00 0.350609E+00 0.192940E-02
0.493175E+00 0.350309E+00 0.193688E-02
0.495115E+00 0.350006E+00 0.194441E-02
0.497063E+00 0.349701E+00 0.195200E-02
0.499019E+00 0.349394E+00 0.195965E-02
0.500983E+00 0.349084E+00 0.196736E-02
0.502954E+00 0.348772E+00 0.197513E-02
0.504933E+00 0.348458E+00 0.198296E-02
0.506920E+00 0.348141E+00 0.199086E-02
0.508915E+00 0.347821E+00 0.199882E-02
0.510918E+00 0.347500E+00 0.200684E-02
0.512928E+00 0.347175E+00 0.201492E-02
0.514947E+00 0.346848E+00 0.202307E-02
0.516975E+00 0.346519E+00 0.203129E-02
0.519010E+00 0.346187E+00 0.203957E-02
0.521054E+00 0.345852E+00 0.204791E-02
0.523106E+00 0.345515E+00 0.205633E-02
0.525166E+00 0.345175E+00 0.206481E-02
0.527236E+00 0.344833E+00 0.207336E-02
0.529313E+00 0.344488E+00 0.208198E-02
0.531400E+00 0.344140E+00 0.209067E-02
0.533495E+00 0.343789E+00 0.209943E-02
0.535598E+00 0.343436E+00 0.210827E-02
0.537711E+00 0.343080E+00 0.211717E-02
0.539833E+00 0.342721E+00 0.212615E-02
0.541963E+00 0.342359E+00 0.213520E-02
0.544103E+00 0.341994E+00 0.214433E-02
0.546252E+00 0.341627E+00 0.215353E-02
0.548410E+00 0.341256E+00 0.216281E-02
0.550578E+00 0.340883E+00 0.217216E-02
0.552755E+00 0.340507E+00 0.218159E-02
0.554941E+00 0.340127E+00 0.219110E-02
0.557137E+00 0.339745E+00 0.220069E-02
0.559342E+00 0.339359E+00 0.221036E-02
0.561558E+00 0.338971E+00 0.222011E-02
0.563783E+00 0.338579E+00 0.222995E-02
0.566018E+00 0.338184E+00 0.223986E-02
0.568262E+00 0.337786E+00 0.224986E-02
0.570517E+00 0.337385E+00 0.225994E-02
0.572782E+00 0.336981E+00 0.227011E-02
0.575058E+00 0.336573E+00 0.228037E-02
0.577343E+00 0.336162E+00 0.229071E-02
0.579639E+00 0.335748E+00 0.230114E-02
0.581945E+00 0.335330E+00 0.231166E-02
0.584262E+00 0.334909E+00 0.232228E-02
0.586590E+00 0.334485E+00 0.233298E-02
0.588928E+00 0.334057E+00 0.234377E-02
0.591278E+00 0.333625E+00 0.235466E-02
0.593638E+00 0.333190E+00 0.236564E-02
0.596009E+00 0.332752E+00 0.237672E-02
0.598391E+00 0.332310E+00 0.238789E-02
0.600785E+00 0.331864E+00 0.239916E-02
0.603190E+00 0.331415E+00 0.241053E-02
0.605606E+00 0.330962E+00 0.242200E-02
0.608034E+00 0.330505E+00 0.243358E-02
0.610473E+00 0.330045E+00 0.244525E-02
0.612924E+00 0.329580E+00 0.245702E-02
0.615387E+00 0.329112E+00 0.246890E-02
0.617862E+00 0.328640E+00 0.248089E-02
0.620349E+00 0.328164E+00 0.249298E-02
0.622848E+00 0.327684E+00 0.250518E-02
0.625359E+00 0.327200E+00 0.251749E-02
0.627883E+00 0.326713E+00 0.252991E-02
0.630419E+00 0.326221E+00 0.254244E-02
0.632968E+00 0.325725E+00 0.255509E-02
0.635529E+00 0.325224E+00 0.256785E-02
0.638104E+00 0.324720E+00 0.258073E-02
0.640691E+00 0.324211E+00 0.259372E-02
0.643291E+00 0.323699E+00 0.260683E-02
0.645905E+00 0.323181E+00 0.262006E-02
0.648531E+00 0.322660E+00 0.263341E-02
0.651171E+00 0.322134E+00 0.264689E-02
0.653825E+00 0.321604E+00 0.266049E-02
0.656492E+00 0.321069E+00 0.267421E-02
0.659174E+00 0.320530E+00 0.268806E-02
0.661869E+00 0.319986E+00 0.270204E-02
0.664578E+00 0.319437E+00 0.271616E-02
0.667301E+00 0.318884E+00 0.273040E-02
0.670039E+00 0.318326E+00 0.274478E-02
0.672791E+00 0.317764E+00 0.275929E-02
0.675557E+00 0.317196E+00 0.277394E-02
0.678338E+00 0.316624E+00 0.278873E-02
0.681135E+00 0.316047E+00 0.280365E-02
0.683946E+00 0.315465E+00 0.281872E-02
0.686772E+00 0.314878E+00 0.283394E-02
0.689614E+00 0.314286E+00 0.284930E-02
0.692471E+00 0.313689E+00 0.286480E-02
0.695343E+00 0.313087E+00 0.288046E-02
0.698232E+00 0.312480E+00 0.289626E-02
0.701136E+00 0.311867E+00 0.291222E-02
0.704056E+00 0.311250E+00 0.292834E-02
0.706993E+00 0.310626E+00 0.294461E-02
0.709945E+00 0.309998E+00 0.296104E-02
0.712915E+00 0.309364E+00 0.297763E-02
0.715901E+00 0.308725E+00 0.299439E-02
0.718904E+00 0.308080E+00 0.301130E-02
0.721923E+00 0.307429E+00 0.302839E-02
0.724960E+00 0.306773E+00 0.304565E-02
0.728015E+00 0.306111E+00 0.306307E-02
0.731087E+00 0.305444E+00 0.308068E-02
0.734176E+00 0.304771E+00 0.309845E-02
0.737284E+00 0.304091E+00 0.311641E-02
0.740409E+00 0.303406E+00 0.313455E-02
0.743553E+00 0.302715E+00 0.315287E-02
0.746715E+00 0.302018E+00 0.317137E-02
0.749896E+00 0.301315E+00 0.319007E-02
0.753095E+00 0.300606E+00 0.320895E-02
0.756314E+00 0.299890E+00 0.322803E-02
0.759551E+00 0.299168E+00 0.324730E-02
0.762808E+00 0.298440E+00 0.326677E-02
0.766085E+00 0.297706E+00 0.328644E-02
0.769381E+00 0.296965E+00 0.330632E-02
0.772698E+00 0.296218E+00 0.332640E-02
0.776034E+00 0.295464E+00 0.334670E-02
0.779391E+00 0.294704E+00 0.336720E-02
0.782769E+00 0.293936E+00 0.338792E-02
0.786167E+00 0.293163E+00 0.340886E-02
0.789586E+00 0.292382E+00 0.343002E-02
0.793027E+00 0.291594E+00 0.345140E-02
0.796489E+00 0.290800E+00 0.347301E-02
0.799973E+00 0.289998E+00 0.349485E-02
0.803479E+00 0.289190E+00 0.351693E-02
0.807007E+00 0.288374E+00 0.353924E-02
0.810558E+00 0.287552E+00 0.356179E-02
0.814131E+00 0.286722E+00 0.358459E-02
0.817727E+00 0.285884E+00 0.360764E-02
0.821346E+00 0.285040E+00 0.363093E-02
0.824989E+00 0.284188E+00 0.365448E-02
0.828655E+00 0.283328E+00 0.367829E-02
0.832345E+00 0.282461E+00 0.370236E-02
0.836060E+00 0.281586E+00 0.372670E-02
0.839799E+00 0.280704E+00 0.375131E-02
0.843563E+00 0.279814E+00 0.377619E-02
0.847351E+00 0.278916E+00 0.380134E-02
0.851165E+00 0.278010E+00 0.382678E-02
0.855005E+00 0.277096E+00 0.385251E-02
0.858871E+00 0.276174E+00 0.387853E-02
0.862762E+00 0.275244E+00 0.390484E-02
0.866680E+00 0.274306E+00 0.393145E-02
0.870625E+00 0.273359E+00 0.395836E-02
0.874597E+00 0.272405E+00 0.398558E-02
0.878596E+00 0.271442E+00 0.401312E-02
0.882623E+00 0.270470E+00 0.404097E-02
0.886679E+00 0.269490E+00 0.406914E-02
0.890762E+00 0.268502E+00 0.409765E-02
0.894874E+00 0.267505E+00 0.412648E-02
0.899015E+00 0.266499E+00 0.415565E-02
0.903185E+00 0.265484E+00 0.418517E-02
0.907385E+00 0.264461E+00 0.421503E-02
0.911616E+00 0.263429E+00 0.424525E-02
0.915876E+00 0.262387E+00 0.427582E-02
0.920167E+00 0.261337E+00 0.430676E-02
0.924490E+00 0.260278E+00 0.433807E-02
0.928844E+00 0.259209E+00 0.436976E-02
0.933229E+00 0.258132E+00 0.440183E-02
0.937647E+00 0.257045E+00 0.443429E-02
0.942098E+00 0.255948E+00 0.446714E-02
0.946582E+00 0.254843E+00 0.450040E-02
0.951099E+00 0.253727E+00 0.453406E-02
0.955650E+00 0.252603E+00 0.456814E-02
0.960235E+00 0.251469E+00 0.460264E-02
0.964855E+00 0.250325E+00 0.463756E-02
0.969511E+00 0.249171E+00 0.467293E-02
0.974201E+00 0.248008E+00 0.470873E-02
0.978928E+00 0.246835E+00 0.474499E-02
0.983692E+00 0.245652E+00 0.478170E-02
0.988492E+00 0.244459E+00 0.481887E-02
0.993329E+00 0.243256E+00 0.485652E-02
0.998205E+00 0.242043E+00 0.489465E-02
0.100312E+01 0.240820E+00 0.493327E-02
0.100807E+01 0.239587E+00 0.497239E-02
0.101306E+01 0.238344E+00 0.501201E-02
0.101810E+01 0.237090E+00 0.505215E-02
0.102317E+01 0.235827E+00 0.509281E-02
0.102828E+01 0.234553E+00 0.513400E-02
0.103344E+01 0.233268E+00 0.517574E-02
0.103863E+01 0.231974E+00 0.521803E-02
0.104387E+01 0.230669E+00 0.526087E-02
0.104916E+01 0.229353E+00 0.530429E-02
0.105448E+01 0.228027E+00 0.534829E-02
0.105985E+01 0.226691E+00 0.539288E-02
0.106527E+01 0.225344E+00 0.543808E-02
0.107073E+01 0.223986E+00 0.548388E-02
0.107624E+01 0.222618E+00 0.553031E-02
0.108179E+01 0.221239E+00 0.557738E-02
0.108739E+01 0.219850E+00 0.562509E-02
0.109304E+01 0.218450E+00 0.567346E-02
0.109874E+01 0.217040E+00 0.572251E-02
0.110448E+01 0.215619E+00 0.577223E-02
0.111028E+01 0.214187E+00 0.582265E-02
0.111613E+01 0.212744E+00 0.587379E-02
0.112203E+01 0.211291E+00 0.592564E-02
0.112798E+01 0.209828E+00 0.597823E-02
0.113399E+01 0.208354E+00 0.603157E-02
0.114005E+01 0.206869E+00 0.608567E-02
0.114616E+01 0.205374E+00 0.614055E-02
0.115233E+01 0.203868E+00 0.619623E-02
0.115855E+01 0.202351E+00 0.625272E-02
0.116483E+01 0.200825E+00 0.631003E-02
0.117117E+01 0.199287E+00 0.636818E-02
0.117757E+01 0.197740E+00 0.642718E-02
0.118403E+01 0.196182E+00 0.648707E-02
0.119054E+01 0.194614E+00 0.654784E-02
0.119712E+01 0.193035E+00 0.660952E-02
0.120376E+01 0.191447E+00 0.667213E-02
0.121047E+01 0.189848E+00 0.673569E-02
0.121723E+01 0.188239E+00 0.680021E-02
0.122407E+01 0.186621E+00 0.686572E-02
0.123097E+01 0.184992E+00 0.693223E-02
0.123793E+01 0.183354E+00 0.699977E-02
0.124497E+01 0.181706E+00 0.706835E-02
0.125207E+01 0.180049E+00 0.713800E-02
0.125924E+01 0.178382E+00 0.720875E-02
0.126649E+01 0.176706E+00 0.728060E-02
0.127380E+01 0.175021E+00 0.735359E-02
0.128119E+01 0.173327E+00 0.742775E-02
0.128866E+01 0.171624E+00 0.750309E-02
0.129620E+01 0.169913E+00 0.757963E-02
0.130382E+01 0.168192E+00 0.765742E-02
0.131152E+01 0.166464E+00 0.773647E-02
0.131929E+01 0.164727E+00 0.781681E-02
0.132715E+01 0.162982E+00 0.789847E-02
0.133509E+01 0.161229E+00 0.798148E-02
0.134311E+01 0.159469E+00 0.806586E-02
0.135122E+01 0.157701E+00 0.815166E-02
0.135942E+01 0.155927E+00 0.823889E-02
0.136770E+01 0.154145E+00 0.832760E-02
0.137607E+01 0.152356E+00 0.841781E-02
0.138454E+01 0.150561E+00 0.850957E-02
0.139309E+01 0.148760E+00 0.860289E-02
0.140174E+01 0.146953E+00 0.869783E-02
0.141049E+01 0.145140E+00 0.879442E-02
0.141933E+01 0.143321E+00 0.889269E-02
0.142828E+01 0.141498E+00 0.899269E-02
0.143732E+01 0.139670E+00 0.909446E-02
0.144646E+01 0.137837E+00 0.919804E-02
0.145572E+01 0.136000E+00 0.930347E-02
0.146507E+01 0.134160E+00 0.941079E-02
0.147454E+01 0.132315E+00 0.952005E-02
0.148411E+01 0.130468E+00 0.963131E-02
0.149380E+01 0.128618E+00 0.974460E-02
0.150360E+01 0.126765E+00 0.985998E-02
0.151352E+01 0.124911E+00 0.997750E-02
0.152356E+01 0.123055E+00 0.100972E-01
0.153372E+01 0.121197E+00 0.102192E-01
0.154400E+01 0.119339E+00 0.103434E-01
0.155440E+01 0.117480E+00 0.104700E-01
0.156494E+01 0.115621E+00 0.105991E-01
0.157560E+01 0.113763E+00 0.107306E-01
0.158640E+01 0.111906E+00 0.108647E-01
0.159733E+01 0.110050E+00 0.110014E-01
0.160840E+01 0.108195E+00 0.111407E-01
0.161962E+01 0.106343E+00 0.112829E-01
0.163097E+01 0.104494E+00 0.114278E-01
0.164247E+01 0.102648E+00 0.115757E-01
0.165412E+01 0.100805E+00 0.117265E-01
0.166593E+01 0.989671E-01 0.118804E-01
0.167789E+01 0.971336E-01 0.120374E-01
0.169000E+01 0.953053E-01 0.121977E-01
0.170228E+01 0.934827E-01 0.123612E-01
0.171473E+01 0.916663E-01 0.125282E-01
0.172734E+01 0.898567E-01 0.126987E-01
0.174012E+01 0.880544E-01 0.128728E-01
0.175309E+01 0.862599E-01 0.130506E-01
0.176623E+01 0.844738E-01 0.132322E-01
0.177955E+01 0.826965E-01 0.134178E-01
0.179306E+01 0.809287E-01 0.136073E-01
0.180677E+01 0.791708E-01 0.138011E-01
0.182067E+01 0.774234E-01 0.139991E-01
0.183477E+01 0.756871E-01 0.142015E-01
0.184907E+01 0.739624E-01 0.144084E-01
0.186359E+01 0.722498E-01 0.146200E-01
0.187831E+01 0.705498E-01 0.148364E-01
0.189326E+01 0.688631E-01 0.150578E-01
0.190843E+01 0.671900E-01 0.152843E-01
0.192383E+01 0.655313E-01 0.155160E-01
0.193947E+01 0.638873E-01 0.157532E-01
0.195534E+01 0.622586E-01 0.159960E-01
0.197146E+01 0.606458E-01 0.162446E-01
0.198783E+01 0.590492E-01 0.164991E-01
0.200446E+01 0.574695E-01 0.167598E-01
0.202135E+01 0.559071E-01 0.170269E-01
0.203852E+01 0.543625E-01 0.173005E-01
0.205596E+01 0.528361E-01 0.175810E-01
0.207368E+01 0.513284E-01 0.178684E-01
0.209169E+01 0.498399E-01 0.181631E-01
0.211001E+01 0.483710E-01 0.184652E-01
0.212863E+01 0.469222E-01 0.187752E-01
0.214756E+01 0.454937E-01 0.190931E-01
0.216682E+01 0.440861E-01 0.194193E-01
0.218640E+01 0.426997E-01 0.197542E-01
0.220633E+01 0.413349E-01 0.200979E-01
0.222660E+01 0.399920E-01 0.204508E-01
0.224723E+01 0.386713E-01 0.208133E-01
0.226823E+01 0.373732E-01 0.211856E-01
0.228961E+01 0.360980E-01 0.215682E-01
0.231137E+01 0.348459E-01 0.219615E-01
0.233353E+01 0.336172E-01 0.223657E-01
0.235611E+01 0.324121E-01 0.227814E-01
0.237910E+01 0.312309E-01 0.232090E-01
0.240253E+01 0.300737E-01 0.236489E-01
0.242640E+01 0.289407E-01 0.241016E-01
0.245074E+01 0.278321E-01 0.245677E-01
0.247554E+01 0.267481E-01 0.250476E-01
0.250084E+01 0.256886E-01 0.255419E-01
0.252663E+01 0.246538E-01 0.260511E-01
0.255294E+01 0.236438E-01 0.265760E-01
0.257979E+01 0.226585E-01 0.271171E-01
0.260718E+01 0.216982E-01 0.276751E-01
0.263514E+01 0.207626E-01 0.282507E-01
0.266369E+01 0.198518E-01 0.288447E-01
0.269284E+01 0.189658E-01 0.294579E-01
0.272261E+01 0.181045E-01 0.300911E-01
0.275303E+01 0.172677E-01 0.307451E-01
0.278411E+01 0.164554E-01 0.314209E-01
0.281588E+01 0.156675E-01 0.321196E-01
0.284836E+01 0.149037E-01 0.328420E-01
0.288157E+01 0.141640E-01 0.335893E-01
0.291555E+01 0.134480E-01 0.343628E-01
0.295031E+01 0.127557E-01 0.351635E-01
0.298588E+01 0.120867E-01 0.359928E-01
0.302230E+01 0.114407E-01 0.368521E-01
0.305960E+01 0.108176E-01 0.377428E-01
0.309780E+01 0.102171E-01 0.386665E-01
0.313694E+01 0.963869E-02 0.396249E-01
0.317706E+01 0.908222E-02 0.406197E-01
0.321819E+01 0.854730E-02 0.416527E-01
0.326038E+01 0.803358E-02 0.427259E-01
0.330366E+01 0.754069E-02 0.438416E-01
0.334808E+01 0.706825E-02 0.450018E-01
0.339368E+01 0.661587E-02 0.462091E-01
0.344051E+01 0.618315E-02 0.474660E-01
0.348863E+01 0.576969E-02 0.487753E-01
0.353808E+01 0.537505E-02 0.501399E-01
0.358893E+01 0.499882E-02 0.515630E-01
0.364123E+01 0.464056E-02 0.530479E-01
0.369505E+01 0.429983E-02 0.545984E-01
0.375045E+01 0.397621E-02 0.562182E-01
0.380751E+01 0.366924E-02 0.579117E-01
0.386630E+01 0.337847E-02 0.596834E-01
0.392690E+01 0.310348E-02 0.615381E-01
0.398940E+01 0.284381E-02 0.634811E-01
0.405389E+01 0.259902E-02 0.655181E-01
0.412047E+01 0.236867E-02 0.676553E-01
0.418924E+01 0.215232E-02 0.698994E-01
0.426031E+01 0.194955E-02 0.722576E-01
0.433380E+01 0.175992E-02 0.747377E-01
0.440983E+01 0.158301E-02 0.773483E-01
0.448854E+01 0.141840E-02 0.800988E-01
0.457008E+01 0.126567E-02 0.829993E-01
0.465459E+01 0.112441E-02 0.860609E-01
0.474226E+01 0.994198E-03 0.892958E-01
0.483325E+01 0.874627E-03 0.927173E-01
0.492776E+01 0.765280E-03 0.963400E-01
0.502600E+01 0.665733E-03 0.100180E+00
0.512820E+01 0.575560E-03 0.104255E+00
0.523459E+01 0.494323E-03 0.108585E+00
0.534546E+01 0.421572E-03 0.113191E+00
0.546108E+01 0.356842E-03 0.118098E+00
0.558176E+01 0.299657E-03 0.123331E+00
0.570786E+01 0.249522E-03 0.128922E+00
0.583974E+01 0.205931E-03 0.134902E+00
0.597780E+01 0.168363E-03 0.141309E+00
0.612251E+01 0.136291E-03 0.148186E+00
0.627435E+01 0.109187E-03 0.155577E+00
0.643385E+01 0.865231E-04 0.163538E+00
0.660163E+01 0.677838E-04 0.172126E+00
0.677834E+01 0.524710E-04 0.181411E+00
0.696471E+01 0.401114E-04 0.191469E+00
0.716156E+01 0.302629E-04 0.202389E+00
0.736981E+01 0.225197E-04 0.214273E+00
0.759047E+01 0.165160E-04 0.227236E+00
0.782469E+01 0.119283E-04 0.241415E+00
