  #normalor:   3.14159265358979
-.782469E+01 0.959584E-05 0.241415E+00
-.759047E+01 0.132394E-04 0.227236E+00
-.736981E+01 0.179876E-04 0.214273E+00
-.716156E+01 0.240865E-04 0.202389E+00
-.696471E+01 0.318119E-04 0.191469E+00
-.677834E+01 0.414679E-04 0.181411E+00
-.660163E+01 0.533831E-04 0.172126E+00
-.643385E+01 0.679060E-04 0.163538E+00
-.627435E+01 0.853995E-04 0.155577E+00
-.612251E+01 0.106234E-03 0.148186E+00
-.597780E+01 0.130783E-03 0.141309E+00
-.583974E+01 0.159413E-03 0.134902E+00
-.570786E+01 0.192480E-03 0.128922E+00
-.558176E+01 0.230326E-03 0.123331E+00
-.546108E+01 0.273269E-03 0.118098E+00
-.534546E+01 0.321608E-03 0.113191E+00
-.523459E+01 0.375611E-03 0.108585E+00
-.512820E+01 0.435526E-03 0.104255E+00
-.502600E+01 0.501571E-03 0.100180E+00
-.492776E+01 0.573938E-03 0.963400E-01
-.483325E+01 0.652795E-03 0.927173E-01
-.474226E+01 0.738290E-03 0.892958E-01
-.465459E+01 0.830546E-03 0.860609E-01
-.457008E+01 0.929668E-03 0.829993E-01
-.448854E+01 0.103574E-02 0.800988E-01
-.440983E+01 0.114884E-02 0.773483E-01
-.433380E+01 0.126902E-02 0.747377E-01
-.426031E+01 0.139631E-02 0.722576E-01
-.418924E+01 0.153076E-02 0.698994E-01
-.412047E+01 0.167237E-02 0.676553E-01
-.405389E+01 0.182116E-02 0.655181E-01
-.398940E+01 0.197711E-02 0.634811E-01
-.392690E+01 0.214020E-02 0.615381E-01
-.386630E+01 0.231043E-02 0.596834E-01
-.380751E+01 0.248773E-02 0.579117E-01
-.375045E+01 0.267208E-02 0.562182E-01
-.369505E+01 0.286342E-02 0.545984E-01
-.364123E+01 0.306168E-02 0.530479E-01
-.358893E+01 0.326680E-02 0.515630E-01
-.353808E+01 0.347869E-02 0.501399E-01
-.348863E+01 0.369727E-02 0.487753E-01
-.344051E+01 0.392244E-02 0.474660E-01
-.339368E+01 0.415410E-02 0.462091E-01
-.334808E+01 0.439215E-02 0.450018E-01
-.330366E+01 0.463647E-02 0.438416E-01
-.326038E+01 0.488695E-02 0.427259E-01
-.321819E+01 0.514345E-02 0.416527E-01
-.317706E+01 0.540586E-02 0.406197E-01
-.313694E+01 0.567405E-02 0.396249E-01
-.309780E+01 0.594787E-02 0.386665E-01
-.305960E+01 0.622720E-02 0.377428E-01
-.302230E+01 0.651188E-02 0.368521E-01
-.298588E+01 0.680180E-02 0.359928E-01
-.295031E+01 0.709679E-02 0.351635E-01
-.291555E+01 0.739671E-02 0.343628E-01
-.288157E+01 0.770143E-02 0.335893E-01
-.284836E+01 0.801080E-02 0.328420E-01
-.281588E+01 0.832468E-02 0.321196E-01
-.278411E+01 0.864292E-02 0.314209E-01
-.275303E+01 0.896539E-02 0.307451E-01
-.272261E+01 0.929194E-02 0.300911E-01
-.269284E+01 0.962244E-02 0.294579E-01
-.266369E+01 0.995674E-02 0.288447E-01
-.263514E+01 0.102947E-01 0.282507E-01
-.260718E+01 0.106362E-01 0.276751E-01
-.257979E+01 0.109812E-01 0.271171E-01
-.255294E+01 0.113294E-01 0.265760E-01
-.252663E+01 0.116808E-01 0.260511E-01
-.250084E+01 0.120352E-01 0.255419E-01
-.247554E+01 0.123926E-01 0.250476E-01
-.245074E+01 0.127528E-01 0.245677E-01
-.242640E+01 0.131156E-01 0.241016E-01
-.240253E+01 0.134811E-01 0.236489E-01
-.237910E+01 0.138490E-01 0.232090E-01
-.235611E+01 0.142194E-01 0.227814E-01
-.233353E+01 0.145920E-01 0.223657E-01
-.231137E+01 0.149668E-01 0.219615E-01
-.228961E+01 0.153437E-01 0.215682E-01
-.226823E+01 0.157226E-01 0.211856E-01
-.224723E+01 0.161034E-01 0.208133E-01
-.222660E+01 0.164860E-01 0.204508E-01
-.220633E+01 0.168705E-01 0.200979E-01
-.218640E+01 0.172565E-01 0.197542E-01
-.216682E+01 0.176442E-01 0.194193E-01
-.214756E+01 0.180335E-01 0.190931E-01
-.212863E+01 0.184241E-01 0.187752E-01
-.211001E+01 0.188162E-01 0.184652E-01
-.209169E+01 0.192096E-01 0.181631E-01
-.207368E+01 0.196043E-01 0.178684E-01
-.205596E+01 0.200002E-01 0.175810E-01
-.203852E+01 0.203972E-01 0.173005E-01
-.202135E+01 0.207954E-01 0.170269E-01
-.200446E+01 0.211946E-01 0.167598E-01
-.198783E+01 0.215947E-01 0.164991E-01
-.197146E+01 0.219959E-01 0.162446E-01
-.195534E+01 0.223979E-01 0.159960E-01
-.193947E+01 0.228008E-01 0.157532E-01
-.192383E+01 0.232045E-01 0.155160E-01
-.190843E+01 0.236090E-01 0.152843E-01
-.189326E+01 0.240142E-01 0.150578E-01
-.187831E+01 0.244201E-01 0.148364E-01
-.186359E+01 0.248267E-01 0.146200E-01
-.184907E+01 0.252339E-01 0.144084E-01
-.183477E+01 0.256417E-01 0.142015E-01
-.182067E+01 0.260501E-01 0.139991E-01
-.180677E+01 0.264589E-01 0.138011E-01
-.179306E+01 0.268683E-01 0.136073E-01
-.177955E+01 0.272782E-01 0.134178E-01
-.176623E+01 0.276885E-01 0.132322E-01
-.175309E+01 0.280993E-01 0.130506E-01
-.174012E+01 0.285104E-01 0.128728E-01
-.172734E+01 0.289219E-01 0.126987E-01
-.171473E+01 0.293337E-01 0.125282E-01
-.170228E+01 0.297459E-01 0.123612E-01
-.169000E+01 0.301584E-01 0.121977E-01
-.167789E+01 0.305712E-01 0.120374E-01
-.166593E+01 0.309843E-01 0.118804E-01
-.165412E+01 0.313976E-01 0.117265E-01
-.164247E+01 0.318111E-01 0.115757E-01
-.163097E+01 0.322248E-01 0.114278E-01
-.161962E+01 0.326388E-01 0.112829E-01
-.160840E+01 0.330529E-01 0.111407E-01
-.159733E+01 0.334672E-01 0.110014E-01
-.158640E+01 0.338816E-01 0.108647E-01
-.157560E+01 0.342962E-01 0.107306E-01
-.156494E+01 0.347109E-01 0.105991E-01
-.155440E+01 0.351257E-01 0.104700E-01
-.154400E+01 0.355407E-01 0.103434E-01
-.153372E+01 0.359557E-01 0.102192E-01
-.152356E+01 0.363707E-01 0.100972E-01
-.151352E+01 0.367859E-01 0.997750E-02
-.150360E+01 0.372011E-01 0.985998E-02
-.149380E+01 0.376163E-01 0.974460E-02
-.148411E+01 0.380316E-01 0.963131E-02
-.147454E+01 0.384469E-01 0.952005E-02
-.146507E+01 0.388622E-01 0.941079E-02
-.145572E+01 0.392775E-01 0.930347E-02
-.144646E+01 0.396928E-01 0.919804E-02
-.143732E+01 0.401080E-01 0.909446E-02
-.142828E+01 0.405233E-01 0.899269E-02
-.141933E+01 0.409385E-01 0.889269E-02
-.141049E+01 0.413537E-01 0.879442E-02
-.140174E+01 0.417689E-01 0.869783E-02
-.139309E+01 0.421840E-01 0.860289E-02
-.138454E+01 0.425990E-01 0.850957E-02
-.137607E+01 0.430139E-01 0.841781E-02
-.136770E+01 0.434288E-01 0.832760E-02
-.135942E+01 0.438436E-01 0.823889E-02
-.135122E+01 0.442583E-01 0.815166E-02
-.134311E+01 0.446730E-01 0.806586E-02
-.133509E+01 0.450875E-01 0.798148E-02
-.132715E+01 0.455019E-01 0.789847E-02
-.131929E+01 0.459162E-01 0.781681E-02
-.131152E+01 0.463304E-01 0.773647E-02
-.130382E+01 0.467445E-01 0.765742E-02
-.129620E+01 0.471584E-01 0.757963E-02
-.128866E+01 0.475722E-01 0.750309E-02
-.128119E+01 0.479859E-01 0.742775E-02
-.127380E+01 0.483994E-01 0.735359E-02
-.126649E+01 0.488128E-01 0.728060E-02
-.125924E+01 0.492261E-01 0.720875E-02
-.125207E+01 0.496391E-01 0.713800E-02
-.124497E+01 0.500521E-01 0.706835E-02
-.123793E+01 0.504648E-01 0.699977E-02
-.123097E+01 0.508774E-01 0.693223E-02
-.122407E+01 0.512898E-01 0.686572E-02
-.121723E+01 0.517021E-01 0.680021E-02
-.121047E+01 0.521142E-01 0.673569E-02
-.120376E+01 0.525260E-01 0.667213E-02
-.119712E+01 0.529377E-01 0.660952E-02
-.119054E+01 0.533492E-01 0.654784E-02
-.118403E+01 0.537606E-01 0.648707E-02
-.117757E+01 0.541717E-01 0.642718E-02
-.117117E+01 0.545826E-01 0.636818E-02
-.116483E+01 0.549933E-01 0.631003E-02
-.115855E+01 0.554038E-01 0.625272E-02
-.115233E+01 0.558141E-01 0.619623E-02
-.114616E+01 0.562242E-01 0.614055E-02
-.114005E+01 0.566341E-01 0.608567E-02
-.113399E+01 0.570438E-01 0.603157E-02
-.112798E+01 0.574532E-01 0.597823E-02
-.112203E+01 0.578624E-01 0.592564E-02
-.111613E+01 0.582714E-01 0.587379E-02
-.111028E+01 0.586802E-01 0.582265E-02
-.110448E+01 0.590887E-01 0.577223E-02
-.109874E+01 0.594970E-01 0.572251E-02
-.109304E+01 0.599051E-01 0.567346E-02
-.108739E+01 0.603129E-01 0.562509E-02
-.108179E+01 0.607205E-01 0.557738E-02
-.107624E+01 0.611278E-01 0.553031E-02
-.107073E+01 0.615349E-01 0.548388E-02
-.106527E+01 0.619417E-01 0.543808E-02
-.105985E+01 0.623484E-01 0.539288E-02
-.105448E+01 0.627547E-01 0.534829E-02
-.104916E+01 0.631608E-01 0.530429E-02
-.104387E+01 0.635666E-01 0.526087E-02
-.103863E+01 0.639722E-01 0.521803E-02
-.103344E+01 0.643776E-01 0.517574E-02
-.102828E+01 0.647826E-01 0.513400E-02
-.102317E+01 0.651874E-01 0.509281E-02
-.101810E+01 0.655920E-01 0.505215E-02
-.101306E+01 0.659963E-01 0.501201E-02
-.100807E+01 0.664003E-01 0.497239E-02
-.100312E+01 0.668040E-01 0.493327E-02
-.998205E+00 0.672075E-01 0.489465E-02
-.993329E+00 0.676107E-01 0.485652E-02
-.988492E+00 0.680136E-01 0.481887E-02
-.983692E+00 0.684163E-01 0.478170E-02
-.978928E+00 0.688186E-01 0.474499E-02
-.974201E+00 0.692207E-01 0.470873E-02
-.969511E+00 0.696226E-01 0.467293E-02
-.964855E+00 0.700241E-01 0.463756E-02
-.960235E+00 0.704254E-01 0.460264E-02
-.955650E+00 0.708263E-01 0.456814E-02
-.951099E+00 0.712270E-01 0.453406E-02
-.946582E+00 0.716274E-01 0.450040E-02
-.942098E+00 0.720276E-01 0.446714E-02
-.937647E+00 0.724274E-01 0.443429E-02
-.933229E+00 0.728270E-01 0.440183E-02
-.928844E+00 0.732262E-01 0.436976E-02
-.924490E+00 0.736252E-01 0.433807E-02
-.920167E+00 0.740239E-01 0.430676E-02
-.915876E+00 0.744222E-01 0.427582E-02
-.911616E+00 0.748203E-01 0.424525E-02
-.907385E+00 0.752181E-01 0.421503E-02
-.903185E+00 0.756156E-01 0.418517E-02
-.899015E+00 0.760129E-01 0.415565E-02
-.894874E+00 0.764098E-01 0.412648E-02
-.890762E+00 0.768064E-01 0.409765E-02
-.886679E+00 0.772027E-01 0.406914E-02
-.882623E+00 0.775987E-01 0.404097E-02
-.878596E+00 0.779944E-01 0.401312E-02
-.874597E+00 0.783899E-01 0.398558E-02
-.870625E+00 0.787850E-01 0.395836E-02
-.866680E+00 0.791798E-01 0.393145E-02
-.862762E+00 0.795743E-01 0.390484E-02
-.858871E+00 0.799685E-01 0.387853E-02
-.855005E+00 0.803625E-01 0.385251E-02
-.851165E+00 0.807561E-01 0.382678E-02
-.847351E+00 0.811494E-01 0.380134E-02
-.843563E+00 0.815424E-01 0.377619E-02
-.839799E+00 0.819351E-01 0.375131E-02
-.836060E+00 0.823275E-01 0.372670E-02
-.832345E+00 0.827196E-01 0.370236E-02
-.828655E+00 0.831113E-01 0.367829E-02
-.824989E+00 0.835028E-01 0.365448E-02
-.821346E+00 0.838940E-01 0.363093E-02
-.817727E+00 0.842848E-01 0.360764E-02
-.814131E+00 0.846754E-01 0.358459E-02
-.810558E+00 0.850656E-01 0.356179E-02
-.807007E+00 0.854556E-01 0.353924E-02
-.803479E+00 0.858452E-01 0.351693E-02
-.799973E+00 0.862345E-01 0.349485E-02
-.796489E+00 0.866235E-01 0.347301E-02
-.793027E+00 0.870122E-01 0.345140E-02
-.789586E+00 0.874006E-01 0.343002E-02
-.786167E+00 0.877887E-01 0.340886E-02
-.782769E+00 0.881765E-01 0.338792E-02
-.779391E+00 0.885640E-01 0.336720E-02
-.776034E+00 0.889511E-01 0.334670E-02
-.772698E+00 0.893380E-01 0.332640E-02
-.769381E+00 0.897245E-01 0.330632E-02
-.766085E+00 0.901107E-01 0.328644E-02
-.762808E+00 0.904967E-01 0.326677E-02
-.759551E+00 0.908823E-01 0.324730E-02
-.756314E+00 0.912676E-01 0.322803E-02
-.753095E+00 0.916526E-01 0.320895E-02
-.749896E+00 0.920373E-01 0.319007E-02
-.746715E+00 0.924216E-01 0.317137E-02
-.743553E+00 0.928057E-01 0.315287E-02
-.740409E+00 0.931895E-01 0.313455E-02
-.737284E+00 0.935729E-01 0.311641E-02
-.734176E+00 0.939561E-01 0.309845E-02
-.731087E+00 0.943389E-01 0.308068E-02
-.728015E+00 0.947214E-01 0.306307E-02
-.724960E+00 0.951036E-01 0.304565E-02
-.721923E+00 0.954855E-01 0.302839E-02
-.718904E+00 0.958671E-01 0.301130E-02
-.715901E+00 0.962484E-01 0.299439E-02
-.712915E+00 0.966294E-01 0.297763E-02
-.709945E+00 0.970101E-01 0.296104E-02
-.706993E+00 0.973905E-01 0.294461E-02
-.704056E+00 0.977705E-01 0.292834E-02
-.701136E+00 0.981503E-01 0.291222E-02
-.698232E+00 0.985297E-01 0.289626E-02
-.695343E+00 0.989089E-01 0.288046E-02
-.692471E+00 0.992877E-01 0.286480E-02
-.689614E+00 0.996662E-01 0.284930E-02
-.686772E+00 0.100044E+00 0.283394E-02
-.683946E+00 0.100422E+00 0.281872E-02
-.681135E+00 0.100800E+00 0.280365E-02
-.678338E+00 0.101177E+00 0.278873E-02
-.675557E+00 0.101554E+00 0.277394E-02
-.672791E+00 0.101931E+00 0.275929E-02
-.670039E+00 0.102307E+00 0.274478E-02
-.667301E+00 0.102684E+00 0.273040E-02
-.664578E+00 0.103059E+00 0.271616E-02
-.661869E+00 0.103435E+00 0.270204E-02
-.659174E+00 0.103810E+00 0.268806E-02
-.656492E+00 0.104185E+00 0.267421E-02
-.653825E+00 0.104560E+00 0.266049E-02
-.651171E+00 0.104934E+00 0.264689E-02
-.648531E+00 0.105308E+00 0.263341E-02
-.645905E+00 0.105682E+00 0.262006E-02
-.643291E+00 0.106055E+00 0.260683E-02
-.640691E+00 0.106428E+00 0.259372E-02
-.638104E+00 0.106801E+00 0.258073E-02
-.635529E+00 0.107174E+00 0.256785E-02
-.632968E+00 0.107546E+00 0.255509E-02
-.630419E+00 0.107918E+00 0.254244E-02
-.627883E+00 0.108289E+00 0.252991E-02
-.625359E+00 0.108661E+00 0.251749E-02
-.622848E+00 0.109032E+00 0.250518E-02
-.620349E+00 0.109403E+00 0.249298E-02
-.617862E+00 0.109773E+00 0.248089E-02
-.615387E+00 0.110143E+00 0.246890E-02
-.612924E+00 0.110513E+00 0.245702E-02
-.610473E+00 0.110883E+00 0.244525E-02
-.608034E+00 0.111252E+00 0.243358E-02
-.605606E+00 0.111621E+00 0.242200E-02
-.603190E+00 0.111990E+00 0.241053E-02
-.600785E+00 0.112358E+00 0.239916E-02
-.598391E+00 0.112727E+00 0.238789E-02
-.596009E+00 0.113094E+00 0.237672E-02
-.593638E+00 0.113462E+00 0.236564E-02
-.591278E+00 0.113829E+00 0.235466E-02
-.588928E+00 0.114196E+00 0.234377E-02
-.586590E+00 0.114563E+00 0.233298E-02
-.584262E+00 0.114930E+00 0.232228E-02
-.581945E+00 0.115296E+00 0.231166E-02
-.579639E+00 0.115662E+00 0.230114E-02
-.577343E+00 0.116027E+00 0.229071E-02
-.575058E+00 0.116393E+00 0.228037E-02
-.572782E+00 0.116758E+00 0.227011E-02
-.570517E+00 0.117123E+00 0.225994E-02
-.568262E+00 0.117487E+00 0.224986E-02
-.566018E+00 0.117851E+00 0.223986E-02
-.563783E+00 0.118215E+00 0.222995E-02
-.561558E+00 0.118579E+00 0.222011E-02
-.559342E+00 0.118943E+00 0.221036E-02
-.557137E+00 0.119306E+00 0.220069E-02
-.554941E+00 0.119669E+00 0.219110E-02
-.552755E+00 0.120031E+00 0.218159E-02
-.550578E+00 0.120394E+00 0.217216E-02
-.548410E+00 0.120756E+00 0.216281E-02
-.546252E+00 0.121118E+00 0.215353E-02
-.544103E+00 0.121479E+00 0.214433E-02
-.541963E+00 0.121840E+00 0.213520E-02
-.539833E+00 0.122201E+00 0.212615E-02
-.537711E+00 0.122562E+00 0.211717E-02
-.535598E+00 0.122923E+00 0.210827E-02
-.533495E+00 0.123283E+00 0.209943E-02
-.531400E+00 0.123643E+00 0.209067E-02
-.529313E+00 0.124003E+00 0.208198E-02
-.527236E+00 0.124362E+00 0.207336E-02
-.525166E+00 0.124721E+00 0.206481E-02
-.523106E+00 0.125080E+00 0.205633E-02
-.521054E+00 0.125439E+00 0.204791E-02
-.519010E+00 0.125797E+00 0.203957E-02
-.516975E+00 0.126156E+00 0.203129E-02
-.514947E+00 0.126513E+00 0.202307E-02
-.512928E+00 0.126871E+00 0.201492E-02
-.510918E+00 0.127229E+00 0.200684E-02
-.508915E+00 0.127586E+00 0.199882E-02
-.506920E+00 0.127943E+00 0.199086E-02
-.504933E+00 0.128299E+00 0.198296E-02
-.502954E+00 0.128656E+00 0.197513E-02
-.500983E+00 0.129012E+00 0.196736E-02
-.499019E+00 0.129368E+00 0.195965E-02
-.497063E+00 0.129724E+00 0.195200E-02
-.495115E+00 0.130079E+00 0.194441E-02
-.493175E+00 0.130434E+00 0.193688E-02
-.491241E+00 0.130789E+00 0.192940E-02
-.489316E+00 0.131144E+00 0.192199E-02
-.487397E+00 0.131498E+00 0.191463E-02
-.485486E+00 0.131853E+00 0.190733E-02
-.483583E+00 0.132207E+00 0.190008E-02
-.481686E+00 0.132561E+00 0.189289E-02
-.479797E+00 0.132914E+00 0.188576E-02
-.477915E+00 0.133267E+00 0.187868E-02
-.476040E+00 0.133620E+00 0.187166E-02
-.474171E+00 0.133973E+00 0.186469E-02
-.472310E+00 0.134326E+00 0.185777E-02
-.470456E+00 0.134678E+00 0.185090E-02
-.468608E+00 0.135030E+00 0.184409E-02
-.466768E+00 0.135382E+00 0.183733E-02
-.464934E+00 0.135734E+00 0.183062E-02
-.463106E+00 0.136086E+00 0.182396E-02
-.461286E+00 0.136437E+00 0.181735E-02
-.459472E+00 0.136788E+00 0.181079E-02
-.457664E+00 0.137139E+00 0.180428E-02
-.455863E+00 0.137489E+00 0.179782E-02
-.454069E+00 0.137840E+00 0.179141E-02
-.452280E+00 0.138190E+00 0.178504E-02
-.450498E+00 0.138540E+00 0.177873E-02
-.448723E+00 0.138889E+00 0.177246E-02
-.446953E+00 0.139239E+00 0.176623E-02
-.445190E+00 0.139588E+00 0.176006E-02
-.443433E+00 0.139937E+00 0.175392E-02
-.441682E+00 0.140286E+00 0.174784E-02
-.439938E+00 0.140635E+00 0.174180E-02
-.438199E+00 0.140983E+00 0.173580E-02
-.436466E+00 0.141331E+00 0.172985E-02
-.434739E+00 0.141679E+00 0.172394E-02
-.433018E+00 0.142027E+00 0.171808E-02
-.431303E+00 0.142375E+00 0.171226E-02
-.429594E+00 0.142722E+00 0.170648E-02
-.427890E+00 0.143070E+00 0.170074E-02
-.426192E+00 0.143417E+00 0.169505E-02
-.424500E+00 0.143763E+00 0.168939E-02
-.422813E+00 0.144110E+00 0.168378E-02
-.421132E+00 0.144456E+00 0.167821E-02
-.419457E+00 0.144803E+00 0.167268E-02
-.417787E+00 0.145149E+00 0.166719E-02
-.416123E+00 0.145494E+00 0.166174E-02
-.414463E+00 0.145840E+00 0.165633E-02
-.412810E+00 0.146185E+00 0.165095E-02
-.411162E+00 0.146531E+00 0.164562E-02
-.409519E+00 0.146876E+00 0.164033E-02
-.407881E+00 0.147221E+00 0.163507E-02
-.406248E+00 0.147565E+00 0.162985E-02
-.404621E+00 0.147910E+00 0.162467E-02
-.402999E+00 0.148254E+00 0.161952E-02
-.401382E+00 0.148598E+00 0.161442E-02
-.399770E+00 0.148942E+00 0.160934E-02
-.398163E+00 0.149286E+00 0.160431E-02
-.396562E+00 0.149629E+00 0.159931E-02
-.394965E+00 0.149973E+00 0.159435E-02
-.393373E+00 0.150316E+00 0.158942E-02
-.391786E+00 0.150659E+00 0.158453E-02
-.390204E+00 0.151002E+00 0.157967E-02
-.388627E+00 0.151345E+00 0.157484E-02
-.387054E+00 0.151687E+00 0.157005E-02
-.385486E+00 0.152029E+00 0.156530E-02
-.383924E+00 0.152372E+00 0.156058E-02
-.382365E+00 0.152714E+00 0.155589E-02
-.380812E+00 0.153055E+00 0.155123E-02
-.379263E+00 0.153397E+00 0.154661E-02
-.377719E+00 0.153738E+00 0.154202E-02
-.376179E+00 0.154080E+00 0.153746E-02
-.374644E+00 0.154421E+00 0.153293E-02
-.373113E+00 0.154762E+00 0.152844E-02
-.371587E+00 0.155103E+00 0.152397E-02
-.370065E+00 0.155443E+00 0.151954E-02
-.368548E+00 0.155784E+00 0.151514E-02
-.367035E+00 0.156124E+00 0.151077E-02
-.365526E+00 0.156465E+00 0.150643E-02
-.364022E+00 0.156805E+00 0.150212E-02
-.362522E+00 0.157145E+00 0.149784E-02
-.361026E+00 0.157484E+00 0.149359E-02
-.359535E+00 0.157824E+00 0.148937E-02
-.358047E+00 0.158163E+00 0.148518E-02
-.356564E+00 0.158503E+00 0.148102E-02
-.355085E+00 0.158842E+00 0.147688E-02
-.353610E+00 0.159181E+00 0.147278E-02
-.352140E+00 0.159520E+00 0.146870E-02
-.350673E+00 0.159858E+00 0.146466E-02
-.349210E+00 0.160197E+00 0.146064E-02
-.347752E+00 0.160535E+00 0.145664E-02
-.346297E+00 0.160874E+00 0.145268E-02
-.344846E+00 0.161212E+00 0.144874E-02
-.343400E+00 0.161550E+00 0.144483E-02
-.341957E+00 0.161888E+00 0.144095E-02
-.340518E+00 0.162225E+00 0.143709E-02
-.339083E+00 0.162563E+00 0.143326E-02
-.337651E+00 0.162900E+00 0.142946E-02
-.336224E+00 0.163238E+00 0.142568E-02
-.334800E+00 0.163575E+00 0.142193E-02
-.333380E+00 0.163912E+00 0.141820E-02
-.331963E+00 0.164249E+00 0.141450E-02
-.330551E+00 0.164586E+00 0.141083E-02
-.329142E+00 0.164922E+00 0.140718E-02
-.327736E+00 0.165259E+00 0.140355E-02
-.326335E+00 0.165595E+00 0.139995E-02
-.324936E+00 0.165932E+00 0.139637E-02
-.323542E+00 0.166268E+00 0.139282E-02
-.322151E+00 0.166604E+00 0.138930E-02
-.320763E+00 0.166940E+00 0.138579E-02
-.319379E+00 0.167276E+00 0.138231E-02
-.317999E+00 0.167612E+00 0.137886E-02
-.316622E+00 0.167947E+00 0.137543E-02
-.315248E+00 0.168283E+00 0.137202E-02
-.313877E+00 0.168618E+00 0.136863E-02
-.312511E+00 0.168953E+00 0.136527E-02
-.311147E+00 0.169289E+00 0.136193E-02
-.309787E+00 0.169624E+00 0.135861E-02
-.308430E+00 0.169959E+00 0.135532E-02
-.307076E+00 0.170293E+00 0.135205E-02
-.305726E+00 0.170628E+00 0.134880E-02
-.304378E+00 0.170963E+00 0.134557E-02
-.303034E+00 0.171297E+00 0.134236E-02
-.301694E+00 0.171632E+00 0.133918E-02
-.300356E+00 0.171966E+00 0.133602E-02
-.299022E+00 0.172301E+00 0.133288E-02
-.297690E+00 0.172635E+00 0.132976E-02
-.296362E+00 0.172969E+00 0.132666E-02
-.295037E+00 0.173303E+00 0.132358E-02
-.293715E+00 0.173637E+00 0.132052E-02
-.292396E+00 0.173970E+00 0.131749E-02
-.291080E+00 0.174304E+00 0.131447E-02
-.289767E+00 0.174638E+00 0.131148E-02
-.288457E+00 0.174971E+00 0.130850E-02
-.287150E+00 0.175305E+00 0.130555E-02
-.285846E+00 0.175638E+00 0.130261E-02
-.284545E+00 0.175971E+00 0.129970E-02
-.283247E+00 0.176305E+00 0.129680E-02
-.281951E+00 0.176638E+00 0.129393E-02
-.280659E+00 0.176971E+00 0.129107E-02
-.279369E+00 0.177304E+00 0.128824E-02
-.278082E+00 0.177637E+00 0.128542E-02
-.276798E+00 0.177969E+00 0.128262E-02
-.275517E+00 0.178302E+00 0.127984E-02
-.274238E+00 0.178635E+00 0.127708E-02
-.272963E+00 0.178967E+00 0.127434E-02
-.271690E+00 0.179300E+00 0.127162E-02
-.270419E+00 0.179632E+00 0.126892E-02
-.269152E+00 0.179965E+00 0.126623E-02
-.267887E+00 0.180297E+00 0.126356E-02
-.266625E+00 0.180629E+00 0.126091E-02
-.265365E+00 0.180961E+00 0.125828E-02
-.264108E+00 0.181294E+00 0.125567E-02
-.262854E+00 0.181626E+00 0.125307E-02
-.261602E+00 0.181958E+00 0.125049E-02
-.260353E+00 0.182290E+00 0.124793E-02
-.259106E+00 0.182622E+00 0.124539E-02
-.257862E+00 0.182953E+00 0.124286E-02
-.256620E+00 0.183285E+00 0.124036E-02
-.255381E+00 0.183617E+00 0.123786E-02
-.254145E+00 0.183949E+00 0.123539E-02
-.252911E+00 0.184280E+00 0.123293E-02
-.251679E+00 0.184612E+00 0.123049E-02
-.250450E+00 0.184943E+00 0.122807E-02
-.249223E+00 0.185275E+00 0.122566E-02
-.247998E+00 0.185606E+00 0.122327E-02
-.246776E+00 0.185938E+00 0.122090E-02
-.245556E+00 0.186269E+00 0.121854E-02
-.244339E+00 0.186600E+00 0.121620E-02
-.243124E+00 0.186932E+00 0.121387E-02
-.241911E+00 0.187263E+00 0.121156E-02
-.240701E+00 0.187594E+00 0.120927E-02
-.239493E+00 0.187925E+00 0.120699E-02
-.238287E+00 0.188256E+00 0.120472E-02
-.237083E+00 0.188588E+00 0.120248E-02
-.235882E+00 0.188919E+00 0.120025E-02
-.234683E+00 0.189250E+00 0.119803E-02
-.233486E+00 0.189581E+00 0.119583E-02
-.232291E+00 0.189912E+00 0.119365E-02
-.231099E+00 0.190243E+00 0.119147E-02
-.229908E+00 0.190574E+00 0.118932E-02
-.228720E+00 0.190905E+00 0.118718E-02
-.227534E+00 0.191236E+00 0.118505E-02
-.226350E+00 0.191566E+00 0.118294E-02
-.225168E+00 0.191897E+00 0.118085E-02
-.223988E+00 0.192228E+00 0.117877E-02
-.222810E+00 0.192559E+00 0.117670E-02
-.221635E+00 0.192890E+00 0.117465E-02
-.220461E+00 0.193221E+00 0.117261E-02
-.219290E+00 0.193551E+00 0.117059E-02
-.218120E+00 0.193882E+00 0.116858E-02
-.216952E+00 0.194213E+00 0.116658E-02
-.215787E+00 0.194544E+00 0.116460E-02
-.214623E+00 0.194875E+00 0.116264E-02
-.213462E+00 0.195205E+00 0.116068E-02
-.212302E+00 0.195536E+00 0.115875E-02
-.211144E+00 0.195867E+00 0.115682E-02
-.209988E+00 0.196198E+00 0.115491E-02
-.208834E+00 0.196528E+00 0.115301E-02
-.207682E+00 0.196859E+00 0.115113E-02
-.206532E+00 0.197190E+00 0.114926E-02
-.205384E+00 0.197521E+00 0.114740E-02
-.204237E+00 0.197851E+00 0.114555E-02
-.203092E+00 0.198182E+00 0.114372E-02
-.201950E+00 0.198513E+00 0.114190E-02
-.200809E+00 0.198844E+00 0.114010E-02
-.199669E+00 0.199175E+00 0.113831E-02
-.198532E+00 0.199505E+00 0.113653E-02
-.197396E+00 0.199836E+00 0.113476E-02
-.196263E+00 0.200167E+00 0.113301E-02
-.195130E+00 0.200498E+00 0.113127E-02
-.194000E+00 0.200829E+00 0.112954E-02
-.192871E+00 0.201160E+00 0.112783E-02
-.191744E+00 0.201491E+00 0.112613E-02
-.190619E+00 0.201822E+00 0.112444E-02
-.189495E+00 0.202153E+00 0.112276E-02
-.188374E+00 0.202484E+00 0.112110E-02
-.187253E+00 0.202815E+00 0.111944E-02
-.186135E+00 0.203146E+00 0.111780E-02
-.185018E+00 0.203477E+00 0.111617E-02
-.183902E+00 0.203808E+00 0.111456E-02
-.182789E+00 0.204139E+00 0.111295E-02
-.181676E+00 0.204471E+00 0.111136E-02
-.180566E+00 0.204802E+00 0.110978E-02
-.179457E+00 0.205133E+00 0.110822E-02
-.178349E+00 0.205464E+00 0.110666E-02
-.177243E+00 0.205796E+00 0.110512E-02
-.176139E+00 0.206127E+00 0.110358E-02
-.175036E+00 0.206459E+00 0.110206E-02
-.173935E+00 0.206790E+00 0.110055E-02
-.172835E+00 0.207122E+00 0.109905E-02
-.171737E+00 0.207453E+00 0.109757E-02
-.170640E+00 0.207785E+00 0.109609E-02
-.169545E+00 0.208117E+00 0.109463E-02
-.168451E+00 0.208448E+00 0.109318E-02
-.167358E+00 0.208780E+00 0.109174E-02
-.166267E+00 0.209112E+00 0.109031E-02
-.165178E+00 0.209444E+00 0.108889E-02
-.164090E+00 0.209776E+00 0.108748E-02
-.163003E+00 0.210108E+00 0.108609E-02
-.161917E+00 0.210440E+00 0.108470E-02
-.160833E+00 0.210772E+00 0.108333E-02
-.159751E+00 0.211104E+00 0.108197E-02
-.158669E+00 0.211437E+00 0.108061E-02
-.157589E+00 0.211769E+00 0.107927E-02
-.156511E+00 0.212101E+00 0.107794E-02
-.155434E+00 0.212434E+00 0.107662E-02
-.154358E+00 0.212766E+00 0.107531E-02
-.153283E+00 0.213099E+00 0.107401E-02
-.152210E+00 0.213432E+00 0.107273E-02
-.151137E+00 0.213765E+00 0.107145E-02
-.150067E+00 0.214097E+00 0.107018E-02
-.148997E+00 0.214430E+00 0.106893E-02
-.147929E+00 0.214763E+00 0.106768E-02
-.146862E+00 0.215097E+00 0.106645E-02
-.145796E+00 0.215430E+00 0.106522E-02
-.144731E+00 0.215763E+00 0.106401E-02
-.143668E+00 0.216096E+00 0.106280E-02
-.142606E+00 0.216430E+00 0.106161E-02
-.141545E+00 0.216763E+00 0.106042E-02
-.140485E+00 0.217097E+00 0.105925E-02
-.139426E+00 0.217431E+00 0.105809E-02
-.138369E+00 0.217765E+00 0.105693E-02
-.137312E+00 0.218098E+00 0.105579E-02
-.136257E+00 0.218432E+00 0.105466E-02
-.135203E+00 0.218767E+00 0.105353E-02
-.134150E+00 0.219101E+00 0.105242E-02
-.133098E+00 0.219435E+00 0.105131E-02
-.132047E+00 0.219769E+00 0.105022E-02
-.130998E+00 0.220104E+00 0.104914E-02
-.129949E+00 0.220439E+00 0.104806E-02
-.128902E+00 0.220773E+00 0.104700E-02
-.127855E+00 0.221108E+00 0.104594E-02
-.126810E+00 0.221443E+00 0.104490E-02
-.125765E+00 0.221778E+00 0.104386E-02
-.124722E+00 0.222113E+00 0.104283E-02
-.123680E+00 0.222449E+00 0.104182E-02
-.122638E+00 0.222784E+00 0.104081E-02
-.121598E+00 0.223120E+00 0.103981E-02
-.120559E+00 0.223455E+00 0.103882E-02
-.119520E+00 0.223791E+00 0.103785E-02
-.118483E+00 0.224127E+00 0.103688E-02
-.117447E+00 0.224463E+00 0.103592E-02
-.116411E+00 0.224799E+00 0.103496E-02
-.115377E+00 0.225135E+00 0.103402E-02
-.114343E+00 0.225472E+00 0.103309E-02
-.113310E+00 0.225808E+00 0.103217E-02
-.112279E+00 0.226145E+00 0.103125E-02
-.111248E+00 0.226482E+00 0.103035E-02
-.110218E+00 0.226819E+00 0.102945E-02
-.109189E+00 0.227156E+00 0.102857E-02
-.108161E+00 0.227493E+00 0.102769E-02
-.107134E+00 0.227830E+00 0.102682E-02
-.106107E+00 0.228168E+00 0.102596E-02
-.105082E+00 0.228505E+00 0.102511E-02
-.104057E+00 0.228843E+00 0.102427E-02
-.103033E+00 0.229181E+00 0.102344E-02
-.102010E+00 0.229519E+00 0.102261E-02
-.100988E+00 0.229858E+00 0.102180E-02
-.999666E-01 0.230196E+00 0.102099E-02
-.989460E-01 0.230534E+00 0.102019E-02
-.979262E-01 0.230873E+00 0.101941E-02
-.969072E-01 0.231212E+00 0.101863E-02
-.958889E-01 0.231551E+00 0.101786E-02
-.948715E-01 0.231890E+00 0.101709E-02
-.938547E-01 0.232230E+00 0.101634E-02
-.928388E-01 0.232569E+00 0.101559E-02
-.918236E-01 0.232909E+00 0.101486E-02
-.908091E-01 0.233248E+00 0.101413E-02
-.897953E-01 0.233588E+00 0.101341E-02
-.887822E-01 0.233929E+00 0.101270E-02
-.877699E-01 0.234269E+00 0.101200E-02
-.867582E-01 0.234610E+00 0.101131E-02
-.857473E-01 0.234950E+00 0.101062E-02
-.847370E-01 0.235291E+00 0.100994E-02
-.837274E-01 0.235632E+00 0.100928E-02
-.827184E-01 0.235973E+00 0.100862E-02
-.817101E-01 0.236315E+00 0.100797E-02
-.807025E-01 0.236656E+00 0.100732E-02
-.796955E-01 0.236998E+00 0.100669E-02
-.786891E-01 0.237340E+00 0.100606E-02
-.776834E-01 0.237682E+00 0.100545E-02
-.766782E-01 0.238025E+00 0.100484E-02
-.756737E-01 0.238367E+00 0.100424E-02
-.746697E-01 0.238710E+00 0.100364E-02
-.736664E-01 0.239053E+00 0.100306E-02
-.726636E-01 0.239396E+00 0.100248E-02
-.716614E-01 0.239739E+00 0.100191E-02
-.706598E-01 0.240083E+00 0.100135E-02
-.696587E-01 0.240426E+00 0.100080E-02
-.686582E-01 0.240770E+00 0.100026E-02
-.676582E-01 0.241114E+00 0.999724E-03
-.666587E-01 0.241459E+00 0.999197E-03
-.656598E-01 0.241803E+00 0.998678E-03
-.646614E-01 0.242148E+00 0.998167E-03
-.636635E-01 0.242493E+00 0.997664E-03
-.626660E-01 0.242838E+00 0.997169E-03
-.616691E-01 0.243184E+00 0.996682E-03
-.606727E-01 0.243529E+00 0.996204E-03
-.596767E-01 0.243875E+00 0.995733E-03
-.586812E-01 0.244221E+00 0.995270E-03
-.576862E-01 0.244567E+00 0.994816E-03
-.566916E-01 0.244914E+00 0.994369E-03
-.556974E-01 0.245261E+00 0.993930E-03
-.547037E-01 0.245608E+00 0.993499E-03
-.537104E-01 0.245955E+00 0.993076E-03
-.527176E-01 0.246302E+00 0.992661E-03
-.517251E-01 0.246650E+00 0.992254E-03
-.507330E-01 0.246998E+00 0.991855E-03
-.497414E-01 0.247346E+00 0.991464E-03
-.487501E-01 0.247694E+00 0.991081E-03
-.477592E-01 0.248043E+00 0.990705E-03
-.467687E-01 0.248392E+00 0.990337E-03
-.457785E-01 0.248741E+00 0.989977E-03
-.447887E-01 0.249090E+00 0.989625E-03
-.437993E-01 0.249440E+00 0.989281E-03
-.428102E-01 0.249790E+00 0.988945E-03
-.418214E-01 0.250140E+00 0.988616E-03
-.408329E-01 0.250490E+00 0.988295E-03
-.398448E-01 0.250841E+00 0.987982E-03
-.388570E-01 0.251191E+00 0.987677E-03
-.378695E-01 0.251543E+00 0.987379E-03
-.368822E-01 0.251894E+00 0.987090E-03
-.358953E-01 0.252246E+00 0.986808E-03
-.349086E-01 0.252597E+00 0.986533E-03
-.339222E-01 0.252950E+00 0.986267E-03
-.329361E-01 0.253302E+00 0.986008E-03
-.319502E-01 0.253655E+00 0.985756E-03
-.309645E-01 0.254008E+00 0.985513E-03
-.299792E-01 0.254361E+00 0.985277E-03
-.289940E-01 0.254715E+00 0.985049E-03
-.280091E-01 0.255068E+00 0.984828E-03
-.270243E-01 0.255422E+00 0.984616E-03
-.260398E-01 0.255777E+00 0.984411E-03
-.250555E-01 0.256131E+00 0.984213E-03
-.240714E-01 0.256486E+00 0.984023E-03
-.230875E-01 0.256842E+00 0.983841E-03
-.221037E-01 0.257197E+00 0.983666E-03
-.211201E-01 0.257553E+00 0.983499E-03
-.201367E-01 0.257909E+00 0.983340E-03
-.191534E-01 0.258265E+00 0.983188E-03
-.181703E-01 0.258622E+00 0.983044E-03
-.171874E-01 0.258979E+00 0.982908E-03
-.162045E-01 0.259336E+00 0.982779E-03
-.152218E-01 0.259694E+00 0.982658E-03
-.142392E-01 0.260052E+00 0.982544E-03
-.132567E-01 0.260410E+00 0.982438E-03
-.122743E-01 0.260769E+00 0.982339E-03
-.112920E-01 0.261127E+00 0.982248E-03
-.103098E-01 0.261486E+00 0.982165E-03
-.932769E-02 0.261846E+00 0.982089E-03
-.834563E-02 0.262206E+00 0.982021E-03
-.736364E-02 0.262566E+00 0.981961E-03
-.638171E-02 0.262926E+00 0.981908E-03
-.539982E-02 0.263287E+00 0.981862E-03
-.441798E-02 0.263648E+00 0.981824E-03
-.343617E-02 0.264009E+00 0.981794E-03
-.245439E-02 0.264371E+00 0.981771E-03
-.147263E-02 0.264733E+00 0.981756E-03
-.490874E-03 0.265095E+00 0.981749E-03
0.490874E-03 0.265458E+00 0.981749E-03
0.147263E-02 0.265821E+00 0.981756E-03
0.245439E-02 0.266185E+00 0.981771E-03
0.343617E-02 0.266548E+00 0.981794E-03
0.441798E-02 0.266912E+00 0.981824E-03
0.539982E-02 0.267277E+00 0.981862E-03
0.638171E-02 0.267641E+00 0.981908E-03
0.736364E-02 0.268007E+00 0.981961E-03
0.834563E-02 0.268372E+00 0.982021E-03
0.932769E-02 0.268738E+00 0.982089E-03
0.103098E-01 0.269104E+00 0.982165E-03
0.112920E-01 0.269470E+00 0.982248E-03
0.122743E-01 0.269837E+00 0.982339E-03
0.132567E-01 0.270205E+00 0.982438E-03
0.142392E-01 0.270572E+00 0.982544E-03
0.152218E-01 0.270940E+00 0.982658E-03
0.162045E-01 0.271308E+00 0.982779E-03
0.171874E-01 0.271677E+00 0.982908E-03
0.181703E-01 0.272046E+00 0.983044E-03
0.191534E-01 0.272416E+00 0.983188E-03
0.201367E-01 0.272785E+00 0.983340E-03
0.211201E-01 0.273156E+00 0.983499E-03
0.221037E-01 0.273526E+00 0.983666E-03
0.230875E-01 0.273897E+00 0.983841E-03
0.240714E-01 0.274269E+00 0.984023E-03
0.250555E-01 0.274640E+00 0.984213E-03
0.260398E-01 0.275012E+00 0.984411E-03
0.270243E-01 0.275385E+00 0.984616E-03
0.280091E-01 0.275758E+00 0.984828E-03
0.289940E-01 0.276131E+00 0.985049E-03
0.299792E-01 0.276505E+00 0.985277E-03
0.309645E-01 0.276879E+00 0.985513E-03
0.319502E-01 0.277253E+00 0.985756E-03
0.329361E-01 0.277628E+00 0.986008E-03
0.339222E-01 0.278004E+00 0.986267E-03
0.349086E-01 0.278379E+00 0.986533E-03
0.358953E-01 0.278755E+00 0.986808E-03
0.368822E-01 0.279132E+00 0.987090E-03
0.378695E-01 0.279509E+00 0.987379E-03
0.388570E-01 0.279886E+00 0.987677E-03
0.398448E-01 0.280264E+00 0.987982E-03
0.408329E-01 0.280642E+00 0.988295E-03
0.418214E-01 0.281021E+00 0.988616E-03
0.428102E-01 0.281400E+00 0.988945E-03
0.437993E-01 0.281780E+00 0.989281E-03
0.447887E-01 0.282159E+00 0.989625E-03
0.457785E-01 0.282540E+00 0.989977E-03
0.467687E-01 0.282921E+00 0.990337E-03
0.477592E-01 0.283302E+00 0.990705E-03
0.487501E-01 0.283684E+00 0.991081E-03
0.497414E-01 0.284066E+00 0.991464E-03
0.507330E-01 0.284448E+00 0.991855E-03
0.517251E-01 0.284831E+00 0.992254E-03
0.527176E-01 0.285215E+00 0.992661E-03
0.537104E-01 0.285599E+00 0.993076E-03
0.547037E-01 0.285983E+00 0.993499E-03
0.556974E-01 0.286368E+00 0.993930E-03
0.566916E-01 0.286753E+00 0.994369E-03
0.576862E-01 0.287139E+00 0.994816E-03
0.586812E-01 0.287525E+00 0.995270E-03
0.596767E-01 0.287912E+00 0.995733E-03
0.606727E-01 0.288299E+00 0.996204E-03
0.616691E-01 0.288686E+00 0.996682E-03
0.626660E-01 0.289075E+00 0.997169E-03
0.636635E-01 0.289463E+00 0.997664E-03
0.646614E-01 0.289852E+00 0.998167E-03
0.656598E-01 0.290242E+00 0.998678E-03
0.666587E-01 0.290632E+00 0.999197E-03
0.676582E-01 0.291022E+00 0.999724E-03
0.686582E-01 0.291413E+00 0.100026E-02
0.696587E-01 0.291805E+00 0.100080E-02
0.706598E-01 0.292197E+00 0.100135E-02
0.716614E-01 0.292589E+00 0.100191E-02
0.726636E-01 0.292982E+00 0.100248E-02
0.736664E-01 0.293375E+00 0.100306E-02
0.746697E-01 0.293769E+00 0.100364E-02
0.756737E-01 0.294164E+00 0.100424E-02
0.766782E-01 0.294559E+00 0.100484E-02
0.776834E-01 0.294954E+00 0.100545E-02
0.786891E-01 0.295350E+00 0.100606E-02
0.796955E-01 0.295747E+00 0.100669E-02
0.807025E-01 0.296144E+00 0.100732E-02
0.817101E-01 0.296541E+00 0.100797E-02
0.827184E-01 0.296939E+00 0.100862E-02
0.837274E-01 0.297338E+00 0.100928E-02
0.847370E-01 0.297737E+00 0.100994E-02
0.857473E-01 0.298137E+00 0.101062E-02
0.867582E-01 0.298537E+00 0.101131E-02
0.877699E-01 0.298937E+00 0.101200E-02
0.887822E-01 0.299339E+00 0.101270E-02
0.897953E-01 0.299741E+00 0.101341E-02
0.908091E-01 0.300143E+00 0.101413E-02
0.918236E-01 0.300546E+00 0.101486E-02
0.928388E-01 0.300949E+00 0.101559E-02
0.938547E-01 0.301353E+00 0.101634E-02
0.948715E-01 0.301758E+00 0.101709E-02
0.958889E-01 0.302163E+00 0.101786E-02
0.969072E-01 0.302568E+00 0.101863E-02
0.979262E-01 0.302975E+00 0.101941E-02
0.989460E-01 0.303381E+00 0.102019E-02
0.999666E-01 0.303789E+00 0.102099E-02
0.100988E+00 0.304196E+00 0.102180E-02
0.102010E+00 0.304605E+00 0.102261E-02
0.103033E+00 0.305014E+00 0.102344E-02
0.104057E+00 0.305424E+00 0.102427E-02
0.105082E+00 0.305834E+00 0.102511E-02
0.106107E+00 0.306245E+00 0.102596E-02
0.107134E+00 0.306656E+00 0.102682E-02
0.108161E+00 0.307068E+00 0.102769E-02
0.109189E+00 0.307480E+00 0.102857E-02
0.110218E+00 0.307894E+00 0.102945E-02
0.111248E+00 0.308307E+00 0.103035E-02
0.112279E+00 0.308722E+00 0.103125E-02
0.113310E+00 0.309136E+00 0.103217E-02
0.114343E+00 0.309552E+00 0.103309E-02
0.115377E+00 0.309968E+00 0.103402E-02
0.116411E+00 0.310385E+00 0.103496E-02
0.117447E+00 0.310802E+00 0.103592E-02
0.118483E+00 0.311220E+00 0.103688E-02
0.119520E+00 0.311639E+00 0.103785E-02
0.120559E+00 0.312058E+00 0.103882E-02
0.121598E+00 0.312478E+00 0.103981E-02
0.122638E+00 0.312898E+00 0.104081E-02
0.123680E+00 0.313319E+00 0.104182E-02
0.124722E+00 0.313741E+00 0.104283E-02
0.125765E+00 0.314163E+00 0.104386E-02
0.126810E+00 0.314586E+00 0.104490E-02
0.127855E+00 0.315010E+00 0.104594E-02
0.128902E+00 0.315434E+00 0.104700E-02
0.129949E+00 0.315859E+00 0.104806E-02
0.130998E+00 0.316285E+00 0.104914E-02
0.132047E+00 0.316711E+00 0.105022E-02
0.133098E+00 0.317138E+00 0.105131E-02
0.134150E+00 0.317565E+00 0.105242E-02
0.135203E+00 0.317993E+00 0.105353E-02
0.136257E+00 0.318422E+00 0.105466E-02
0.137312E+00 0.318852E+00 0.105579E-02
0.138369E+00 0.319282E+00 0.105693E-02
0.139426E+00 0.319713E+00 0.105809E-02
0.140485E+00 0.320144E+00 0.105925E-02
0.141545E+00 0.320576E+00 0.106042E-02
0.142606E+00 0.321009E+00 0.106161E-02
0.143668E+00 0.321443E+00 0.106280E-02
0.144731E+00 0.321877E+00 0.106401E-02
0.145796E+00 0.322312E+00 0.106522E-02
0.146862E+00 0.322747E+00 0.106645E-02
0.147929E+00 0.323184E+00 0.106768E-02
0.148997E+00 0.323621E+00 0.106893E-02
0.150067E+00 0.324058E+00 0.107018E-02
0.151137E+00 0.324497E+00 0.107145E-02
0.152210E+00 0.324936E+00 0.107273E-02
0.153283E+00 0.325376E+00 0.107401E-02
0.154358E+00 0.325816E+00 0.107531E-02
0.155434E+00 0.326257E+00 0.107662E-02
0.156511E+00 0.326699E+00 0.107794E-02
0.157589E+00 0.327142E+00 0.107927E-02
0.158669E+00 0.327585E+00 0.108061E-02
0.159751E+00 0.328029E+00 0.108197E-02
0.160833E+00 0.328474E+00 0.108333E-02
0.161917E+00 0.328920E+00 0.108470E-02
0.163003E+00 0.329366E+00 0.108609E-02
0.164090E+00 0.329813E+00 0.108748E-02
0.165178E+00 0.330261E+00 0.108889E-02
0.166267E+00 0.330709E+00 0.109031E-02
0.167358E+00 0.331158E+00 0.109174E-02
0.168451E+00 0.331608E+00 0.109318E-02
0.169545E+00 0.332059E+00 0.109463E-02
0.170640E+00 0.332511E+00 0.109609E-02
0.171737E+00 0.332963E+00 0.109757E-02
0.172835E+00 0.333416E+00 0.109905E-02
0.173935E+00 0.333870E+00 0.110055E-02
0.175036E+00 0.334324E+00 0.110206E-02
0.176139E+00 0.334780E+00 0.110358E-02
0.177243E+00 0.335236E+00 0.110512E-02
0.178349E+00 0.335693E+00 0.110666E-02
0.179457E+00 0.336150E+00 0.110822E-02
0.180566E+00 0.336609E+00 0.110978E-02
0.181676E+00 0.337068E+00 0.111136E-02
0.182789E+00 0.337528E+00 0.111295E-02
0.183902E+00 0.337988E+00 0.111456E-02
0.185018E+00 0.338450E+00 0.111617E-02
0.186135E+00 0.338912E+00 0.111780E-02
0.187253E+00 0.339376E+00 0.111944E-02
0.188374E+00 0.339840E+00 0.112110E-02
0.189495E+00 0.340304E+00 0.112276E-02
0.190619E+00 0.340770E+00 0.112444E-02
0.191744E+00 0.341236E+00 0.112613E-02
0.192871E+00 0.341703E+00 0.112783E-02
0.194000E+00 0.342171E+00 0.112954E-02
0.195130E+00 0.342640E+00 0.113127E-02
0.196263E+00 0.343110E+00 0.113301E-02
0.197396E+00 0.343580E+00 0.113476E-02
0.198532E+00 0.344052E+00 0.113653E-02
0.199669E+00 0.344524E+00 0.113831E-02
0.200809E+00 0.344997E+00 0.114010E-02
0.201950E+00 0.345471E+00 0.114190E-02
0.203092E+00 0.345945E+00 0.114372E-02
0.204237E+00 0.346421E+00 0.114555E-02
0.205384E+00 0.346897E+00 0.114740E-02
0.206532E+00 0.347374E+00 0.114926E-02
0.207682E+00 0.347852E+00 0.115113E-02
0.208834E+00 0.348331E+00 0.115301E-02
0.209988E+00 0.348811E+00 0.115491E-02
0.211144E+00 0.349291E+00 0.115682E-02
0.212302E+00 0.349773E+00 0.115875E-02
0.213462E+00 0.350255E+00 0.116068E-02
0.214623E+00 0.350738E+00 0.116264E-02
0.215787E+00 0.351222E+00 0.116460E-02
0.216952E+00 0.351707E+00 0.116658E-02
0.218120E+00 0.352193E+00 0.116858E-02
0.219290E+00 0.352680E+00 0.117059E-02
0.220461E+00 0.353167E+00 0.117261E-02
0.221635E+00 0.353656E+00 0.117465E-02
0.222810E+00 0.354145E+00 0.117670E-02
0.223988E+00 0.354635E+00 0.117877E-02
0.225168E+00 0.355126E+00 0.118085E-02
0.226350E+00 0.355618E+00 0.118294E-02
0.227534E+00 0.356111E+00 0.118505E-02
0.228720E+00 0.356605E+00 0.118718E-02
0.229908E+00 0.357100E+00 0.118932E-02
0.231099E+00 0.357596E+00 0.119147E-02
0.232291E+00 0.358092E+00 0.119365E-02
0.233486E+00 0.358590E+00 0.119583E-02
0.234683E+00 0.359088E+00 0.119803E-02
0.235882E+00 0.359587E+00 0.120025E-02
0.237083E+00 0.360087E+00 0.120248E-02
0.238287E+00 0.360589E+00 0.120472E-02
0.239493E+00 0.361091E+00 0.120699E-02
0.240701E+00 0.361594E+00 0.120927E-02
0.241911E+00 0.362098E+00 0.121156E-02
0.243124E+00 0.362602E+00 0.121387E-02
0.244339E+00 0.363108E+00 0.121620E-02
0.245556E+00 0.363615E+00 0.121854E-02
0.246776E+00 0.364123E+00 0.122090E-02
0.247998E+00 0.364631E+00 0.122327E-02
0.249223E+00 0.365141E+00 0.122566E-02
0.250450E+00 0.365651E+00 0.122807E-02
0.251679E+00 0.366163E+00 0.123049E-02
0.252911E+00 0.366675E+00 0.123293E-02
0.254145E+00 0.367189E+00 0.123539E-02
0.255381E+00 0.367703E+00 0.123786E-02
0.256620E+00 0.368218E+00 0.124036E-02
0.257862E+00 0.368735E+00 0.124286E-02
0.259106E+00 0.369252E+00 0.124539E-02
0.260353E+00 0.369770E+00 0.124793E-02
0.261602E+00 0.370289E+00 0.125049E-02
0.262854E+00 0.370809E+00 0.125307E-02
0.264108E+00 0.371331E+00 0.125567E-02
0.265365E+00 0.371853E+00 0.125828E-02
0.266625E+00 0.372376E+00 0.126091E-02
0.267887E+00 0.372900E+00 0.126356E-02
0.269152E+00 0.373425E+00 0.126623E-02
0.270419E+00 0.373951E+00 0.126892E-02
0.271690E+00 0.374478E+00 0.127162E-02
0.272963E+00 0.375006E+00 0.127434E-02
0.274238E+00 0.375535E+00 0.127708E-02
0.275517E+00 0.376065E+00 0.127984E-02
0.276798E+00 0.376596E+00 0.128262E-02
0.278082E+00 0.377128E+00 0.128542E-02
0.279369E+00 0.377661E+00 0.128824E-02
0.280659E+00 0.378195E+00 0.129107E-02
0.281951E+00 0.378730E+00 0.129393E-02
0.283247E+00 0.379266E+00 0.129680E-02
0.284545E+00 0.379803E+00 0.129970E-02
0.285846E+00 0.380341E+00 0.130261E-02
0.287150E+00 0.380880E+00 0.130555E-02
0.288457E+00 0.381420E+00 0.130850E-02
0.289767E+00 0.381961E+00 0.131148E-02
0.291080E+00 0.382504E+00 0.131447E-02
0.292396E+00 0.383047E+00 0.131749E-02
0.293715E+00 0.383591E+00 0.132052E-02
0.295037E+00 0.384136E+00 0.132358E-02
0.296362E+00 0.384682E+00 0.132666E-02
0.297690E+00 0.385229E+00 0.132976E-02
0.299022E+00 0.385778E+00 0.133288E-02
0.300356E+00 0.386327E+00 0.133602E-02
0.301694E+00 0.386877E+00 0.133918E-02
0.303034E+00 0.387428E+00 0.134236E-02
0.304378E+00 0.387981E+00 0.134557E-02
0.305726E+00 0.388534E+00 0.134880E-02
0.307076E+00 0.389088E+00 0.135205E-02
0.308430E+00 0.389644E+00 0.135532E-02
0.309787E+00 0.390200E+00 0.135861E-02
0.311147E+00 0.390758E+00 0.136193E-02
0.312511E+00 0.391316E+00 0.136527E-02
0.313877E+00 0.391876E+00 0.136863E-02
0.315248E+00 0.392437E+00 0.137202E-02
0.316622E+00 0.392998E+00 0.137543E-02
0.317999E+00 0.393561E+00 0.137886E-02
0.319379E+00 0.394125E+00 0.138231E-02
0.320763E+00 0.394689E+00 0.138579E-02
0.322151E+00 0.395255E+00 0.138930E-02
0.323542E+00 0.395822E+00 0.139282E-02
0.324936E+00 0.396390E+00 0.139637E-02
0.326335E+00 0.396959E+00 0.139995E-02
0.327736E+00 0.397528E+00 0.140355E-02
0.329142E+00 0.398099E+00 0.140718E-02
0.330551E+00 0.398671E+00 0.141083E-02
0.331963E+00 0.399244E+00 0.141450E-02
0.333380E+00 0.399818E+00 0.141820E-02
0.334800E+00 0.400394E+00 0.142193E-02
0.336224E+00 0.400970E+00 0.142568E-02
0.337651E+00 0.401547E+00 0.142946E-02
0.339083E+00 0.402125E+00 0.143326E-02
0.340518E+00 0.402704E+00 0.143709E-02
0.341957E+00 0.403284E+00 0.144095E-02
0.343400E+00 0.403866E+00 0.144483E-02
0.344846E+00 0.404448E+00 0.144874E-02
0.346297E+00 0.405031E+00 0.145268E-02
0.347752E+00 0.405616E+00 0.145664E-02
0.349210E+00 0.406201E+00 0.146064E-02
0.350673E+00 0.406787E+00 0.146466E-02
0.352140E+00 0.407375E+00 0.146870E-02
0.353610E+00 0.407963E+00 0.147278E-02
0.355085E+00 0.408553E+00 0.147688E-02
0.356564E+00 0.409143E+00 0.148102E-02
0.358047E+00 0.409735E+00 0.148518E-02
0.359535E+00 0.410327E+00 0.148937E-02
0.361026E+00 0.410921E+00 0.149359E-02
0.362522E+00 0.411515E+00 0.149784E-02
0.364022E+00 0.412111E+00 0.150212E-02
0.365526E+00 0.412707E+00 0.150643E-02
0.367035E+00 0.413304E+00 0.151077E-02
0.368548E+00 0.413903E+00 0.151514E-02
0.370065E+00 0.414502E+00 0.151954E-02
0.371587E+00 0.415103E+00 0.152397E-02
0.373113E+00 0.415704E+00 0.152844E-02
0.374644E+00 0.416307E+00 0.153293E-02
0.376179E+00 0.416910E+00 0.153746E-02
0.377719E+00 0.417514E+00 0.154202E-02
0.379263E+00 0.418119E+00 0.154661E-02
0.380812E+00 0.418726E+00 0.155123E-02
0.382365E+00 0.419333E+00 0.155589E-02
0.383924E+00 0.419941E+00 0.156058E-02
0.385486E+00 0.420550E+00 0.156530E-02
0.387054E+00 0.421160E+00 0.157005E-02
0.388627E+00 0.421771E+00 0.157484E-02
0.390204E+00 0.422383E+00 0.157967E-02
0.391786E+00 0.422995E+00 0.158453E-02
0.393373E+00 0.423609E+00 0.158942E-02
0.394965E+00 0.424224E+00 0.159435E-02
0.396562E+00 0.424839E+00 0.159931E-02
0.398163E+00 0.425456E+00 0.160431E-02
0.399770E+00 0.426073E+00 0.160934E-02
0.401382E+00 0.426691E+00 0.161442E-02
0.402999E+00 0.427310E+00 0.161952E-02
0.404621E+00 0.427930E+00 0.162467E-02
0.406248E+00 0.428551E+00 0.162985E-02
0.407881E+00 0.429172E+00 0.163507E-02
0.409519E+00 0.429794E+00 0.164033E-02
0.411162E+00 0.430418E+00 0.164562E-02
0.412810E+00 0.431042E+00 0.165095E-02
0.414463E+00 0.431667E+00 0.165633E-02
0.416123E+00 0.432292E+00 0.166174E-02
0.417787E+00 0.432919E+00 0.166719E-02
0.419457E+00 0.433546E+00 0.167268E-02
0.421132E+00 0.434174E+00 0.167821E-02
0.422813E+00 0.434803E+00 0.168378E-02
0.424500E+00 0.435432E+00 0.168939E-02
0.426192E+00 0.436062E+00 0.169505E-02
0.427890E+00 0.436693E+00 0.170074E-02
0.429594E+00 0.437325E+00 0.170648E-02
0.431303E+00 0.437957E+00 0.171226E-02
0.433018E+00 0.438590E+00 0.171808E-02
0.434739E+00 0.439224E+00 0.172394E-02
0.436466E+00 0.439859E+00 0.172985E-02
0.438199E+00 0.440494E+00 0.173580E-02
0.439938E+00 0.441129E+00 0.174180E-02
0.441682E+00 0.441766E+00 0.174784E-02
0.443433E+00 0.442403E+00 0.175392E-02
0.445190E+00 0.443040E+00 0.176006E-02
0.446953E+00 0.443678E+00 0.176623E-02
0.448723E+00 0.444317E+00 0.177246E-02
0.450498E+00 0.444956E+00 0.177873E-02
0.452280E+00 0.445596E+00 0.178504E-02
0.454069E+00 0.446236E+00 0.179141E-02
0.455863E+00 0.446877E+00 0.179782E-02
0.457664E+00 0.447518E+00 0.180428E-02
0.459472E+00 0.448159E+00 0.181079E-02
0.461286E+00 0.448801E+00 0.181735E-02
0.463106E+00 0.449444E+00 0.182396E-02
0.464934E+00 0.450087E+00 0.183062E-02
0.466768E+00 0.450730E+00 0.183733E-02
0.468608E+00 0.451374E+00 0.184409E-02
0.470456E+00 0.452017E+00 0.185090E-02
0.472310E+00 0.452662E+00 0.185777E-02
0.474171E+00 0.453306E+00 0.186469E-02
0.476040E+00 0.453951E+00 0.187166E-02
0.477915E+00 0.454596E+00 0.187868E-02
0.479797E+00 0.455241E+00 0.188576E-02
0.481686E+00 0.455887E+00 0.189289E-02
0.483583E+00 0.456532E+00 0.190008E-02
0.485486E+00 0.457178E+00 0.190733E-02
0.487397E+00 0.457824E+00 0.191463E-02
0.489316E+00 0.458470E+00 0.192199E-02
0.491241E+00 0.459116E+00 0.192940E-02
0.493175E+00 0.459762E+00 0.193688E-02
0.495115E+00 0.460408E+00 0.194441E-02
0.497063E+00 0.461054E+00 0.195200E-02
0.499019E+00 0.461700E+00 0.195965E-02
0.500983E+00 0.462346E+00 0.196736E-02
0.502954E+00 0.462992E+00 0.197513E-02
0.504933E+00 0.463638E+00 0.198296E-02
0.506920E+00 0.464283E+00 0.199086E-02
0.508915E+00 0.464928E+00 0.199882E-02
0.510918E+00 0.465573E+00 0.200684E-02
0.512928E+00 0.466218E+00 0.201492E-02
0.514947E+00 0.466863E+00 0.202307E-02
0.516975E+00 0.467507E+00 0.203129E-02
0.519010E+00 0.468150E+00 0.203957E-02
0.521054E+00 0.468793E+00 0.204791E-02
0.523106E+00 0.469436E+00 0.205633E-02
0.525166E+00 0.470079E+00 0.206481E-02
0.527236E+00 0.470720E+00 0.207336E-02
0.529313E+00 0.471361E+00 0.208198E-02
0.531400E+00 0.472002E+00 0.209067E-02
0.533495E+00 0.472642E+00 0.209943E-02
0.535598E+00 0.473281E+00 0.210827E-02
0.537711E+00 0.473919E+00 0.211717E-02
0.539833E+00 0.474556E+00 0.212615E-02
0.541963E+00 0.475193E+00 0.213520E-02
0.544103E+00 0.475829E+00 0.214433E-02
0.546252E+00 0.476464E+00 0.215353E-02
0.548410E+00 0.477097E+00 0.216281E-02
0.550578E+00 0.477730E+00 0.217216E-02
0.552755E+00 0.478362E+00 0.218159E-02
0.554941E+00 0.478992E+00 0.219110E-02
0.557137E+00 0.479621E+00 0.220069E-02
0.559342E+00 0.480249E+00 0.221036E-02
0.561558E+00 0.480876E+00 0.222011E-02
0.563783E+00 0.481501E+00 0.222995E-02
0.566018E+00 0.482125E+00 0.223986E-02
0.568262E+00 0.482747E+00 0.224986E-02
0.570517E+00 0.483368E+00 0.225994E-02
0.572782E+00 0.483987E+00 0.227011E-02
0.575058E+00 0.484604E+00 0.228037E-02
0.577343E+00 0.485219E+00 0.229071E-02
0.579639E+00 0.485833E+00 0.230114E-02
0.581945E+00 0.486445E+00 0.231166E-02
0.584262E+00 0.487055E+00 0.232228E-02
0.586590E+00 0.487663E+00 0.233298E-02
0.588928E+00 0.488268E+00 0.234377E-02
0.591278E+00 0.488872E+00 0.235466E-02
0.593638E+00 0.489473E+00 0.236564E-02
0.596009E+00 0.490072E+00 0.237672E-02
0.598391E+00 0.490668E+00 0.238789E-02
0.600785E+00 0.491262E+00 0.239916E-02
0.603190E+00 0.491854E+00 0.241053E-02
0.605606E+00 0.492443E+00 0.242200E-02
0.608034E+00 0.493029E+00 0.243358E-02
0.610473E+00 0.493612E+00 0.244525E-02
0.612924E+00 0.494192E+00 0.245702E-02
0.615387E+00 0.494769E+00 0.246890E-02
0.617862E+00 0.495343E+00 0.248089E-02
0.620349E+00 0.495914E+00 0.249298E-02
0.622848E+00 0.496482E+00 0.250518E-02
0.625359E+00 0.497046E+00 0.251749E-02
0.627883E+00 0.497606E+00 0.252991E-02
0.630419E+00 0.498164E+00 0.254244E-02
0.632968E+00 0.498717E+00 0.255509E-02
0.635529E+00 0.499266E+00 0.256785E-02
0.638104E+00 0.499812E+00 0.258073E-02
0.640691E+00 0.500354E+00 0.259372E-02
0.643291E+00 0.500891E+00 0.260683E-02
0.645905E+00 0.501424E+00 0.262006E-02
0.648531E+00 0.501953E+00 0.263341E-02
0.651171E+00 0.502478E+00 0.264689E-02
0.653825E+00 0.502997E+00 0.266049E-02
0.656492E+00 0.503512E+00 0.267421E-02
0.659174E+00 0.504023E+00 0.268806E-02
0.661869E+00 0.504528E+00 0.270204E-02
0.664578E+00 0.505028E+00 0.271616E-02
0.667301E+00 0.505523E+00 0.273040E-02
0.670039E+00 0.506012E+00 0.274478E-02
0.672791E+00 0.506496E+00 0.275929E-02
0.675557E+00 0.506974E+00 0.277394E-02
0.678338E+00 0.507447E+00 0.278873E-02
0.681135E+00 0.507913E+00 0.280365E-02
0.683946E+00 0.508374E+00 0.281872E-02
0.686772E+00 0.508828E+00 0.283394E-02
0.689614E+00 0.509275E+00 0.284930E-02
0.692471E+00 0.509716E+00 0.286480E-02
0.695343E+00 0.510151E+00 0.288046E-02
0.698232E+00 0.510578E+00 0.289626E-02
0.701136E+00 0.510999E+00 0.291222E-02
0.704056E+00 0.511412E+00 0.292834E-02
0.706993E+00 0.511818E+00 0.294461E-02
0.709945E+00 0.512216E+00 0.296104E-02
0.712915E+00 0.512606E+00 0.297763E-02
0.715901E+00 0.512989E+00 0.299439E-02
0.718904E+00 0.513363E+00 0.301130E-02
0.721923E+00 0.513729E+00 0.302839E-02
0.724960E+00 0.514087E+00 0.304565E-02
0.728015E+00 0.514435E+00 0.306307E-02
0.731087E+00 0.514775E+00 0.308068E-02
0.734176E+00 0.515106E+00 0.309845E-02
0.737284E+00 0.515427E+00 0.311641E-02
0.740409E+00 0.515739E+00 0.313455E-02
0.743553E+00 0.516041E+00 0.315287E-02
0.746715E+00 0.516333E+00 0.317137E-02
0.749896E+00 0.516615E+00 0.319007E-02
0.753095E+00 0.516887E+00 0.320895E-02
0.756314E+00 0.517147E+00 0.322803E-02
0.759551E+00 0.517397E+00 0.324730E-02
0.762808E+00 0.517636E+00 0.326677E-02
0.766085E+00 0.517863E+00 0.328644E-02
0.769381E+00 0.518079E+00 0.330632E-02
0.772698E+00 0.518283E+00 0.332640E-02
0.776034E+00 0.518474E+00 0.334670E-02
0.779391E+00 0.518653E+00 0.336720E-02
0.782769E+00 0.518820E+00 0.338792E-02
0.786167E+00 0.518973E+00 0.340886E-02
0.789586E+00 0.519113E+00 0.343002E-02
0.793027E+00 0.519240E+00 0.345140E-02
0.796489E+00 0.519353E+00 0.347301E-02
0.799973E+00 0.519452E+00 0.349485E-02
0.803479E+00 0.519536E+00 0.351693E-02
0.807007E+00 0.519605E+00 0.353924E-02
0.810558E+00 0.519660E+00 0.356179E-02
0.814131E+00 0.519699E+00 0.358459E-02
0.817727E+00 0.519723E+00 0.360764E-02
0.821346E+00 0.519730E+00 0.363093E-02
0.824989E+00 0.519721E+00 0.365448E-02
0.828655E+00 0.519696E+00 0.367829E-02
0.832345E+00 0.519653E+00 0.370236E-02
0.836060E+00 0.519593E+00 0.372670E-02
0.839799E+00 0.519516E+00 0.375131E-02
0.843563E+00 0.519420E+00 0.377619E-02
0.847351E+00 0.519306E+00 0.380134E-02
0.851165E+00 0.519173E+00 0.382678E-02
0.855005E+00 0.519021E+00 0.385251E-02
0.858871E+00 0.518849E+00 0.387853E-02
0.862762E+00 0.518657E+00 0.390484E-02
0.866680E+00 0.518445E+00 0.393145E-02
0.870625E+00 0.518212E+00 0.395836E-02
0.874597E+00 0.517957E+00 0.398558E-02
0.878596E+00 0.517682E+00 0.401312E-02
0.882623E+00 0.517384E+00 0.404097E-02
0.886679E+00 0.517063E+00 0.406914E-02
0.890762E+00 0.516720E+00 0.409765E-02
0.894874E+00 0.516353E+00 0.412648E-02
0.899015E+00 0.515962E+00 0.415565E-02
0.903185E+00 0.515548E+00 0.418517E-02
0.907385E+00 0.515108E+00 0.421503E-02
0.911616E+00 0.514643E+00 0.424525E-02
0.915876E+00 0.514152E+00 0.427582E-02
0.920167E+00 0.513635E+00 0.430676E-02
0.924490E+00 0.513092E+00 0.433807E-02
0.928844E+00 0.512521E+00 0.436976E-02
0.933229E+00 0.511922E+00 0.440183E-02
0.937647E+00 0.511296E+00 0.443429E-02
0.942098E+00 0.510640E+00 0.446714E-02
0.946582E+00 0.509955E+00 0.450040E-02
0.951099E+00 0.509240E+00 0.453406E-02
0.955650E+00 0.508495E+00 0.456814E-02
0.960235E+00 0.507719E+00 0.460264E-02
0.964855E+00 0.506911E+00 0.463756E-02
0.969511E+00 0.506072E+00 0.467293E-02
0.974201E+00 0.505199E+00 0.470873E-02
0.978928E+00 0.504293E+00 0.474499E-02
0.983692E+00 0.503354E+00 0.478170E-02
0.988492E+00 0.502380E+00 0.481887E-02
0.993329E+00 0.501371E+00 0.485652E-02
0.998205E+00 0.500326E+00 0.489465E-02
0.100312E+01 0.499246E+00 0.493327E-02
0.100807E+01 0.498128E+00 0.497239E-02
0.101306E+01 0.496973E+00 0.501201E-02
0.101810E+01 0.495779E+00 0.505215E-02
0.102317E+01 0.494547E+00 0.509281E-02
0.102828E+01 0.493276E+00 0.513400E-02
0.103344E+01 0.491964E+00 0.517574E-02
0.103863E+01 0.490612E+00 0.521803E-02
0.104387E+01 0.489218E+00 0.526087E-02
0.104916E+01 0.487783E+00 0.530429E-02
0.105448E+01 0.486305E+00 0.534829E-02
0.105985E+01 0.484783E+00 0.539288E-02
0.106527E+01 0.483218E+00 0.543808E-02
0.107073E+01 0.481608E+00 0.548388E-02
0.107624E+01 0.479953E+00 0.553031E-02
0.108179E+01 0.478251E+00 0.557738E-02
0.108739E+01 0.476504E+00 0.562509E-02
0.109304E+01 0.474709E+00 0.567346E-02
0.109874E+01 0.472866E+00 0.572251E-02
0.110448E+01 0.470975E+00 0.577223E-02
0.111028E+01 0.469034E+00 0.582265E-02
0.111613E+01 0.467044E+00 0.587379E-02
0.112203E+01 0.465004E+00 0.592564E-02
0.112798E+01 0.462912E+00 0.597823E-02
0.113399E+01 0.460769E+00 0.603157E-02
0.114005E+01 0.458574E+00 0.608567E-02
0.114616E+01 0.456326E+00 0.614055E-02
0.115233E+01 0.454024E+00 0.619623E-02
0.115855E+01 0.451669E+00 0.625272E-02
0.116483E+01 0.449260E+00 0.631003E-02
0.117117E+01 0.446795E+00 0.636818E-02
0.117757E+01 0.444275E+00 0.642718E-02
0.118403E+01 0.441699E+00 0.648707E-02
0.119054E+01 0.439068E+00 0.654784E-02
0.119712E+01 0.436379E+00 0.660952E-02
0.120376E+01 0.433633E+00 0.667213E-02
0.121047E+01 0.430830E+00 0.673569E-02
0.121723E+01 0.427969E+00 0.680021E-02
0.122407E+01 0.425050E+00 0.686572E-02
0.123097E+01 0.422073E+00 0.693223E-02
0.123793E+01 0.419038E+00 0.699977E-02
0.124497E+01 0.415944E+00 0.706835E-02
0.125207E+01 0.412791E+00 0.713800E-02
0.125924E+01 0.409580E+00 0.720875E-02
0.126649E+01 0.406310E+00 0.728060E-02
0.127380E+01 0.402981E+00 0.735359E-02
0.128119E+01 0.399594E+00 0.742775E-02
0.128866E+01 0.396148E+00 0.750309E-02
0.129620E+01 0.392644E+00 0.757963E-02
0.130382E+01 0.389082E+00 0.765742E-02
0.131152E+01 0.385463E+00 0.773647E-02
0.131929E+01 0.381786E+00 0.781681E-02
0.132715E+01 0.378053E+00 0.789847E-02
0.133509E+01 0.374264E+00 0.798148E-02
0.134311E+01 0.370420E+00 0.806586E-02
0.135122E+01 0.366521E+00 0.815166E-02
0.135942E+01 0.362568E+00 0.823889E-02
0.136770E+01 0.358563E+00 0.832760E-02
0.137607E+01 0.354505E+00 0.841781E-02
0.138454E+01 0.350397E+00 0.850957E-02
0.139309E+01 0.346239E+00 0.860289E-02
0.140174E+01 0.342033E+00 0.869783E-02
0.141049E+01 0.337779E+00 0.879442E-02
0.141933E+01 0.333480E+00 0.889269E-02
0.142828E+01 0.329137E+00 0.899269E-02
0.143732E+01 0.324751E+00 0.909446E-02
0.144646E+01 0.320324E+00 0.919804E-02
0.145572E+01 0.315858E+00 0.930347E-02
0.146507E+01 0.311355E+00 0.941079E-02
0.147454E+01 0.306816E+00 0.952005E-02
0.148411E+01 0.302244E+00 0.963131E-02
0.149380E+01 0.297641E+00 0.974460E-02
0.150360E+01 0.293009E+00 0.985998E-02
0.151352E+01 0.288350E+00 0.997750E-02
0.152356E+01 0.283667E+00 0.100972E-01
0.153372E+01 0.278961E+00 0.102192E-01
0.154400E+01 0.274236E+00 0.103434E-01
0.155440E+01 0.269494E+00 0.104700E-01
0.156494E+01 0.264737E+00 0.105991E-01
0.157560E+01 0.259968E+00 0.107306E-01
0.158640E+01 0.255190E+00 0.108647E-01
0.159733E+01 0.250405E+00 0.110014E-01
0.160840E+01 0.245616E+00 0.111407E-01
0.161962E+01 0.240825E+00 0.112829E-01
0.163097E+01 0.236036E+00 0.114278E-01
0.164247E+01 0.231252E+00 0.115757E-01
0.165412E+01 0.226474E+00 0.117265E-01
0.166593E+01 0.221706E+00 0.118804E-01
0.167789E+01 0.216950E+00 0.120374E-01
0.169000E+01 0.212209E+00 0.121977E-01
0.170228E+01 0.207487E+00 0.123612E-01
0.171473E+01 0.202784E+00 0.125282E-01
0.172734E+01 0.198105E+00 0.126987E-01
0.174012E+01 0.193452E+00 0.128728E-01
0.175309E+01 0.188827E+00 0.130506E-01
0.176623E+01 0.184233E+00 0.132322E-01
0.177955E+01 0.179672E+00 0.134178E-01
0.179306E+01 0.175147E+00 0.136073E-01
0.180677E+01 0.170659E+00 0.138011E-01
0.182067E+01 0.166212E+00 0.139991E-01
0.183477E+01 0.161808E+00 0.142015E-01
0.184907E+01 0.157448E+00 0.144084E-01
0.186359E+01 0.153135E+00 0.146200E-01
0.187831E+01 0.148870E+00 0.148364E-01
0.189326E+01 0.144655E+00 0.150578E-01
0.190843E+01 0.140493E+00 0.152843E-01
0.192383E+01 0.136385E+00 0.155160E-01
0.193947E+01 0.132333E+00 0.157532E-01
0.195534E+01 0.128337E+00 0.159960E-01
0.197146E+01 0.124400E+00 0.162446E-01
0.198783E+01 0.120523E+00 0.164991E-01
0.200446E+01 0.116707E+00 0.167598E-01
0.202135E+01 0.112954E+00 0.170269E-01
0.203852E+01 0.109263E+00 0.173005E-01
0.205596E+01 0.105638E+00 0.175810E-01
0.207368E+01 0.102077E+00 0.178684E-01
0.209169E+01 0.985831E-01 0.181631E-01
0.211001E+01 0.951558E-01 0.184652E-01
0.212863E+01 0.917961E-01 0.187752E-01
0.214756E+01 0.885045E-01 0.190931E-01
0.216682E+01 0.852816E-01 0.194193E-01
0.218640E+01 0.821277E-01 0.197542E-01
0.220633E+01 0.790432E-01 0.200979E-01
0.222660E+01 0.760284E-01 0.204508E-01
0.224723E+01 0.730835E-01 0.208133E-01
0.226823E+01 0.702086E-01 0.211856E-01
0.228961E+01 0.674037E-01 0.215682E-01
0.231137E+01 0.646688E-01 0.219615E-01
0.233353E+01 0.620039E-01 0.223657E-01
0.235611E+01 0.594088E-01 0.227814E-01
0.237910E+01 0.568832E-01 0.232090E-01
0.240253E+01 0.544270E-01 0.236489E-01
0.242640E+01 0.520397E-01 0.241016E-01
0.245074E+01 0.497209E-01 0.245677E-01
0.247554E+01 0.474704E-01 0.250476E-01
0.250084E+01 0.452874E-01 0.255419E-01
0.252663E+01 0.431715E-01 0.260511E-01
0.255294E+01 0.411221E-01 0.265760E-01
0.257979E+01 0.391384E-01 0.271171E-01
0.260718E+01 0.372199E-01 0.276751E-01
0.263514E+01 0.353658E-01 0.282507E-01
0.266369E+01 0.335752E-01 0.288447E-01
0.269284E+01 0.318473E-01 0.294579E-01
0.272261E+01 0.301812E-01 0.300911E-01
0.275303E+01 0.285761E-01 0.307451E-01
0.278411E+01 0.270309E-01 0.314209E-01
0.281588E+01 0.255447E-01 0.321196E-01
0.284836E+01 0.241164E-01 0.328420E-01
0.288157E+01 0.227450E-01 0.335893E-01
0.291555E+01 0.214293E-01 0.343628E-01
0.295031E+01 0.201683E-01 0.351635E-01
0.298588E+01 0.189608E-01 0.359928E-01
0.302230E+01 0.178057E-01 0.368521E-01
0.305960E+01 0.167016E-01 0.377428E-01
0.309780E+01 0.156474E-01 0.386665E-01
0.313694E+01 0.146419E-01 0.396249E-01
0.317706E+01 0.136838E-01 0.406197E-01
0.321819E+01 0.127719E-01 0.416527E-01
0.326038E+01 0.119047E-01 0.427259E-01
0.330366E+01 0.110811E-01 0.438416E-01
0.334808E+01 0.102998E-01 0.450018E-01
0.339368E+01 0.955937E-02 0.462091E-01
0.344051E+01 0.885859E-02 0.474660E-01
0.348863E+01 0.819611E-02 0.487753E-01
0.353808E+01 0.757064E-02 0.501399E-01
0.358893E+01 0.698087E-02 0.515630E-01
0.364123E+01 0.642550E-02 0.530479E-01
0.369505E+01 0.590323E-02 0.545984E-01
0.375045E+01 0.541280E-02 0.562182E-01
0.380751E+01 0.495294E-02 0.579117E-01
0.386630E+01 0.452240E-02 0.596834E-01
0.392690E+01 0.411995E-02 0.615381E-01
0.398940E+01 0.374438E-02 0.634811E-01
0.405389E+01 0.339450E-02 0.655181E-01
0.412047E+01 0.306916E-02 0.676553E-01
0.418924E+01 0.276720E-02 0.698994E-01
0.426031E+01 0.248752E-02 0.722576E-01
0.433380E+01 0.222903E-02 0.747377E-01
0.440983E+01 0.199067E-02 0.773483E-01
0.448854E+01 0.177143E-02 0.800988E-01
0.457008E+01 0.157029E-02 0.829993E-01
0.465459E+01 0.138630E-02 0.860609E-01
0.474226E+01 0.121851E-02 0.892958E-01
0.483325E+01 0.106601E-02 0.927173E-01
0.492776E+01 0.927919E-03 0.963400E-01
0.502600E+01 0.803372E-03 0.100180E+00
0.512820E+01 0.691536E-03 0.104255E+00
0.523459E+01 0.591595E-03 0.108585E+00
0.534546E+01 0.502755E-03 0.113191E+00
0.546108E+01 0.424237E-03 0.118098E+00
0.558176E+01 0.355280E-03 0.123331E+00
0.570786E+01 0.295137E-03 0.128922E+00
0.583974E+01 0.243073E-03 0.134902E+00
0.597780E+01 0.198369E-03 0.141309E+00
0.612251E+01 0.160322E-03 0.148186E+00
0.627435E+01 0.128247E-03 0.155577E+00
0.643385E+01 0.101480E-03 0.163538E+00
0.660163E+01 0.793834E-04 0.172126E+00
0.677834E+01 0.613520E-04 0.181411E+00
0.696471E+01 0.468163E-04 0.191469E+00
0.716156E+01 0.352485E-04 0.202389E+00
0.736981E+01 0.261665E-04 0.214273E+00
0.759047E+01 0.191367E-04 0.227236E+00
0.782469E+01 0.137759E-04 0.241415E+00
