#     w        dw   Re[sigma(w)] Im[sigma(w)] A(K,w)
 -7.824687   0.241415  -0.153738  -0.002095   0.000009
 -7.590469   0.227236  -0.159475  -0.002726   0.000012
 -7.369810   0.214273  -0.165342  -0.003499   0.000017
 -7.161564   0.202389  -0.171331  -0.004433   0.000022
 -6.964710   0.191469  -0.177435  -0.005548   0.000029
 -6.778338   0.181411  -0.183642  -0.006863   0.000038
 -6.601631   0.172126  -0.189935  -0.008394   0.000049
 -6.433854   0.163538  -0.196299  -0.010158   0.000062
 -6.274347   0.155577  -0.202712  -0.012167   0.000077
 -6.122510   0.148186  -0.209152  -0.014431   0.000096
 -5.977804   0.141309  -0.215596  -0.016957   0.000118
 -5.839735   0.134902  -0.222020  -0.019749   0.000144
 -5.707858   0.128922  -0.228398  -0.022805   0.000173
 -5.581762   0.123331  -0.234708  -0.026123   0.000206
 -5.461076   0.118098  -0.240926  -0.029695   0.000244
 -5.345458   0.113191  -0.247032  -0.033513   0.000287
 -5.234593   0.108585  -0.253007  -0.037566   0.000334
 -5.128195   0.104255  -0.258833  -0.041839   0.000387
 -5.025998   0.100180  -0.264497  -0.046318   0.000444
 -4.927757   0.096340  -0.269985  -0.050988   0.000507
 -4.833246   0.092717  -0.275288  -0.055833   0.000575
 -4.742255   0.089296  -0.280398  -0.060836   0.000649
 -4.654592   0.086061  -0.285309  -0.065981   0.000728
 -4.570076   0.082999  -0.290016  -0.071252   0.000813
 -4.488540   0.080099  -0.294517  -0.076635   0.000904
 -4.409828   0.077348  -0.298811  -0.082115   0.001000
 -4.333796   0.074738  -0.302898  -0.087677   0.001102
 -4.260309   0.072258  -0.306779  -0.093310   0.001210
 -4.189241   0.069899  -0.310455  -0.099000   0.001323
 -4.120472   0.067655  -0.313930  -0.104736   0.001442
 -4.053894   0.065518  -0.317205  -0.110508   0.001567
 -3.989403   0.063481  -0.320285  -0.116306   0.001697
 -3.926901   0.061538  -0.323173  -0.122119   0.001833
 -3.866297   0.059683  -0.325874  -0.127941   0.001974
 -3.807506   0.057912  -0.328392  -0.133762   0.002120
 -3.750448   0.056218  -0.330732  -0.139576   0.002272
 -3.695045   0.054598  -0.332897  -0.145376   0.002429
 -3.641228   0.053048  -0.334894  -0.151155   0.002591
 -3.588928   0.051563  -0.336727  -0.156907   0.002759
 -3.538081   0.050140  -0.338401  -0.162628   0.002931
 -3.488628   0.048775  -0.339920  -0.168312   0.003108
 -3.440512   0.047466  -0.341290  -0.173954   0.003289
 -3.393679   0.046209  -0.342516  -0.179552   0.003476
 -3.348077   0.045002  -0.343602  -0.185100   0.003666
 -3.303659   0.043842  -0.344554  -0.190595   0.003862
 -3.260379   0.042726  -0.345376  -0.196034   0.004061
 -3.218193   0.041653  -0.346074  -0.201415   0.004265
 -3.177060   0.040620  -0.346651  -0.206734   0.004472
 -3.136941   0.039625  -0.347113  -0.211989   0.004683
 -3.097799   0.038667  -0.347464  -0.217179   0.004899
 -3.059597   0.037743  -0.347709  -0.222301   0.005117
 -3.022302   0.036852  -0.347852  -0.227353   0.005340
 -2.985882   0.035993  -0.347897  -0.232335   0.005565
 -2.950306   0.035163  -0.347850  -0.237245   0.005794
 -2.915545   0.034363  -0.347714  -0.242082   0.006026
 -2.881572   0.033589  -0.347492  -0.246845   0.006261
 -2.848358   0.032842  -0.347190  -0.251534   0.006498
 -2.815879   0.032120  -0.346812  -0.256149   0.006738
 -2.784111   0.031421  -0.346359  -0.260687   0.006981
 -2.753030   0.030745  -0.345838  -0.265151   0.007226
 -2.722614   0.030091  -0.345251  -0.269539   0.007474
 -2.692841   0.029458  -0.344601  -0.273851   0.007724
 -2.663691   0.028845  -0.343892  -0.278089   0.007976
 -2.635145   0.028251  -0.343127  -0.282251   0.008230
 -2.607184   0.027675  -0.342310  -0.286338   0.008485
 -2.579789   0.027117  -0.341443  -0.290352   0.008743
 -2.552944   0.026576  -0.340530  -0.294291   0.009002
 -2.526632   0.026051  -0.339572  -0.298158   0.009263
 -2.500836   0.025542  -0.338574  -0.301952   0.009525
 -2.475543   0.025048  -0.337536  -0.305675   0.009788
 -2.450736   0.024568  -0.336463  -0.309327   0.010053
 -2.426403   0.024102  -0.335356  -0.312909   0.010319
 -2.402529   0.023649  -0.334218  -0.316421   0.010586
 -2.379101   0.023209  -0.333050  -0.319866   0.010854
 -2.356107   0.022781  -0.331856  -0.323243   0.011123
 -2.333534   0.022366  -0.330636  -0.326554   0.011392
 -2.311371   0.021961  -0.329393  -0.329800   0.011663
 -2.289607   0.021568  -0.328129  -0.332982   0.011934
 -2.268231   0.021186  -0.326845  -0.336101   0.012206
 -2.247233   0.020813  -0.325544  -0.339158   0.012479
 -2.226602   0.020451  -0.324226  -0.342153   0.012752
 -2.206328   0.020098  -0.322893  -0.345089   0.013025
 -2.186403   0.019754  -0.321547  -0.347966   0.013299
 -2.166817   0.019419  -0.320190  -0.350786   0.013573
 -2.147561   0.019093  -0.318821  -0.353549   0.013848
 -2.128628   0.018775  -0.317443  -0.356256   0.014123
 -2.110008   0.018465  -0.316057  -0.358909   0.014398
 -2.091695   0.018163  -0.314664  -0.361509   0.014673
 -2.073680   0.017868  -0.313265  -0.364057   0.014948
 -2.055955   0.017581  -0.311860  -0.366553   0.015223
 -2.038515   0.017301  -0.310452  -0.368999   0.015499
 -2.021352   0.017027  -0.309040  -0.371397   0.015774
 -2.004459   0.016760  -0.307626  -0.373746   0.016049
 -1.987830   0.016499  -0.306210  -0.376049   0.016325
 -1.971459   0.016245  -0.304793  -0.378305   0.016600
 -1.955339   0.015996  -0.303377  -0.380517   0.016875
 -1.939465   0.015753  -0.301960  -0.382685   0.017150
 -1.923831   0.015516  -0.300545  -0.384809   0.017424
 -1.908431   0.015284  -0.299132  -0.386892   0.017699
 -1.893261   0.015058  -0.297720  -0.388934   0.017973
 -1.878314   0.014836  -0.296312  -0.390935   0.018247
 -1.863586   0.014620  -0.294907  -0.392898   0.018521
 -1.849072   0.014408  -0.293505  -0.394821   0.018795
 -1.834768   0.014201  -0.292108  -0.396708   0.019068
 -1.820668   0.013999  -0.290715  -0.398557   0.019341
 -1.806768   0.013801  -0.289327  -0.400371   0.019613
 -1.793064   0.013607  -0.287944  -0.402150   0.019885
 -1.779552   0.013418  -0.286567  -0.403895   0.020157
 -1.766227   0.013232  -0.285196  -0.405606   0.020428
 -1.753086   0.013051  -0.283830  -0.407285   0.020699
 -1.740125   0.012873  -0.282471  -0.408932   0.020970
 -1.727339   0.012699  -0.281119  -0.410547   0.021240
 -1.714726   0.012528  -0.279774  -0.412133   0.021510
 -1.702282   0.012361  -0.278435  -0.413688   0.021779
 -1.690003   0.012198  -0.277104  -0.415215   0.022048
 -1.677885   0.012037  -0.275781  -0.416713   0.022316
 -1.665927   0.011880  -0.274464  -0.418183   0.022584
 -1.654124   0.011726  -0.273156  -0.419626   0.022852
 -1.642473   0.011576  -0.271855  -0.421043   0.023119
 -1.630971   0.011428  -0.270562  -0.422434   0.023385
 -1.619616   0.011283  -0.269277  -0.423799   0.023651
 -1.608405   0.011141  -0.268000  -0.425140   0.023917
 -1.597334   0.011001  -0.266732  -0.426457   0.024182
 -1.586401   0.010865  -0.265471  -0.427750   0.024446
 -1.575604   0.010731  -0.264219  -0.429020   0.024710
 -1.564939   0.010599  -0.262976  -0.430268   0.024973
 -1.554405   0.010470  -0.261740  -0.431494   0.025236
 -1.543998   0.010343  -0.260514  -0.432698   0.025499
 -1.533717   0.010219  -0.259295  -0.433881   0.025761
 -1.523559   0.010097  -0.258085  -0.435044   0.026022
 -1.513522   0.009977  -0.256884  -0.436186   0.026283
 -1.503603   0.009860  -0.255691  -0.437309   0.026543
 -1.493801   0.009745  -0.254507  -0.438413   0.026802
 -1.484113   0.009631  -0.253331  -0.439497   0.027062
 -1.474538   0.009520  -0.252163  -0.440564   0.027320
 -1.465073   0.009411  -0.251005  -0.441613   0.027578
 -1.455716   0.009303  -0.249854  -0.442644   0.027836
 -1.446465   0.009198  -0.248712  -0.443658   0.028093
 -1.437319   0.009094  -0.247579  -0.444655   0.028349
 -1.428275   0.008993  -0.246454  -0.445636   0.028605
 -1.419333   0.008893  -0.245337  -0.446600   0.028860
 -1.410490   0.008794  -0.244229  -0.447549   0.029115
 -1.401744   0.008698  -0.243129  -0.448483   0.029369
 -1.393093   0.008603  -0.242037  -0.449401   0.029623
 -1.384537   0.008510  -0.240954  -0.450305   0.029876
 -1.376074   0.008418  -0.239878  -0.451195   0.030128
 -1.367701   0.008328  -0.238811  -0.452070   0.030380
 -1.359418   0.008239  -0.237752  -0.452932   0.030632
 -1.351223   0.008152  -0.236701  -0.453780   0.030883
 -1.343114   0.008066  -0.235658  -0.454615   0.031133
 -1.335091   0.007981  -0.234623  -0.455437   0.031383
 -1.327151   0.007898  -0.233596  -0.456246   0.031632
 -1.319293   0.007817  -0.232576  -0.457043   0.031881
 -1.311517   0.007736  -0.231565  -0.457828   0.032129
 -1.303820   0.007657  -0.230561  -0.458601   0.032377
 -1.296201   0.007580  -0.229564  -0.459362   0.032624
 -1.288660   0.007503  -0.228576  -0.460112   0.032870
 -1.281195   0.007428  -0.227595  -0.460851   0.033116
 -1.273804   0.007354  -0.226621  -0.461579   0.033362
 -1.266487   0.007281  -0.225655  -0.462296   0.033607
 -1.259243   0.007209  -0.224696  -0.463002   0.033851
 -1.252069   0.007138  -0.223744  -0.463699   0.034095
 -1.244966   0.007068  -0.222800  -0.464385   0.034338
 -1.237932   0.007000  -0.221863  -0.465061   0.034581
 -1.230966   0.006932  -0.220933  -0.465728   0.034823
 -1.224068   0.006866  -0.220010  -0.466385   0.035065
 -1.217235   0.006800  -0.219094  -0.467033   0.035306
 -1.210467   0.006736  -0.218185  -0.467672   0.035546
 -1.203763   0.006672  -0.217283  -0.468301   0.035786
 -1.197122   0.006610  -0.216387  -0.468922   0.036026
 -1.190544   0.006548  -0.215498  -0.469535   0.036265
 -1.184026   0.006487  -0.214616  -0.470139   0.036503
 -1.177569   0.006427  -0.213741  -0.470735   0.036741
 -1.171172   0.006368  -0.212872  -0.471322   0.036979
 -1.164832   0.006310  -0.212009  -0.471902   0.037216
 -1.158551   0.006253  -0.211153  -0.472474   0.037452
 -1.152327   0.006196  -0.210304  -0.473038   0.037688
 -1.146158   0.006141  -0.209460  -0.473595   0.037924
 -1.140045   0.006086  -0.208623  -0.474144   0.038159
 -1.133987   0.006032  -0.207792  -0.474686   0.038393
 -1.127982   0.005978  -0.206967  -0.475222   0.038627
 -1.122030   0.005926  -0.206149  -0.475750   0.038860
 -1.116130   0.005874  -0.205336  -0.476271   0.039093
 -1.110282   0.005823  -0.204529  -0.476785   0.039325
 -1.104485   0.005772  -0.203728  -0.477293   0.039557
 -1.098738   0.005723  -0.202933  -0.477795   0.039789
 -1.093040   0.005673  -0.202143  -0.478290   0.040020
 -1.087390   0.005625  -0.201359  -0.478779   0.040250
 -1.081789   0.005577  -0.200581  -0.479261   0.040480
 -1.076236   0.005530  -0.199809  -0.479738   0.040709
 -1.070728   0.005484  -0.199042  -0.480209   0.040938
 -1.065268   0.005438  -0.198280  -0.480674   0.041167
 -1.059852   0.005393  -0.197524  -0.481133   0.041394
 -1.054482   0.005348  -0.196773  -0.481587   0.041622
 -1.049155   0.005304  -0.196028  -0.482035   0.041849
 -1.043873   0.005261  -0.195288  -0.482478   0.042075
 -1.038633   0.005218  -0.194553  -0.482915   0.042301
 -1.033437   0.005176  -0.193823  -0.483347   0.042527
 -1.028282   0.005134  -0.193098  -0.483775   0.042752
 -1.023168   0.005093  -0.192378  -0.484197   0.042977
 -1.018096   0.005052  -0.191663  -0.484614   0.043201
 -1.013064   0.005012  -0.190954  -0.485026   0.043424
 -1.008072   0.004972  -0.190249  -0.485433   0.043648
 -1.003119   0.004933  -0.189549  -0.485836   0.043870
 -0.998205   0.004895  -0.188853  -0.486234   0.044093
 -0.993329   0.004857  -0.188163  -0.486628   0.044314
 -0.988492   0.004819  -0.187477  -0.487017   0.044536
 -0.983692   0.004782  -0.186795  -0.487401   0.044757
 -0.978928   0.004745  -0.186119  -0.487781   0.044977
 -0.974201   0.004709  -0.185447  -0.488157   0.045197
 -0.969511   0.004673  -0.184779  -0.488529   0.045417
 -0.964855   0.004638  -0.184116  -0.488897   0.045636
 -0.960235   0.004603  -0.183457  -0.489260   0.045855
 -0.955650   0.004568  -0.182803  -0.489620   0.046073
 -0.951099   0.004534  -0.182153  -0.489976   0.046291
 -0.946582   0.004500  -0.181507  -0.490328   0.046508
 -0.942098   0.004467  -0.180866  -0.490676   0.046725
 -0.937647   0.004434  -0.180228  -0.491020   0.046941
 -0.933229   0.004402  -0.179595  -0.491360   0.047157
 -0.928844   0.004370  -0.178966  -0.491697   0.047373
 -0.924490   0.004338  -0.178341  -0.492031   0.047588
 -0.920167   0.004307  -0.177720  -0.492360   0.047803
 -0.915876   0.004276  -0.177103  -0.492687   0.048017
 -0.911616   0.004245  -0.176490  -0.493010   0.048231
 -0.907385   0.004215  -0.175881  -0.493329   0.048444
 -0.903185   0.004185  -0.175275  -0.493646   0.048657
 -0.899015   0.004156  -0.174674  -0.493959   0.048870
 -0.894874   0.004126  -0.174076  -0.494268   0.049082
 -0.890762   0.004098  -0.173482  -0.494575   0.049294
 -0.886679   0.004069  -0.172892  -0.494879   0.049505
 -0.882623   0.004041  -0.172305  -0.495179   0.049716
 -0.878596   0.004013  -0.171722  -0.495477   0.049927
 -0.874597   0.003986  -0.171143  -0.495771   0.050137
 -0.870625   0.003958  -0.170567  -0.496063   0.050347
 -0.866680   0.003931  -0.169995  -0.496351   0.050556
 -0.862762   0.003905  -0.169426  -0.496637   0.050765
 -0.858871   0.003879  -0.168861  -0.496920   0.050974
 -0.855005   0.003853  -0.168299  -0.497200   0.051182
 -0.851165   0.003827  -0.167741  -0.497478   0.051390
 -0.847351   0.003801  -0.167186  -0.497753   0.051597
 -0.843563   0.003776  -0.166634  -0.498025   0.051804
 -0.839799   0.003751  -0.166086  -0.498294   0.052011
 -0.836060   0.003727  -0.165540  -0.498561   0.052217
 -0.832345   0.003702  -0.164998  -0.498826   0.052423
 -0.828655   0.003678  -0.164460  -0.499088   0.052628
 -0.824989   0.003654  -0.163924  -0.499347   0.052833
 -0.821346   0.003631  -0.163391  -0.499604   0.053038
 -0.817727   0.003608  -0.162862  -0.499859   0.053242
 -0.814131   0.003585  -0.162336  -0.500111   0.053446
 -0.810558   0.003562  -0.161813  -0.500361   0.053649
 -0.807007   0.003539  -0.161292  -0.500609   0.053853
 -0.803479   0.003517  -0.160775  -0.500855   0.054055
 -0.799973   0.003495  -0.160261  -0.501098   0.054258
 -0.796489   0.003473  -0.159750  -0.501339   0.054460
 -0.793027   0.003451  -0.159241  -0.501577   0.054661
 -0.789586   0.003430  -0.158736  -0.501814   0.054863
 -0.786167   0.003409  -0.158233  -0.502049   0.055064
 -0.782769   0.003388  -0.157733  -0.502281   0.055264
 -0.779391   0.003367  -0.157236  -0.502512   0.055465
 -0.776034   0.003347  -0.156741  -0.502740   0.055664
 -0.772698   0.003326  -0.156250  -0.502966   0.055864
 -0.769381   0.003306  -0.155761  -0.503191   0.056063
 -0.766085   0.003286  -0.155275  -0.503413   0.056262
 -0.762808   0.003267  -0.154791  -0.503633   0.056460
 -0.759551   0.003247  -0.154310  -0.503852   0.056658
 -0.756314   0.003228  -0.153832  -0.504069   0.056856
 -0.753095   0.003209  -0.153357  -0.504284   0.057054
 -0.749896   0.003190  -0.152883  -0.504497   0.057251
 -0.746715   0.003171  -0.152413  -0.504708   0.057447
 -0.743553   0.003153  -0.151945  -0.504917   0.057644
 -0.740409   0.003135  -0.151479  -0.505125   0.057840
 -0.737284   0.003116  -0.151016  -0.505331   0.058036
 -0.734176   0.003098  -0.150556  -0.505535   0.058231
 -0.731087   0.003081  -0.150097  -0.505738   0.058426
 -0.728015   0.003063  -0.149642  -0.505938   0.058621
 -0.724960   0.003046  -0.149188  -0.506138   0.058815
 -0.721923   0.003028  -0.148737  -0.506335   0.059009
 -0.718904   0.003011  -0.148289  -0.506531   0.059203
 -0.715901   0.002994  -0.147842  -0.506726   0.059396
 -0.712915   0.002978  -0.147398  -0.506918   0.059590
 -0.709945   0.002961  -0.146956  -0.507110   0.059782
 -0.706993   0.002945  -0.146517  -0.507299   0.059975
 -0.704056   0.002928  -0.146080  -0.507487   0.060167
 -0.701136   0.002912  -0.145644  -0.507674   0.060359
 -0.698232   0.002896  -0.145212  -0.507859   0.060550
 -0.695343   0.002880  -0.144781  -0.508043   0.060741
 -0.692471   0.002865  -0.144352  -0.508225   0.060932
 -0.689614   0.002849  -0.143926  -0.508406   0.061123
 -0.686772   0.002834  -0.143502  -0.508586   0.061313
 -0.683946   0.002819  -0.143079  -0.508764   0.061503
 -0.681135   0.002804  -0.142659  -0.508941   0.061693
 -0.678338   0.002789  -0.142241  -0.509116   0.061882
 -0.675557   0.002774  -0.141825  -0.509290   0.062071
 -0.672791   0.002759  -0.141411  -0.509463   0.062260
 -0.670039   0.002745  -0.140999  -0.509634   0.062448
 -0.667301   0.002730  -0.140590  -0.509804   0.062637
 -0.664578   0.002716  -0.140182  -0.509973   0.062824
 -0.661869   0.002702  -0.139776  -0.510140   0.063012
 -0.659174   0.002688  -0.139371  -0.510307   0.063199
 -0.656492   0.002674  -0.138969  -0.510472   0.063386
 -0.653825   0.002660  -0.138569  -0.510635   0.063573
 -0.651171   0.002647  -0.138171  -0.510798   0.063759
 -0.648531   0.002633  -0.137774  -0.510959   0.063946
 -0.645905   0.002620  -0.137380  -0.511120   0.064131
 -0.643291   0.002607  -0.136987  -0.511279   0.064317
 -0.640691   0.002594  -0.136596  -0.511436   0.064502
 -0.638104   0.002581  -0.136207  -0.511593   0.064687
 -0.635529   0.002568  -0.135819  -0.511749   0.064872
 -0.632968   0.002555  -0.135434  -0.511903   0.065056
 -0.630419   0.002542  -0.135050  -0.512057   0.065241
 -0.627883   0.002530  -0.134668  -0.512209   0.065425
 -0.625359   0.002517  -0.134288  -0.512360   0.065608
 -0.622848   0.002505  -0.133909  -0.512510   0.065792
 -0.620349   0.002493  -0.133532  -0.512659   0.065975
 -0.617862   0.002481  -0.133157  -0.512807   0.066157
 -0.615387   0.002469  -0.132783  -0.512954   0.066340
 -0.612924   0.002457  -0.132412  -0.513100   0.066522
 -0.610473   0.002445  -0.132041  -0.513245   0.066704
 -0.608034   0.002434  -0.131673  -0.513389   0.066886
 -0.605606   0.002422  -0.131306  -0.513532   0.067068
 -0.603190   0.002411  -0.130941  -0.513674   0.067249
 -0.600785   0.002399  -0.130577  -0.513815   0.067430
 -0.598391   0.002388  -0.130215  -0.513955   0.067611
 -0.596009   0.002377  -0.129854  -0.514095   0.067791
 -0.593638   0.002366  -0.129495  -0.514233   0.067971
 -0.591278   0.002355  -0.129138  -0.514370   0.068151
 -0.588928   0.002344  -0.128782  -0.514506   0.068331
 -0.586590   0.002333  -0.128427  -0.514642   0.068511
 -0.584262   0.002322  -0.128074  -0.514776   0.068690
 -0.581945   0.002312  -0.127723  -0.514910   0.068869
 -0.579639   0.002301  -0.127373  -0.515043   0.069048
 -0.577343   0.002291  -0.127025  -0.515174   0.069226
 -0.575058   0.002280  -0.126677  -0.515305   0.069405
 -0.572782   0.002270  -0.126332  -0.515436   0.069583
 -0.570517   0.002260  -0.125988  -0.515565   0.069760
 -0.568262   0.002250  -0.125645  -0.515693   0.069938
 -0.566018   0.002240  -0.125304  -0.515821   0.070115
 -0.563783   0.002230  -0.124964  -0.515948   0.070292
 -0.561558   0.002220  -0.124625  -0.516074   0.070469
 -0.559342   0.002210  -0.124288  -0.516199   0.070646
 -0.557137   0.002201  -0.123952  -0.516324   0.070822
 -0.554941   0.002191  -0.123618  -0.516447   0.070999
 -0.552755   0.002182  -0.123285  -0.516570   0.071175
 -0.550578   0.002172  -0.122953  -0.516692   0.071350
 -0.548410   0.002163  -0.122623  -0.516813   0.071526
 -0.546252   0.002154  -0.122294  -0.516934   0.071701
 -0.544103   0.002144  -0.121966  -0.517054   0.071876
 -0.541963   0.002135  -0.121639  -0.517173   0.072051
 -0.539833   0.002126  -0.121314  -0.517291   0.072226
 -0.537711   0.002117  -0.120990  -0.517409   0.072400
 -0.535598   0.002108  -0.120668  -0.517525   0.072574
 -0.533495   0.002099  -0.120346  -0.517642   0.072748
 -0.531400   0.002091  -0.120026  -0.517757   0.072922
 -0.529313   0.002082  -0.119707  -0.517872   0.073096
 -0.527236   0.002073  -0.119389  -0.517986   0.073269
 -0.525166   0.002065  -0.119073  -0.518099   0.073442
 -0.523106   0.002056  -0.118758  -0.518212   0.073615
 -0.521054   0.002048  -0.118443  -0.518324   0.073788
 -0.519010   0.002040  -0.118131  -0.518435   0.073960
 -0.516975   0.002031  -0.117819  -0.518546   0.074133
 -0.514947   0.002023  -0.117508  -0.518656   0.074305
 -0.512928   0.002015  -0.117199  -0.518765   0.074477
 -0.510918   0.002007  -0.116891  -0.518874   0.074648
 -0.508915   0.001999  -0.116583  -0.518982   0.074820
 -0.506920   0.001991  -0.116277  -0.519090   0.074991
 -0.504933   0.001983  -0.115973  -0.519197   0.075162
 -0.502954   0.001975  -0.115669  -0.519303   0.075333
 -0.500983   0.001967  -0.115366  -0.519408   0.075504
 -0.499019   0.001960  -0.115065  -0.519513   0.075675
 -0.497063   0.001952  -0.114764  -0.519618   0.075845
 -0.495115   0.001944  -0.114465  -0.519722   0.076015
 -0.493175   0.001937  -0.114166  -0.519825   0.076185
 -0.491241   0.001929  -0.113869  -0.519927   0.076355
 -0.489316   0.001922  -0.113573  -0.520030   0.076525
 -0.487397   0.001915  -0.113278  -0.520131   0.076694
 -0.485486   0.001907  -0.112984  -0.520232   0.076863
 -0.483583   0.001900  -0.112691  -0.520332   0.077033
 -0.481686   0.001893  -0.112399  -0.520432   0.077201
 -0.479797   0.001886  -0.112108  -0.520531   0.077370
 -0.477915   0.001879  -0.111818  -0.520630   0.077539
 -0.476040   0.001872  -0.111529  -0.520728   0.077707
 -0.474171   0.001865  -0.111241  -0.520826   0.077875
 -0.472310   0.001858  -0.110954  -0.520923   0.078043
 -0.470456   0.001851  -0.110668  -0.521019   0.078211
 -0.468608   0.001844  -0.110383  -0.521115   0.078379
 -0.466768   0.001837  -0.110099  -0.521211   0.078546
 -0.464934   0.001831  -0.109815  -0.521306   0.078714
 -0.463106   0.001824  -0.109533  -0.521400   0.078881
 -0.461286   0.001817  -0.109252  -0.521494   0.079048
 -0.459472   0.001811  -0.108972  -0.521588   0.079215
 -0.457664   0.001804  -0.108692  -0.521681   0.079381
 -0.455863   0.001798  -0.108414  -0.521773   0.079548
 -0.454069   0.001791  -0.108136  -0.521865   0.079714
 -0.452280   0.001785  -0.107860  -0.521957   0.079881
 -0.450498   0.001779  -0.107584  -0.522048   0.080047
 -0.448723   0.001772  -0.107309  -0.522138   0.080212
 -0.446953   0.001766  -0.107035  -0.522228   0.080378
 -0.445190   0.001760  -0.106762  -0.522318   0.080544
 -0.443433   0.001754  -0.106490  -0.522407   0.080709
 -0.441682   0.001748  -0.106219  -0.522495   0.080874
 -0.439938   0.001742  -0.105949  -0.522584   0.081040
 -0.438199   0.001736  -0.105679  -0.522671   0.081205
 -0.436466   0.001730  -0.105410  -0.522759   0.081369
 -0.434739   0.001724  -0.105142  -0.522846   0.081534
 -0.433018   0.001718  -0.104875  -0.522932   0.081699
 -0.431303   0.001712  -0.104609  -0.523018   0.081863
 -0.429594   0.001706  -0.104344  -0.523103   0.082027
 -0.427890   0.001701  -0.104079  -0.523189   0.082191
 -0.426192   0.001695  -0.103816  -0.523273   0.082355
 -0.424500   0.001689  -0.103553  -0.523358   0.082519
 -0.422813   0.001684  -0.103291  -0.523441   0.082683
 -0.421132   0.001678  -0.103029  -0.523525   0.082846
 -0.419457   0.001673  -0.102769  -0.523608   0.083010
 -0.417787   0.001667  -0.102509  -0.523690   0.083173
 -0.416123   0.001662  -0.102250  -0.523773   0.083336
 -0.414463   0.001656  -0.101992  -0.523854   0.083499
 -0.412810   0.001651  -0.101735  -0.523936   0.083662
 -0.411162   0.001646  -0.101478  -0.524017   0.083825
 -0.409519   0.001640  -0.101222  -0.524097   0.083987
 -0.407881   0.001635  -0.100967  -0.524177   0.084150
 -0.406248   0.001630  -0.100713  -0.524257   0.084312
 -0.404621   0.001625  -0.100459  -0.524337   0.084474
 -0.402999   0.001620  -0.100207  -0.524416   0.084636
 -0.401382   0.001614  -0.099954  -0.524494   0.084798
 -0.399770   0.001609  -0.099703  -0.524573   0.084960
 -0.398163   0.001604  -0.099452  -0.524651   0.085122
 -0.396562   0.001599  -0.099202  -0.524728   0.085284
 -0.394965   0.001594  -0.098953  -0.524805   0.085445
 -0.393373   0.001589  -0.098705  -0.524882   0.085606
 -0.391786   0.001585  -0.098457  -0.524959   0.085768
 -0.390204   0.001580  -0.098210  -0.525035   0.085929
 -0.388627   0.001575  -0.097963  -0.525111   0.086090
 -0.387054   0.001570  -0.097718  -0.525186   0.086251
 -0.385486   0.001565  -0.097473  -0.525261   0.086411
 -0.383924   0.001561  -0.097228  -0.525336   0.086572
 -0.382365   0.001556  -0.096984  -0.525410   0.086733
 -0.380812   0.001551  -0.096741  -0.525484   0.086893
 -0.379263   0.001547  -0.096499  -0.525558   0.087054
 -0.377719   0.001542  -0.096257  -0.525631   0.087214
 -0.376179   0.001537  -0.096016  -0.525704   0.087374
 -0.374644   0.001533  -0.095776  -0.525777   0.087534
 -0.373113   0.001528  -0.095536  -0.525849   0.087694
 -0.371587   0.001524  -0.095297  -0.525921   0.087854
 -0.370065   0.001520  -0.095059  -0.525993   0.088013
 -0.368548   0.001515  -0.094821  -0.526064   0.088173
 -0.367035   0.001511  -0.094584  -0.526135   0.088333
 -0.365526   0.001506  -0.094347  -0.526206   0.088492
 -0.364022   0.001502  -0.094111  -0.526277   0.088651
 -0.362522   0.001498  -0.093876  -0.526347   0.088810
 -0.361026   0.001494  -0.093641  -0.526417   0.088970
 -0.359535   0.001489  -0.093407  -0.526486   0.089129
 -0.358047   0.001485  -0.093173  -0.526555   0.089288
 -0.356564   0.001481  -0.092940  -0.526624   0.089446
 -0.355085   0.001477  -0.092708  -0.526693   0.089605
 -0.353610   0.001473  -0.092476  -0.526761   0.089764
 -0.352140   0.001469  -0.092245  -0.526829   0.089922
 -0.350673   0.001465  -0.092015  -0.526897   0.090081
 -0.349210   0.001461  -0.091785  -0.526964   0.090239
 -0.347752   0.001457  -0.091555  -0.527031   0.090398
 -0.346297   0.001453  -0.091326  -0.527098   0.090556
 -0.344846   0.001449  -0.091098  -0.527165   0.090714
 -0.343400   0.001445  -0.090870  -0.527231   0.090872
 -0.341957   0.001441  -0.090643  -0.527297   0.091030
 -0.340518   0.001437  -0.090417  -0.527363   0.091188
 -0.339083   0.001433  -0.090191  -0.527428   0.091346
 -0.337651   0.001429  -0.089965  -0.527493   0.091504
 -0.336224   0.001426  -0.089740  -0.527558   0.091661
 -0.334800   0.001422  -0.089516  -0.527623   0.091819
 -0.333380   0.001418  -0.089292  -0.527687   0.091976
 -0.331963   0.001415  -0.089069  -0.527751   0.092134
 -0.330551   0.001411  -0.088846  -0.527815   0.092291
 -0.329142   0.001407  -0.088623  -0.527879   0.092449
 -0.327736   0.001404  -0.088402  -0.527942   0.092606
 -0.326335   0.001400  -0.088180  -0.528005   0.092763
 -0.324936   0.001396  -0.087960  -0.528068   0.092920
 -0.323542   0.001393  -0.087739  -0.528130   0.093077
 -0.322151   0.001389  -0.087520  -0.528193   0.093234
 -0.320763   0.001386  -0.087301  -0.528255   0.093391
 -0.319379   0.001382  -0.087082  -0.528317   0.093548
 -0.317999   0.001379  -0.086864  -0.528378   0.093704
 -0.316622   0.001375  -0.086646  -0.528439   0.093861
 -0.315248   0.001372  -0.086429  -0.528500   0.094018
 -0.313877   0.001369  -0.086212  -0.528561   0.094174
 -0.312511   0.001365  -0.085996  -0.528622   0.094331
 -0.311147   0.001362  -0.085780  -0.528682   0.094487
 -0.309787   0.001359  -0.085565  -0.528742   0.094644
 -0.308430   0.001355  -0.085350  -0.528802   0.094800
 -0.307076   0.001352  -0.085135  -0.528862   0.094956
 -0.305726   0.001349  -0.084922  -0.528921   0.095113
 -0.304378   0.001346  -0.084708  -0.528980   0.095269
 -0.303034   0.001342  -0.084495  -0.529039   0.095425
 -0.301694   0.001339  -0.084283  -0.529098   0.095581
 -0.300356   0.001336  -0.084071  -0.529156   0.095737
 -0.299022   0.001333  -0.083859  -0.529214   0.095893
 -0.297690   0.001330  -0.083648  -0.529272   0.096049
 -0.296362   0.001327  -0.083437  -0.529330   0.096205
 -0.295037   0.001324  -0.083227  -0.529388   0.096361
 -0.293715   0.001321  -0.083017  -0.529445   0.096517
 -0.292396   0.001317  -0.082808  -0.529502   0.096672
 -0.291080   0.001314  -0.082599  -0.529559   0.096828
 -0.289767   0.001311  -0.082390  -0.529616   0.096984
 -0.288457   0.001309  -0.082182  -0.529672   0.097139
 -0.287150   0.001306  -0.081975  -0.529729   0.097295
 -0.285846   0.001303  -0.081767  -0.529785   0.097450
 -0.284545   0.001300  -0.081561  -0.529841   0.097606
 -0.283247   0.001297  -0.081354  -0.529896   0.097761
 -0.281951   0.001294  -0.081148  -0.529952   0.097917
 -0.280659   0.001291  -0.080943  -0.530007   0.098072
 -0.279369   0.001288  -0.080737  -0.530062   0.098228
 -0.278082   0.001285  -0.080533  -0.530117   0.098383
 -0.276798   0.001283  -0.080328  -0.530172   0.098538
 -0.275517   0.001280  -0.080124  -0.530226   0.098694
 -0.274238   0.001277  -0.079921  -0.530280   0.098849
 -0.272963   0.001274  -0.079717  -0.530334   0.099004
 -0.271690   0.001272  -0.079515  -0.530388   0.099159
 -0.270419   0.001269  -0.079312  -0.530442   0.099314
 -0.269152   0.001266  -0.079110  -0.530495   0.099470
 -0.267887   0.001264  -0.078909  -0.530548   0.099625
 -0.266625   0.001261  -0.078707  -0.530602   0.099780
 -0.265365   0.001258  -0.078506  -0.530654   0.099935
 -0.264108   0.001256  -0.078306  -0.530707   0.100090
 -0.262854   0.001253  -0.078106  -0.530760   0.100245
 -0.261602   0.001250  -0.077906  -0.530812   0.100400
 -0.260353   0.001248  -0.077707  -0.530864   0.100555
 -0.259106   0.001245  -0.077508  -0.530916   0.100710
 -0.257862   0.001243  -0.077309  -0.530968   0.100865
 -0.256620   0.001240  -0.077111  -0.531019   0.101020
 -0.255381   0.001238  -0.076913  -0.531071   0.101175
 -0.254145   0.001235  -0.076715  -0.531122   0.101330
 -0.252911   0.001233  -0.076518  -0.531173   0.101484
 -0.251679   0.001230  -0.076321  -0.531224   0.101639
 -0.250450   0.001228  -0.076124  -0.531275   0.101794
 -0.249223   0.001226  -0.075928  -0.531325   0.101949
 -0.247998   0.001223  -0.075732  -0.531376   0.102104
 -0.246776   0.001221  -0.075537  -0.531426   0.102259
 -0.245556   0.001219  -0.075342  -0.531476   0.102414
 -0.244339   0.001216  -0.075147  -0.531526   0.102569
 -0.243124   0.001214  -0.074952  -0.531575   0.102723
 -0.241911   0.001212  -0.074758  -0.531625   0.102878
 -0.240701   0.001209  -0.074564  -0.531674   0.103033
 -0.239493   0.001207  -0.074371  -0.531723   0.103188
 -0.238287   0.001205  -0.074177  -0.531772   0.103343
 -0.237083   0.001202  -0.073984  -0.531821   0.103498
 -0.235882   0.001200  -0.073792  -0.531870   0.103652
 -0.234683   0.001198  -0.073600  -0.531918   0.103807
 -0.233486   0.001196  -0.073408  -0.531967   0.103962
 -0.232291   0.001194  -0.073216  -0.532015   0.104117
 -0.231099   0.001191  -0.073025  -0.532063   0.104272
 -0.229908   0.001189  -0.072834  -0.532111   0.104427
 -0.228720   0.001187  -0.072643  -0.532159   0.104581
 -0.227534   0.001185  -0.072452  -0.532206   0.104736
 -0.226350   0.001183  -0.072262  -0.532254   0.104891
 -0.225168   0.001181  -0.072072  -0.532301   0.105046
 -0.223988   0.001179  -0.071883  -0.532348   0.105201
 -0.222810   0.001177  -0.071694  -0.532395   0.105356
 -0.221635   0.001175  -0.071505  -0.532442   0.105511
 -0.220461   0.001173  -0.071316  -0.532489   0.105666
 -0.219290   0.001171  -0.071128  -0.532535   0.105821
 -0.218120   0.001169  -0.070940  -0.532581   0.105976
 -0.216952   0.001167  -0.070752  -0.532628   0.106131
 -0.215787   0.001165  -0.070564  -0.532674   0.106286
 -0.214623   0.001163  -0.070377  -0.532720   0.106441
 -0.213462   0.001161  -0.070190  -0.532765   0.106596
 -0.212302   0.001159  -0.070003  -0.532811   0.106751
 -0.211144   0.001157  -0.069817  -0.532857   0.106906
 -0.209988   0.001155  -0.069631  -0.532902   0.107061
 -0.208834   0.001153  -0.069445  -0.532947   0.107217
 -0.207682   0.001151  -0.069259  -0.532992   0.107372
 -0.206532   0.001149  -0.069074  -0.533037   0.107527
 -0.205384   0.001147  -0.068889  -0.533082   0.107682
 -0.204237   0.001146  -0.068704  -0.533127   0.107837
 -0.203092   0.001144  -0.068519  -0.533171   0.107993
 -0.201950   0.001142  -0.068335  -0.533216   0.108148
 -0.200809   0.001140  -0.068151  -0.533260   0.108304
 -0.199669   0.001138  -0.067967  -0.533304   0.108459
 -0.198532   0.001137  -0.067784  -0.533348   0.108614
 -0.197396   0.001135  -0.067600  -0.533392   0.108770
 -0.196263   0.001133  -0.067417  -0.533435   0.108925
 -0.195130   0.001131  -0.067234  -0.533479   0.109081
 -0.194000   0.001130  -0.067052  -0.533523   0.109237
 -0.192871   0.001128  -0.066869  -0.533566   0.109392
 -0.191744   0.001126  -0.066687  -0.533609   0.109548
 -0.190619   0.001124  -0.066505  -0.533652   0.109704
 -0.189495   0.001123  -0.066324  -0.533695   0.109859
 -0.188374   0.001121  -0.066142  -0.533738   0.110015
 -0.187253   0.001119  -0.065961  -0.533781   0.110171
 -0.186135   0.001118  -0.065780  -0.533823   0.110327
 -0.185018   0.001116  -0.065600  -0.533866   0.110483
 -0.183902   0.001115  -0.065419  -0.533908   0.110639
 -0.182789   0.001113  -0.065239  -0.533950   0.110795
 -0.181676   0.001111  -0.065059  -0.533992   0.110951
 -0.180566   0.001110  -0.064879  -0.534034   0.111107
 -0.179457   0.001108  -0.064699  -0.534076   0.111263
 -0.178349   0.001107  -0.064520  -0.534118   0.111420
 -0.177243   0.001105  -0.064341  -0.534159   0.111576
 -0.176139   0.001104  -0.064162  -0.534201   0.111732
 -0.175036   0.001102  -0.063983  -0.534242   0.111889
 -0.173935   0.001101  -0.063804  -0.534283   0.112045
 -0.172835   0.001099  -0.063626  -0.534324   0.112202
 -0.171737   0.001098  -0.063448  -0.534365   0.112358
 -0.170640   0.001096  -0.063270  -0.534406   0.112515
 -0.169545   0.001095  -0.063092  -0.534447   0.112672
 -0.168451   0.001093  -0.062915  -0.534487   0.112829
 -0.167358   0.001092  -0.062738  -0.534528   0.112985
 -0.166267   0.001090  -0.062560  -0.534568   0.113142
 -0.165178   0.001089  -0.062383  -0.534609   0.113299
 -0.164090   0.001087  -0.062207  -0.534649   0.113456
 -0.163003   0.001086  -0.062030  -0.534689   0.113614
 -0.161917   0.001085  -0.061854  -0.534729   0.113771
 -0.160833   0.001083  -0.061678  -0.534769   0.113928
 -0.159751   0.001082  -0.061502  -0.534809   0.114085
 -0.158669   0.001081  -0.061326  -0.534848   0.114243
 -0.157589   0.001079  -0.061150  -0.534888   0.114400
 -0.156511   0.001078  -0.060975  -0.534927   0.114558
 -0.155434   0.001077  -0.060800  -0.534966   0.114715
 -0.154358   0.001075  -0.060624  -0.535006   0.114873
 -0.153283   0.001074  -0.060450  -0.535045   0.115031
 -0.152210   0.001073  -0.060275  -0.535084   0.115189
 -0.151137   0.001071  -0.060100  -0.535123   0.115347
 -0.150067   0.001070  -0.059926  -0.535161   0.115505
 -0.148997   0.001069  -0.059752  -0.535200   0.115663
 -0.147929   0.001068  -0.059578  -0.535239   0.115821
 -0.146862   0.001066  -0.059404  -0.535277   0.115980
 -0.145796   0.001065  -0.059230  -0.535315   0.116138
 -0.144731   0.001064  -0.059057  -0.535354   0.116296
 -0.143668   0.001063  -0.058883  -0.535392   0.116455
 -0.142606   0.001062  -0.058710  -0.535430   0.116614
 -0.141545   0.001060  -0.058537  -0.535468   0.116772
 -0.140485   0.001059  -0.058364  -0.535506   0.116931
 -0.139426   0.001058  -0.058191  -0.535544   0.117090
 -0.138369   0.001057  -0.058019  -0.535581   0.117249
 -0.137312   0.001056  -0.057846  -0.535619   0.117408
 -0.136257   0.001055  -0.057674  -0.535656   0.117568
 -0.135203   0.001054  -0.057502  -0.535694   0.117727
 -0.134150   0.001052  -0.057330  -0.535731   0.117886
 -0.133098   0.001051  -0.057158  -0.535768   0.118046
 -0.132047   0.001050  -0.056986  -0.535805   0.118206
 -0.130998   0.001049  -0.056815  -0.535842   0.118365
 -0.129949   0.001048  -0.056643  -0.535879   0.118525
 -0.128902   0.001047  -0.056472  -0.535916   0.118685
 -0.127855   0.001046  -0.056301  -0.535953   0.118845
 -0.126810   0.001045  -0.056130  -0.535989   0.119005
 -0.125765   0.001044  -0.055959  -0.536026   0.119166
 -0.124722   0.001043  -0.055788  -0.536062   0.119326
 -0.123680   0.001042  -0.055618  -0.536098   0.119486
 -0.122638   0.001041  -0.055447  -0.536135   0.119647
 -0.121598   0.001040  -0.055277  -0.536171   0.119808
 -0.120559   0.001039  -0.055107  -0.536207   0.119969
 -0.119520   0.001038  -0.054937  -0.536243   0.120130
 -0.118483   0.001037  -0.054767  -0.536279   0.120291
 -0.117447   0.001036  -0.054597  -0.536315   0.120452
 -0.116411   0.001035  -0.054427  -0.536350   0.120613
 -0.115377   0.001034  -0.054258  -0.536386   0.120775
 -0.114343   0.001033  -0.054088  -0.536421   0.120936
 -0.113310   0.001032  -0.053919  -0.536457   0.121098
 -0.112279   0.001031  -0.053750  -0.536492   0.121260
 -0.111248   0.001030  -0.053580  -0.536528   0.121421
 -0.110218   0.001029  -0.053411  -0.536563   0.121584
 -0.109189   0.001029  -0.053243  -0.536598   0.121746
 -0.108161   0.001028  -0.053074  -0.536633   0.121908
 -0.107134   0.001027  -0.052905  -0.536668   0.122070
 -0.106107   0.001026  -0.052737  -0.536703   0.122233
 -0.105082   0.001025  -0.052568  -0.536737   0.122396
 -0.104057   0.001024  -0.052400  -0.536772   0.122559
 -0.103033   0.001023  -0.052232  -0.536807   0.122722
 -0.102010   0.001023  -0.052063  -0.536841   0.122885
 -0.100988   0.001022  -0.051895  -0.536876   0.123048
 -0.099967   0.001021  -0.051727  -0.536910   0.123211
 -0.098946   0.001020  -0.051560  -0.536944   0.123375
 -0.097926   0.001019  -0.051392  -0.536978   0.123539
 -0.096907   0.001019  -0.051224  -0.537012   0.123702
 -0.095889   0.001018  -0.051057  -0.537046   0.123866
 -0.094871   0.001017  -0.050889  -0.537080   0.124031
 -0.093855   0.001016  -0.050722  -0.537114   0.124195
 -0.092839   0.001016  -0.050555  -0.537148   0.124359
 -0.091824   0.001015  -0.050387  -0.537182   0.124524
 -0.090809   0.001014  -0.050220  -0.537215   0.124689
 -0.089795   0.001013  -0.050053  -0.537249   0.124853
 -0.088782   0.001013  -0.049886  -0.537282   0.125018
 -0.087770   0.001012  -0.049720  -0.537316   0.125184
 -0.086758   0.001011  -0.049553  -0.537349   0.125349
 -0.085747   0.001011  -0.049386  -0.537382   0.125514
 -0.084737   0.001010  -0.049220  -0.537416   0.125680
 -0.083727   0.001009  -0.049053  -0.537449   0.125846
 -0.082718   0.001009  -0.048887  -0.537482   0.126012
 -0.081710   0.001008  -0.048720  -0.537515   0.126178
 -0.080702   0.001007  -0.048554  -0.537547   0.126344
 -0.079695   0.001007  -0.048388  -0.537580   0.126511
 -0.078689   0.001006  -0.048222  -0.537613   0.126677
 -0.077683   0.001005  -0.048055  -0.537646   0.126844
 -0.076678   0.001005  -0.047889  -0.537678   0.127011
 -0.075674   0.001004  -0.047723  -0.537711   0.127178
 -0.074670   0.001004  -0.047558  -0.537743   0.127346
 -0.073666   0.001003  -0.047392  -0.537775   0.127513
 -0.072664   0.001002  -0.047226  -0.537808   0.127681
 -0.071661   0.001002  -0.047060  -0.537840   0.127849
 -0.070660   0.001001  -0.046895  -0.537872   0.128017
 -0.069659   0.001001  -0.046729  -0.537904   0.128185
 -0.068658   0.001000  -0.046564  -0.537936   0.128354
 -0.067658   0.001000  -0.046398  -0.537968   0.128522
 -0.066659   0.000999  -0.046233  -0.538000   0.128691
 -0.065660   0.000999  -0.046067  -0.538032   0.128860
 -0.064661   0.000998  -0.045902  -0.538063   0.129029
 -0.063663   0.000998  -0.045737  -0.538095   0.129198
 -0.062666   0.000997  -0.045572  -0.538127   0.129368
 -0.061669   0.000997  -0.045406  -0.538158   0.129538
 -0.060673   0.000996  -0.045241  -0.538189   0.129708
 -0.059677   0.000996  -0.045076  -0.538221   0.129878
 -0.058681   0.000995  -0.044911  -0.538252   0.130048
 -0.057686   0.000995  -0.044746  -0.538283   0.130218
 -0.056692   0.000994  -0.044581  -0.538315   0.130389
 -0.055697   0.000994  -0.044417  -0.538346   0.130560
 -0.054704   0.000993  -0.044252  -0.538377   0.130731
 -0.053710   0.000993  -0.044087  -0.538408   0.130902
 -0.052718   0.000993  -0.043922  -0.538439   0.131074
 -0.051725   0.000992  -0.043757  -0.538469   0.131246
 -0.050733   0.000992  -0.043593  -0.538500   0.131418
 -0.049741   0.000991  -0.043428  -0.538531   0.131590
 -0.048750   0.000991  -0.043263  -0.538561   0.131762
 -0.047759   0.000991  -0.043099  -0.538592   0.131935
 -0.046769   0.000990  -0.042934  -0.538623   0.132108
 -0.045779   0.000990  -0.042770  -0.538653   0.132281
 -0.044789   0.000990  -0.042605  -0.538683   0.132454
 -0.043799   0.000989  -0.042441  -0.538714   0.132627
 -0.042810   0.000989  -0.042276  -0.538744   0.132801
 -0.041821   0.000989  -0.042112  -0.538774   0.132975
 -0.040833   0.000988  -0.041947  -0.538804   0.133149
 -0.039845   0.000988  -0.041783  -0.538834   0.133323
 -0.038857   0.000988  -0.041618  -0.538864   0.133498
 -0.037869   0.000987  -0.041454  -0.538894   0.133673
 -0.036882   0.000987  -0.041290  -0.538924   0.133848
 -0.035895   0.000987  -0.041125  -0.538954   0.134023
 -0.034909   0.000987  -0.040961  -0.538984   0.134198
 -0.033922   0.000986  -0.040797  -0.539013   0.134374
 -0.032936   0.000986  -0.040632  -0.539043   0.134550
 -0.031950   0.000986  -0.040468  -0.539073   0.134726
 -0.030965   0.000986  -0.040304  -0.539102   0.134903
 -0.029979   0.000985  -0.040139  -0.539132   0.135079
 -0.028994   0.000985  -0.039975  -0.539161   0.135256
 -0.028009   0.000985  -0.039811  -0.539190   0.135433
 -0.027024   0.000985  -0.039647  -0.539220   0.135611
 -0.026040   0.000984  -0.039482  -0.539249   0.135789
 -0.025056   0.000984  -0.039318  -0.539278   0.135966
 -0.024071   0.000984  -0.039154  -0.539307   0.136145
 -0.023087   0.000984  -0.038990  -0.539336   0.136323
 -0.022104   0.000984  -0.038825  -0.539365   0.136502
 -0.021120   0.000983  -0.038661  -0.539394   0.136681
 -0.020137   0.000983  -0.038497  -0.539423   0.136860
 -0.019153   0.000983  -0.038332  -0.539452   0.137039
 -0.018170   0.000983  -0.038168  -0.539480   0.137219
 -0.017187   0.000983  -0.038004  -0.539509   0.137399
 -0.016205   0.000983  -0.037840  -0.539538   0.137579
 -0.015222   0.000983  -0.037675  -0.539566   0.137760
 -0.014239   0.000983  -0.037511  -0.539595   0.137941
 -0.013257   0.000982  -0.037347  -0.539623   0.138122
 -0.012274   0.000982  -0.037182  -0.539652   0.138303
 -0.011292   0.000982  -0.037018  -0.539680   0.138485
 -0.010310   0.000982  -0.036853  -0.539708   0.138667
 -0.009328   0.000982  -0.036689  -0.539736   0.138849
 -0.008346   0.000982  -0.036524  -0.539765   0.139031
 -0.007364   0.000982  -0.036360  -0.539793   0.139214
 -0.006382   0.000982  -0.036196  -0.539821   0.139397
 -0.005400   0.000982  -0.036031  -0.539849   0.139580
 -0.004418   0.000982  -0.035866  -0.539877   0.139764
 -0.003436   0.000982  -0.035702  -0.539905   0.139948
 -0.002454   0.000982  -0.035537  -0.539933   0.140132
 -0.001473   0.000982  -0.035373  -0.539960   0.140317
 -0.000491   0.000982  -0.035208  -0.539988   0.140501
  0.000491   0.000982  -0.035043  -0.540016   0.140686
  0.001473   0.000982  -0.034879  -0.540043   0.140872
  0.002454   0.000982  -0.034714  -0.540071   0.141058
  0.003436   0.000982  -0.034549  -0.540099   0.141244
  0.004418   0.000982  -0.034384  -0.540126   0.141430
  0.005400   0.000982  -0.034219  -0.540153   0.141616
  0.006382   0.000982  -0.034054  -0.540181   0.141803
  0.007364   0.000982  -0.033889  -0.540208   0.141991
  0.008346   0.000982  -0.033724  -0.540235   0.142178
  0.009328   0.000982  -0.033559  -0.540263   0.142366
  0.010310   0.000982  -0.033394  -0.540290   0.142554
  0.011292   0.000982  -0.033229  -0.540317   0.142743
  0.012274   0.000982  -0.033064  -0.540344   0.142932
  0.013257   0.000982  -0.032899  -0.540371   0.143121
  0.014239   0.000983  -0.032733  -0.540398   0.143310
  0.015222   0.000983  -0.032568  -0.540425   0.143500
  0.016205   0.000983  -0.032403  -0.540452   0.143690
  0.017187   0.000983  -0.032237  -0.540478   0.143881
  0.018170   0.000983  -0.032072  -0.540505   0.144071
  0.019153   0.000983  -0.031906  -0.540532   0.144263
  0.020137   0.000983  -0.031741  -0.540558   0.144454
  0.021120   0.000983  -0.031575  -0.540585   0.144646
  0.022104   0.000984  -0.031409  -0.540612   0.144838
  0.023087   0.000984  -0.031243  -0.540638   0.145031
  0.024071   0.000984  -0.031077  -0.540665   0.145224
  0.025056   0.000984  -0.030911  -0.540691   0.145417
  0.026040   0.000984  -0.030745  -0.540717   0.145610
  0.027024   0.000985  -0.030579  -0.540744   0.145804
  0.028009   0.000985  -0.030413  -0.540770   0.145999
  0.028994   0.000985  -0.030247  -0.540796   0.146193
  0.029979   0.000985  -0.030081  -0.540822   0.146388
  0.030965   0.000986  -0.029914  -0.540848   0.146584
  0.031950   0.000986  -0.029748  -0.540874   0.146779
  0.032936   0.000986  -0.029581  -0.540900   0.146975
  0.033922   0.000986  -0.029415  -0.540926   0.147172
  0.034909   0.000987  -0.029248  -0.540952   0.147369
  0.035895   0.000987  -0.029081  -0.540978   0.147566
  0.036882   0.000987  -0.028915  -0.541004   0.147764
  0.037869   0.000987  -0.028748  -0.541030   0.147962
  0.038857   0.000988  -0.028581  -0.541055   0.148160
  0.039845   0.000988  -0.028414  -0.541081   0.148359
  0.040833   0.000988  -0.028247  -0.541107   0.148558
  0.041821   0.000989  -0.028079  -0.541132   0.148758
  0.042810   0.000989  -0.027912  -0.541158   0.148958
  0.043799   0.000989  -0.027745  -0.541183   0.149158
  0.044789   0.000990  -0.027577  -0.541208   0.149359
  0.045779   0.000990  -0.027409  -0.541234   0.149560
  0.046769   0.000990  -0.027242  -0.541259   0.149761
  0.047759   0.000991  -0.027074  -0.541284   0.149963
  0.048750   0.000991  -0.026906  -0.541310   0.150166
  0.049741   0.000991  -0.026738  -0.541335   0.150368
  0.050733   0.000992  -0.026570  -0.541360   0.150572
  0.051725   0.000992  -0.026402  -0.541385   0.150775
  0.052718   0.000993  -0.026233  -0.541410   0.150979
  0.053710   0.000993  -0.026065  -0.541435   0.151184
  0.054704   0.000993  -0.025896  -0.541460   0.151389
  0.055697   0.000994  -0.025728  -0.541485   0.151594
  0.056692   0.000994  -0.025559  -0.541510   0.151800
  0.057686   0.000995  -0.025390  -0.541535   0.152006
  0.058681   0.000995  -0.025221  -0.541559   0.152212
  0.059677   0.000996  -0.025052  -0.541584   0.152419
  0.060673   0.000996  -0.024883  -0.541609   0.152627
  0.061669   0.000997  -0.024714  -0.541633   0.152835
  0.062666   0.000997  -0.024544  -0.541658   0.153043
  0.063663   0.000998  -0.024375  -0.541682   0.153252
  0.064661   0.000998  -0.024205  -0.541707   0.153461
  0.065660   0.000999  -0.024035  -0.541731   0.153671
  0.066659   0.000999  -0.023865  -0.541756   0.153881
  0.067658   0.001000  -0.023695  -0.541780   0.154092
  0.068658   0.001000  -0.023525  -0.541804   0.154303
  0.069659   0.001001  -0.023355  -0.541829   0.154514
  0.070660   0.001001  -0.023184  -0.541853   0.154726
  0.071661   0.001002  -0.023014  -0.541877   0.154939
  0.072664   0.001002  -0.022843  -0.541901   0.155152
  0.073666   0.001003  -0.022672  -0.541925   0.155365
  0.074670   0.001004  -0.022501  -0.541949   0.155579
  0.075674   0.001004  -0.022330  -0.541973   0.155794
  0.076678   0.001005  -0.022159  -0.541997   0.156009
  0.077683   0.001005  -0.021988  -0.542021   0.156224
  0.078689   0.001006  -0.021816  -0.542045   0.156440
  0.079695   0.001007  -0.021645  -0.542069   0.156656
  0.080702   0.001007  -0.021473  -0.542092   0.156873
  0.081710   0.001008  -0.021301  -0.542116   0.157091
  0.082718   0.001009  -0.021129  -0.542140   0.157309
  0.083727   0.001009  -0.020956  -0.542163   0.157527
  0.084737   0.001010  -0.020784  -0.542187   0.157746
  0.085747   0.001011  -0.020612  -0.542210   0.157965
  0.086758   0.001011  -0.020439  -0.542234   0.158185
  0.087770   0.001012  -0.020266  -0.542257   0.158406
  0.088782   0.001013  -0.020093  -0.542281   0.158627
  0.089795   0.001013  -0.019920  -0.542304   0.158848
  0.090809   0.001014  -0.019747  -0.542327   0.159071
  0.091824   0.001015  -0.019573  -0.542350   0.159293
  0.092839   0.001016  -0.019399  -0.542374   0.159516
  0.093855   0.001016  -0.019226  -0.542397   0.159740
  0.094871   0.001017  -0.019052  -0.542420   0.159964
  0.095889   0.001018  -0.018877  -0.542443   0.160189
  0.096907   0.001019  -0.018703  -0.542466   0.160414
  0.097926   0.001019  -0.018529  -0.542489   0.160640
  0.098946   0.001020  -0.018354  -0.542512   0.160867
  0.099967   0.001021  -0.018179  -0.542535   0.161094
  0.100988   0.001022  -0.018004  -0.542558   0.161321
  0.102010   0.001023  -0.017829  -0.542580   0.161549
  0.103033   0.001023  -0.017654  -0.542603   0.161778
  0.104057   0.001024  -0.017478  -0.542626   0.162007
  0.105082   0.001025  -0.017302  -0.542649   0.162237
  0.106107   0.001026  -0.017126  -0.542671   0.162468
  0.107134   0.001027  -0.016950  -0.542694   0.162699
  0.108161   0.001028  -0.016774  -0.542716   0.162931
  0.109189   0.001029  -0.016598  -0.542739   0.163163
  0.110218   0.001029  -0.016421  -0.542761   0.163396
  0.111248   0.001030  -0.016244  -0.542784   0.163629
  0.112279   0.001031  -0.016067  -0.542806   0.163863
  0.113310   0.001032  -0.015890  -0.542828   0.164098
  0.114343   0.001033  -0.015712  -0.542850   0.164333
  0.115377   0.001034  -0.015535  -0.542873   0.164569
  0.116411   0.001035  -0.015357  -0.542895   0.164806
  0.117447   0.001036  -0.015179  -0.542917   0.165043
  0.118483   0.001037  -0.015001  -0.542939   0.165281
  0.119520   0.001038  -0.014822  -0.542961   0.165519
  0.120559   0.001039  -0.014644  -0.542983   0.165758
  0.121598   0.001040  -0.014465  -0.543005   0.165998
  0.122638   0.001041  -0.014286  -0.543027   0.166238
  0.123680   0.001042  -0.014106  -0.543049   0.166479
  0.124722   0.001043  -0.013927  -0.543070   0.166721
  0.125765   0.001044  -0.013747  -0.543092   0.166963
  0.126810   0.001045  -0.013567  -0.543114   0.167206
  0.127855   0.001046  -0.013387  -0.543136   0.167450
  0.128902   0.001047  -0.013207  -0.543157   0.167694
  0.129949   0.001048  -0.013026  -0.543179   0.167939
  0.130998   0.001049  -0.012845  -0.543200   0.168185
  0.132047   0.001050  -0.012664  -0.543222   0.168431
  0.133098   0.001051  -0.012483  -0.543243   0.168678
  0.134150   0.001052  -0.012301  -0.543264   0.168926
  0.135203   0.001054  -0.012120  -0.543286   0.169174
  0.136257   0.001055  -0.011938  -0.543307   0.169424
  0.137312   0.001056  -0.011755  -0.543328   0.169674
  0.138369   0.001057  -0.011573  -0.543349   0.169924
  0.139426   0.001058  -0.011390  -0.543371   0.170175
  0.140485   0.001059  -0.011207  -0.543392   0.170427
  0.141545   0.001060  -0.011024  -0.543413   0.170680
  0.142606   0.001062  -0.010841  -0.543434   0.170934
  0.143668   0.001063  -0.010657  -0.543455   0.171188
  0.144731   0.001064  -0.010473  -0.543476   0.171443
  0.145796   0.001065  -0.010289  -0.543496   0.171699
  0.146862   0.001066  -0.010105  -0.543517   0.171955
  0.147929   0.001068  -0.009920  -0.543538   0.172212
  0.148997   0.001069  -0.009735  -0.543559   0.172470
  0.150067   0.001070  -0.009550  -0.543579   0.172729
  0.151137   0.001071  -0.009364  -0.543600   0.172989
  0.152210   0.001073  -0.009179  -0.543621   0.173249
  0.153283   0.001074  -0.008993  -0.543641   0.173510
  0.154358   0.001075  -0.008806  -0.543662   0.173772
  0.155434   0.001077  -0.008620  -0.543682   0.174034
  0.156511   0.001078  -0.008433  -0.543702   0.174298
  0.157589   0.001079  -0.008246  -0.543723   0.174562
  0.158669   0.001081  -0.008059  -0.543743   0.174827
  0.159751   0.001082  -0.007871  -0.543763   0.175093
  0.160833   0.001083  -0.007683  -0.543783   0.175360
  0.161917   0.001085  -0.007495  -0.543803   0.175627
  0.163003   0.001086  -0.007306  -0.543823   0.175896
  0.164090   0.001087  -0.007118  -0.543844   0.176165
  0.165178   0.001089  -0.006929  -0.543863   0.176435
  0.166267   0.001090  -0.006739  -0.543883   0.176706
  0.167358   0.001092  -0.006550  -0.543903   0.176977
  0.168451   0.001093  -0.006360  -0.543923   0.177250
  0.169545   0.001095  -0.006169  -0.543943   0.177523
  0.170640   0.001096  -0.005979  -0.543963   0.177798
  0.171737   0.001098  -0.005788  -0.543982   0.178073
  0.172835   0.001099  -0.005597  -0.544002   0.178349
  0.173935   0.001101  -0.005406  -0.544021   0.178626
  0.175036   0.001102  -0.005214  -0.544041   0.178904
  0.176139   0.001104  -0.005022  -0.544060   0.179183
  0.177243   0.001105  -0.004829  -0.544080   0.179462
  0.178349   0.001107  -0.004637  -0.544099   0.179743
  0.179457   0.001108  -0.004444  -0.544118   0.180024
  0.180566   0.001110  -0.004251  -0.544138   0.180307
  0.181676   0.001111  -0.004057  -0.544157   0.180590
  0.182789   0.001113  -0.003863  -0.544176   0.180874
  0.183902   0.001115  -0.003669  -0.544195   0.181159
  0.185018   0.001116  -0.003474  -0.544214   0.181446
  0.186135   0.001118  -0.003279  -0.544233   0.181733
  0.187253   0.001119  -0.003084  -0.544252   0.182021
  0.188374   0.001121  -0.002888  -0.544271   0.182310
  0.189495   0.001123  -0.002692  -0.544290   0.182600
  0.190619   0.001124  -0.002496  -0.544308   0.182891
  0.191744   0.001126  -0.002299  -0.544327   0.183183
  0.192871   0.001128  -0.002102  -0.544346   0.183476
  0.194000   0.001130  -0.001905  -0.544364   0.183770
  0.195130   0.001131  -0.001708  -0.544383   0.184065
  0.196263   0.001133  -0.001509  -0.544401   0.184361
  0.197396   0.001135  -0.001311  -0.544420   0.184658
  0.198532   0.001137  -0.001112  -0.544438   0.184956
  0.199669   0.001138  -0.000913  -0.544456   0.185255
  0.200809   0.001140  -0.000714  -0.544475   0.185555
  0.201950   0.001142  -0.000514  -0.544493   0.185856
  0.203092   0.001144  -0.000314  -0.544511   0.186158
  0.204237   0.001146  -0.000113  -0.544529   0.186461
  0.205384   0.001147   0.000088  -0.544547   0.186766
  0.206532   0.001149   0.000289  -0.544565   0.187071
  0.207682   0.001151   0.000491  -0.544583   0.187378
  0.208834   0.001153   0.000693  -0.544601   0.187685
  0.209988   0.001155   0.000895  -0.544619   0.187994
  0.211144   0.001157   0.001098  -0.544636   0.188304
  0.212302   0.001159   0.001301  -0.544654   0.188615
  0.213462   0.001161   0.001505  -0.544672   0.188927
  0.214623   0.001163   0.001709  -0.544689   0.189240
  0.215787   0.001165   0.001913  -0.544707   0.189555
  0.216952   0.001167   0.002118  -0.544724   0.189870
  0.218120   0.001169   0.002323  -0.544741   0.190187
  0.219290   0.001171   0.002528  -0.544759   0.190505
  0.220461   0.001173   0.002734  -0.544776   0.190824
  0.221635   0.001175   0.002941  -0.544793   0.191144
  0.222810   0.001177   0.003148  -0.544810   0.191465
  0.223988   0.001179   0.003355  -0.544827   0.191788
  0.225168   0.001181   0.003563  -0.544844   0.192111
  0.226350   0.001183   0.003771  -0.544861   0.192436
  0.227534   0.001185   0.003979  -0.544878   0.192763
  0.228720   0.001187   0.004188  -0.544894   0.193090
  0.229908   0.001189   0.004397  -0.544911   0.193419
  0.231099   0.001191   0.004607  -0.544928   0.193749
  0.232291   0.001194   0.004817  -0.544944   0.194080
  0.233486   0.001196   0.005028  -0.544961   0.194413
  0.234683   0.001198   0.005239  -0.544977   0.194746
  0.235882   0.001200   0.005451  -0.544994   0.195081
  0.237083   0.001202   0.005663  -0.545010   0.195418
  0.238287   0.001205   0.005875  -0.545026   0.195755
  0.239493   0.001207   0.006088  -0.545042   0.196094
  0.240701   0.001209   0.006301  -0.545058   0.196435
  0.241911   0.001212   0.006515  -0.545074   0.196776
  0.243124   0.001214   0.006729  -0.545090   0.197119
  0.244339   0.001216   0.006944  -0.545106   0.197464
  0.245556   0.001219   0.007159  -0.545122   0.197809
  0.246776   0.001221   0.007375  -0.545138   0.198156
  0.247998   0.001223   0.007591  -0.545153   0.198505
  0.249223   0.001226   0.007808  -0.545169   0.198855
  0.250450   0.001228   0.008025  -0.545184   0.199206
  0.251679   0.001230   0.008243  -0.545200   0.199559
  0.252911   0.001233   0.008461  -0.545215   0.199913
  0.254145   0.001235   0.008679  -0.545230   0.200268
  0.255381   0.001238   0.008898  -0.545245   0.200625
  0.256620   0.001240   0.009118  -0.545261   0.200984
  0.257862   0.001243   0.009338  -0.545276   0.201344
  0.259106   0.001245   0.009559  -0.545291   0.201705
  0.260353   0.001248   0.009780  -0.545305   0.202068
  0.261602   0.001250   0.010001  -0.545320   0.202432
  0.262854   0.001253   0.010223  -0.545335   0.202798
  0.264108   0.001256   0.010446  -0.545350   0.203166
  0.265365   0.001258   0.010669  -0.545364   0.203535
  0.266625   0.001261   0.010893  -0.545379   0.203905
  0.267887   0.001264   0.011117  -0.545393   0.204277
  0.269152   0.001266   0.011342  -0.545407   0.204651
  0.270419   0.001269   0.011567  -0.545421   0.205026
  0.271690   0.001272   0.011793  -0.545436   0.205403
  0.272963   0.001274   0.012019  -0.545450   0.205782
  0.274238   0.001277   0.012246  -0.545464   0.206162
  0.275517   0.001280   0.012474  -0.545477   0.206543
  0.276798   0.001283   0.012702  -0.545491   0.206927
  0.278082   0.001285   0.012930  -0.545505   0.207312
  0.279369   0.001288   0.013160  -0.545518   0.207698
  0.280659   0.001291   0.013389  -0.545532   0.208087
  0.281951   0.001294   0.013620  -0.545545   0.208477
  0.283247   0.001297   0.013850  -0.545559   0.208869
  0.284545   0.001300   0.014082  -0.545572   0.209262
  0.285846   0.001303   0.014314  -0.545585   0.209657
  0.287150   0.001306   0.014547  -0.545598   0.210054
  0.288457   0.001309   0.014780  -0.545611   0.210453
  0.289767   0.001311   0.015014  -0.545624   0.210853
  0.291080   0.001314   0.015248  -0.545637   0.211256
  0.292396   0.001317   0.015483  -0.545649   0.211660
  0.293715   0.001321   0.015719  -0.545662   0.212066
  0.295037   0.001324   0.015955  -0.545674   0.212474
  0.296362   0.001327   0.016192  -0.545687   0.212883
  0.297690   0.001330   0.016429  -0.545699   0.213295
  0.299022   0.001333   0.016667  -0.545711   0.213708
  0.300356   0.001336   0.016906  -0.545723   0.214123
  0.301694   0.001339   0.017145  -0.545735   0.214540
  0.303034   0.001342   0.017385  -0.545747   0.214959
  0.304378   0.001346   0.017626  -0.545759   0.215380
  0.305726   0.001349   0.017867  -0.545770   0.215803
  0.307076   0.001352   0.018109  -0.545782   0.216228
  0.308430   0.001355   0.018352  -0.545793   0.216655
  0.309787   0.001359   0.018595  -0.545805   0.217084
  0.311147   0.001362   0.018839  -0.545816   0.217515
  0.312511   0.001365   0.019083  -0.545827   0.217948
  0.313877   0.001369   0.019329  -0.545838   0.218383
  0.315248   0.001372   0.019574  -0.545849   0.218820
  0.316622   0.001375   0.019821  -0.545860   0.219259
  0.317999   0.001379   0.020068  -0.545870   0.219701
  0.319379   0.001382   0.020316  -0.545881   0.220144
  0.320763   0.001386   0.020565  -0.545891   0.220589
  0.322151   0.001389   0.020814  -0.545901   0.221037
  0.323542   0.001393   0.021064  -0.545912   0.221487
  0.324936   0.001396   0.021315  -0.545922   0.221939
  0.326335   0.001400   0.021567  -0.545931   0.222393
  0.327736   0.001404   0.021819  -0.545941   0.222849
  0.329142   0.001407   0.022072  -0.545951   0.223308
  0.330551   0.001411   0.022326  -0.545960   0.223769
  0.331963   0.001415   0.022580  -0.545970   0.224232
  0.333380   0.001418   0.022835  -0.545979   0.224698
  0.334800   0.001422   0.023091  -0.545988   0.225165
  0.336224   0.001426   0.023348  -0.545997   0.225636
  0.337651   0.001429   0.023605  -0.546006   0.226108
  0.339083   0.001433   0.023863  -0.546015   0.226583
  0.340518   0.001437   0.024122  -0.546024   0.227060
  0.341957   0.001441   0.024382  -0.546032   0.227540
  0.343400   0.001445   0.024642  -0.546040   0.228022
  0.344846   0.001449   0.024904  -0.546049   0.228506
  0.346297   0.001453   0.025166  -0.546057   0.228993
  0.347752   0.001457   0.025429  -0.546065   0.229483
  0.349210   0.001461   0.025692  -0.546072   0.229975
  0.350673   0.001465   0.025957  -0.546080   0.230469
  0.352140   0.001469   0.026222  -0.546088   0.230967
  0.353610   0.001473   0.026488  -0.546095   0.231466
  0.355085   0.001477   0.026755  -0.546102   0.231968
  0.356564   0.001481   0.027023  -0.546109   0.232473
  0.358047   0.001485   0.027291  -0.546116   0.232981
  0.359535   0.001489   0.027561  -0.546123   0.233491
  0.361026   0.001494   0.027831  -0.546129   0.234004
  0.362522   0.001498   0.028102  -0.546136   0.234520
  0.364022   0.001502   0.028374  -0.546142   0.235038
  0.365526   0.001506   0.028647  -0.546148   0.235559
  0.367035   0.001511   0.028921  -0.546154   0.236083
  0.368548   0.001515   0.029195  -0.546160   0.236610
  0.370065   0.001520   0.029471  -0.546165   0.237139
  0.371587   0.001524   0.029747  -0.546171   0.237672
  0.373113   0.001528   0.030024  -0.546176   0.238207
  0.374644   0.001533   0.030302  -0.546181   0.238745
  0.376179   0.001537   0.030582  -0.546186   0.239286
  0.377719   0.001542   0.030862  -0.546191   0.239830
  0.379263   0.001547   0.031142  -0.546196   0.240378
  0.380812   0.001551   0.031424  -0.546200   0.240928
  0.382365   0.001556   0.031707  -0.546204   0.241481
  0.383924   0.001561   0.031991  -0.546208   0.242037
  0.385486   0.001565   0.032275  -0.546212   0.242596
  0.387054   0.001570   0.032561  -0.546216   0.243159
  0.388627   0.001575   0.032848  -0.546219   0.243724
  0.390204   0.001580   0.033135  -0.546222   0.244293
  0.391786   0.001585   0.033424  -0.546226   0.244865
  0.393373   0.001589   0.033713  -0.546228   0.245440
  0.394965   0.001594   0.034004  -0.546231   0.246018
  0.396562   0.001599   0.034295  -0.546234   0.246600
  0.398163   0.001604   0.034588  -0.546236   0.247185
  0.399770   0.001609   0.034881  -0.546238   0.247773
  0.401382   0.001614   0.035176  -0.546240   0.248365
  0.402999   0.001620   0.035471  -0.546242   0.248960
  0.404621   0.001625   0.035768  -0.546243   0.249559
  0.406248   0.001630   0.036065  -0.546244   0.250161
  0.407881   0.001635   0.036364  -0.546245   0.250767
  0.409519   0.001640   0.036664  -0.546246   0.251376
  0.411162   0.001646   0.036965  -0.546247   0.251988
  0.412810   0.001651   0.037267  -0.546247   0.252605
  0.414463   0.001656   0.037570  -0.546247   0.253224
  0.416123   0.001662   0.037874  -0.546247   0.253848
  0.417787   0.001667   0.038179  -0.546247   0.254475
  0.419457   0.001673   0.038485  -0.546246   0.255106
  0.421132   0.001678   0.038792  -0.546246   0.255741
  0.422813   0.001684   0.039101  -0.546245   0.256380
  0.424500   0.001689   0.039411  -0.546243   0.257022
  0.426192   0.001695   0.039721  -0.546242   0.257668
  0.427890   0.001701   0.040033  -0.546240   0.258319
  0.429594   0.001706   0.040346  -0.546238   0.258973
  0.431303   0.001712   0.040661  -0.546236   0.259631
  0.433018   0.001718   0.040976  -0.546233   0.260293
  0.434739   0.001724   0.041293  -0.546230   0.260959
  0.436466   0.001730   0.041610  -0.546227   0.261629
  0.438199   0.001736   0.041929  -0.546224   0.262304
  0.439938   0.001742   0.042250  -0.546221   0.262983
  0.441682   0.001748   0.042571  -0.546217   0.263665
  0.443433   0.001754   0.042894  -0.546213   0.264352
  0.445190   0.001760   0.043218  -0.546208   0.265044
  0.446953   0.001766   0.043543  -0.546203   0.265740
  0.448723   0.001772   0.043869  -0.546198   0.266440
  0.450498   0.001779   0.044197  -0.546193   0.267144
  0.452280   0.001785   0.044526  -0.546188   0.267853
  0.454069   0.001791   0.044856  -0.546182   0.268567
  0.455863   0.001798   0.045188  -0.546176   0.269285
  0.457664   0.001804   0.045520  -0.546169   0.270007
  0.459472   0.001811   0.045855  -0.546162   0.270734
  0.461286   0.001817   0.046190  -0.546155   0.271466
  0.463106   0.001824   0.046527  -0.546148   0.272203
  0.464934   0.001831   0.046865  -0.546140   0.272944
  0.466768   0.001837   0.047204  -0.546132   0.273691
  0.468608   0.001844   0.047545  -0.546124   0.274442
  0.470456   0.001851   0.047888  -0.546115   0.275198
  0.472310   0.001858   0.048231  -0.546106   0.275959
  0.474171   0.001865   0.048576  -0.546097   0.276724
  0.476040   0.001872   0.048923  -0.546087   0.277495
  0.477915   0.001879   0.049271  -0.546077   0.278272
  0.479797   0.001886   0.049620  -0.546066   0.279053
  0.481686   0.001893   0.049971  -0.546056   0.279839
  0.483583   0.001900   0.050323  -0.546045   0.280631
  0.485486   0.001907   0.050677  -0.546033   0.281428
  0.487397   0.001915   0.051032  -0.546021   0.282230
  0.489316   0.001922   0.051389  -0.546009   0.283038
  0.491241   0.001929   0.051747  -0.545996   0.283851
  0.493175   0.001937   0.052106  -0.545983   0.284670
  0.495115   0.001944   0.052468  -0.545970   0.285495
  0.497063   0.001952   0.052830  -0.545956   0.286324
  0.499019   0.001960   0.053195  -0.545942   0.287160
  0.500983   0.001967   0.053561  -0.545927   0.288002
  0.502954   0.001975   0.053928  -0.545912   0.288849
  0.504933   0.001983   0.054297  -0.545897   0.289702
  0.506920   0.001991   0.054668  -0.545881   0.290561
  0.508915   0.001999   0.055040  -0.545865   0.291426
  0.510918   0.002007   0.055414  -0.545848   0.292297
  0.512928   0.002015   0.055789  -0.545831   0.293174
  0.514947   0.002023   0.056167  -0.545813   0.294057
  0.516975   0.002031   0.056545  -0.545795   0.294946
  0.519010   0.002040   0.056926  -0.545777   0.295842
  0.521054   0.002048   0.057308  -0.545758   0.296744
  0.523106   0.002056   0.057692  -0.545738   0.297653
  0.525166   0.002065   0.058078  -0.545718   0.298568
  0.527236   0.002073   0.058465  -0.545698   0.299489
  0.529313   0.002082   0.058854  -0.545677   0.300417
  0.531400   0.002091   0.059245  -0.545656   0.301352
  0.533495   0.002099   0.059638  -0.545634   0.302293
  0.535598   0.002108   0.060033  -0.545611   0.303242
  0.537711   0.002117   0.060429  -0.545588   0.304197
  0.539833   0.002126   0.060827  -0.545565   0.305159
  0.541963   0.002135   0.061227  -0.545541   0.306128
  0.544103   0.002144   0.061629  -0.545516   0.307104
  0.546252   0.002154   0.062033  -0.545491   0.308088
  0.548410   0.002163   0.062438  -0.545466   0.309078
  0.550578   0.002172   0.062846  -0.545440   0.310076
  0.552755   0.002182   0.063255  -0.545413   0.311082
  0.554941   0.002191   0.063667  -0.545386   0.312094
  0.557137   0.002201   0.064080  -0.545358   0.313115
  0.559342   0.002210   0.064495  -0.545329   0.314143
  0.561558   0.002220   0.064912  -0.545300   0.315178
  0.563783   0.002230   0.065332  -0.545270   0.316222
  0.566018   0.002240   0.065753  -0.545240   0.317273
  0.568262   0.002250   0.066176  -0.545209   0.318332
  0.570517   0.002260   0.066602  -0.545178   0.319399
  0.572782   0.002270   0.067029  -0.545146   0.320474
  0.575058   0.002280   0.067459  -0.545113   0.321558
  0.577343   0.002291   0.067891  -0.545079   0.322649
  0.579639   0.002301   0.068324  -0.545045   0.323749
  0.581945   0.002312   0.068760  -0.545010   0.324858
  0.584262   0.002322   0.069198  -0.544975   0.325975
  0.586590   0.002333   0.069639  -0.544938   0.327100
  0.588928   0.002344   0.070081  -0.544901   0.328234
  0.591278   0.002355   0.070526  -0.544864   0.329377
  0.593638   0.002366   0.070973  -0.544825   0.330529
  0.596009   0.002377   0.071422  -0.544786   0.331690
  0.598391   0.002388   0.071874  -0.544746   0.332860
  0.600785   0.002399   0.072328  -0.544706   0.334039
  0.603190   0.002411   0.072784  -0.544664   0.335227
  0.605606   0.002422   0.073242  -0.544622   0.336425
  0.608034   0.002434   0.073703  -0.544579   0.337632
  0.610473   0.002445   0.074166  -0.544535   0.338848
  0.612924   0.002457   0.074632  -0.544491   0.340074
  0.615387   0.002469   0.075100  -0.544445   0.341310
  0.617862   0.002481   0.075570  -0.544399   0.342555
  0.620349   0.002493   0.076043  -0.544352   0.343811
  0.622848   0.002505   0.076519  -0.544304   0.345076
  0.625359   0.002517   0.076997  -0.544255   0.346352
  0.627883   0.002530   0.077477  -0.544205   0.347638
  0.630419   0.002542   0.077960  -0.544154   0.348934
  0.632968   0.002555   0.078446  -0.544103   0.350240
  0.635529   0.002568   0.078934  -0.544050   0.351557
  0.638104   0.002581   0.079425  -0.543996   0.352885
  0.640691   0.002594   0.079919  -0.543942   0.354223
  0.643291   0.002607   0.080415  -0.543886   0.355572
  0.645905   0.002620   0.080914  -0.543830   0.356932
  0.648531   0.002633   0.081415  -0.543773   0.358303
  0.651171   0.002647   0.081920  -0.543714   0.359685
  0.653825   0.002660   0.082427  -0.543654   0.361079
  0.656492   0.002674   0.082937  -0.543594   0.362484
  0.659174   0.002688   0.083450  -0.543532   0.363900
  0.661869   0.002702   0.083965  -0.543469   0.365328
  0.664578   0.002716   0.084484  -0.543406   0.366767
  0.667301   0.002730   0.085005  -0.543341   0.368218
  0.670039   0.002745   0.085530  -0.543274   0.369681
  0.672791   0.002759   0.086057  -0.543207   0.371156
  0.675557   0.002774   0.086588  -0.543139   0.372644
  0.678338   0.002789   0.087121  -0.543069   0.374143
  0.681135   0.002804   0.087657  -0.542998   0.375655
  0.683946   0.002819   0.088197  -0.542926   0.377179
  0.686772   0.002834   0.088739  -0.542853   0.378716
  0.689614   0.002849   0.089285  -0.542778   0.380265
  0.692471   0.002865   0.089834  -0.542702   0.381827
  0.695343   0.002880   0.090386  -0.542625   0.383402
  0.698232   0.002896   0.090941  -0.542546   0.384990
  0.701136   0.002912   0.091500  -0.542466   0.386591
  0.704056   0.002928   0.092062  -0.542385   0.388205
  0.706993   0.002945   0.092627  -0.542302   0.389833
  0.709945   0.002961   0.093195  -0.542218   0.391474
  0.712915   0.002978   0.093767  -0.542133   0.393128
  0.715901   0.002994   0.094343  -0.542045   0.394796
  0.718904   0.003011   0.094921  -0.541957   0.396478
  0.721923   0.003028   0.095503  -0.541867   0.398174
  0.724960   0.003046   0.096089  -0.541775   0.399883
  0.728015   0.003063   0.096678  -0.541682   0.401607
  0.731087   0.003081   0.097271  -0.541587   0.403344
  0.734176   0.003098   0.097868  -0.541491   0.405096
  0.737284   0.003116   0.098468  -0.541393   0.406862
  0.740409   0.003135   0.099072  -0.541293   0.408643
  0.743553   0.003153   0.099679  -0.541192   0.410438
  0.746715   0.003171   0.100290  -0.541088   0.412247
  0.749896   0.003190   0.100906  -0.540984   0.414072
  0.753095   0.003209   0.101524  -0.540877   0.415910
  0.756314   0.003228   0.102147  -0.540768   0.417764
  0.759551   0.003247   0.102774  -0.540658   0.419633
  0.762808   0.003267   0.103404  -0.540546   0.421516
  0.766085   0.003286   0.104039  -0.540432   0.423415
  0.769381   0.003306   0.104678  -0.540315   0.425328
  0.772698   0.003326   0.105320  -0.540197   0.427257
  0.776034   0.003347   0.105967  -0.540077   0.429201
  0.779391   0.003367   0.106618  -0.539955   0.431160
  0.782769   0.003388   0.107273  -0.539831   0.433135
  0.786167   0.003409   0.107933  -0.539704   0.435124
  0.789586   0.003430   0.108596  -0.539576   0.437129
  0.793027   0.003451   0.109264  -0.539445   0.439150
  0.796489   0.003473   0.109937  -0.539312   0.441186
  0.799973   0.003495   0.110613  -0.539177   0.443237
  0.803479   0.003517   0.111294  -0.539039   0.445303
  0.807007   0.003539   0.111980  -0.538899   0.447385
  0.810558   0.003562   0.112670  -0.538757   0.449483
  0.814131   0.003585   0.113365  -0.538612   0.451595
  0.817727   0.003608   0.114064  -0.538465   0.453723
  0.821346   0.003631   0.114769  -0.538316   0.455866
  0.824989   0.003654   0.115477  -0.538163   0.458025
  0.828655   0.003678   0.116191  -0.538008   0.460198
  0.832345   0.003702   0.116909  -0.537851   0.462386
  0.836060   0.003727   0.117632  -0.537690   0.464590
  0.839799   0.003751   0.118361  -0.537527   0.466808
  0.843563   0.003776   0.119094  -0.537362   0.469041
  0.847351   0.003801   0.119832  -0.537193   0.471289
  0.851165   0.003827   0.120575  -0.537021   0.473551
  0.855005   0.003853   0.121323  -0.536847   0.475827
  0.858871   0.003879   0.122077  -0.536669   0.478117
  0.862762   0.003905   0.122836  -0.536488   0.480421
  0.866680   0.003931   0.123600  -0.536305   0.482739
  0.870625   0.003958   0.124369  -0.536118   0.485070
  0.874597   0.003986   0.125144  -0.535927   0.487414
  0.878596   0.004013   0.125924  -0.535734   0.489771
  0.882623   0.004041   0.126710  -0.535537   0.492141
  0.886679   0.004069   0.127501  -0.535336   0.494523
  0.890762   0.004098   0.128298  -0.535133   0.496916
  0.894874   0.004126   0.129100  -0.534925   0.499321
  0.899015   0.004156   0.129908  -0.534714   0.501737
  0.903185   0.004185   0.130723  -0.534499   0.504164
  0.907385   0.004215   0.131542  -0.534281   0.506600
  0.911616   0.004245   0.132368  -0.534059   0.509046
  0.915876   0.004276   0.133200  -0.533832   0.511501
  0.920167   0.004307   0.134038  -0.533602   0.513965
  0.924490   0.004338   0.134882  -0.533368   0.516436
  0.928844   0.004370   0.135732  -0.533129   0.518914
  0.933229   0.004402   0.136588  -0.532887   0.521399
  0.937647   0.004434   0.137451  -0.532640   0.523890
  0.942098   0.004467   0.138320  -0.532388   0.526385
  0.946582   0.004500   0.139195  -0.532132   0.528885
  0.951099   0.004534   0.140077  -0.531872   0.531387
  0.955650   0.004568   0.140965  -0.531607   0.533892
  0.960235   0.004603   0.141860  -0.531337   0.536398
  0.964855   0.004638   0.142762  -0.531062   0.538905
  0.969511   0.004673   0.143670  -0.530783   0.541410
  0.974201   0.004709   0.144585  -0.530498   0.543914
  0.978928   0.004745   0.145507  -0.530208   0.546414
  0.983692   0.004782   0.146436  -0.529913   0.548910
  0.988492   0.004819   0.147373  -0.529613   0.551399
  0.993329   0.004857   0.148316  -0.529307   0.553882
  0.998205   0.004895   0.149266  -0.528996   0.556356
  1.003119   0.004933   0.150224  -0.528679   0.558820
  1.008072   0.004972   0.151189  -0.528356   0.561272
  1.013064   0.005012   0.152161  -0.528028   0.563710
  1.018096   0.005052   0.153141  -0.527693   0.566133
  1.023168   0.005093   0.154128  -0.527352   0.568538
  1.028282   0.005134   0.155123  -0.527005   0.570925
  1.033437   0.005176   0.156126  -0.526652   0.573290
  1.038633   0.005218   0.157136  -0.526292   0.575632
  1.043873   0.005261   0.158155  -0.525925   0.577949
  1.049155   0.005304   0.159181  -0.525551   0.580237
  1.054482   0.005348   0.160215  -0.525171   0.582496
  1.059852   0.005393   0.161258  -0.524784   0.584722
  1.065268   0.005438   0.162308  -0.524389   0.586912
  1.070728   0.005484   0.163367  -0.523987   0.589065
  1.076236   0.005530   0.164434  -0.523577   0.591177
  1.081789   0.005577   0.165509  -0.523160   0.593245
  1.087390   0.005625   0.166593  -0.522735   0.595266
  1.093040   0.005673   0.167686  -0.522301   0.597238
  1.098738   0.005723   0.168787  -0.521860   0.599157
  1.104485   0.005772   0.169897  -0.521410   0.601020
  1.110282   0.005823   0.171015  -0.520952   0.602823
  1.116130   0.005874   0.172143  -0.520485   0.604563
  1.122030   0.005926   0.173280  -0.520009   0.606235
  1.127982   0.005978   0.174425  -0.519524   0.607838
  1.133987   0.006032   0.175580  -0.519029   0.609366
  1.140045   0.006086   0.176744  -0.518526   0.610815
  1.146158   0.006141   0.177917  -0.518012   0.612183
  1.152327   0.006196   0.179099  -0.517488   0.613463
  1.158551   0.006253   0.180291  -0.516955   0.614653
  1.164832   0.006310   0.181493  -0.516411   0.615748
  1.171172   0.006368   0.182704  -0.515856   0.616744
  1.177569   0.006427   0.183925  -0.515291   0.617635
  1.184026   0.006487   0.185156  -0.514714   0.618418
  1.190544   0.006548   0.186396  -0.514126   0.619088
  1.197122   0.006610   0.187646  -0.513527   0.619640
  1.203763   0.006672   0.188907  -0.512916   0.620069
  1.210467   0.006736   0.190177  -0.512292   0.620371
  1.217235   0.006800   0.191458  -0.511657   0.620541
  1.224068   0.006866   0.192749  -0.511008   0.620574
  1.230966   0.006932   0.194050  -0.510347   0.620466
  1.237932   0.007000   0.195361  -0.509673   0.620210
  1.244966   0.007068   0.196683  -0.508985   0.619804
  1.252069   0.007138   0.198015  -0.508284   0.619241
  1.259243   0.007209   0.199358  -0.507568   0.618518
  1.266487   0.007281   0.200712  -0.506838   0.617629
  1.273804   0.007354   0.202076  -0.506093   0.616570
  1.281195   0.007428   0.203451  -0.505333   0.615337
  1.288660   0.007503   0.204837  -0.504558   0.613925
  1.296201   0.007580   0.206233  -0.503767   0.612330
  1.303820   0.007657   0.207641  -0.502959   0.610548
  1.311517   0.007736   0.209059  -0.502136   0.608575
  1.319293   0.007817   0.210488  -0.501295   0.606408
  1.327151   0.007898   0.211929  -0.500437   0.604042
  1.335091   0.007981   0.213380  -0.499562   0.601476
  1.343114   0.008066   0.214843  -0.498668   0.598706
  1.351223   0.008152   0.216317  -0.497756   0.595730
  1.359418   0.008239   0.217801  -0.496825   0.592544
  1.367701   0.008328   0.219297  -0.495875   0.589148
  1.376074   0.008418   0.220804  -0.494905   0.585539
  1.384537   0.008510   0.222323  -0.493914   0.581717
  1.393093   0.008603   0.223852  -0.492903   0.577681
  1.401744   0.008698   0.225393  -0.491871   0.573430
  1.410490   0.008794   0.226945  -0.490817   0.568964
  1.419333   0.008893   0.228508  -0.489741   0.564283
  1.428275   0.008993   0.230082  -0.488643   0.559390
  1.437319   0.009094   0.231667  -0.487521   0.554284
  1.446465   0.009198   0.233263  -0.486375   0.548969
  1.455716   0.009303   0.234870  -0.485206   0.543445
  1.465073   0.009411   0.236488  -0.484011   0.537717
  1.474538   0.009520   0.238116  -0.482791   0.531788
  1.484113   0.009631   0.239756  -0.481545   0.525661
  1.493801   0.009745   0.241406  -0.480272   0.519340
  1.503603   0.009860   0.243067  -0.478972   0.512832
  1.513522   0.009977   0.244738  -0.477644   0.506140
  1.523559   0.010097   0.246419  -0.476288   0.499272
  1.533717   0.010219   0.248110  -0.474902   0.492232
  1.543998   0.010343   0.249812  -0.473487   0.485029
  1.554405   0.010470   0.251523  -0.472042   0.477668
  1.564939   0.010599   0.253244  -0.470565   0.470158
  1.575604   0.010731   0.254974  -0.469056   0.462507
  1.586401   0.010865   0.256713  -0.467515   0.454723
  1.597334   0.011001   0.258462  -0.465940   0.446815
  1.608405   0.011141   0.260219  -0.464331   0.438791
  1.619616   0.011283   0.261984  -0.462688   0.430662
  1.630971   0.011428   0.263757  -0.461009   0.422435
  1.642473   0.011576   0.265538  -0.459293   0.414122
  1.654124   0.011726   0.267326  -0.457540   0.405732
  1.665927   0.011880   0.269122  -0.455749   0.397275
  1.677885   0.012037   0.270923  -0.453920   0.388760
  1.690003   0.012198   0.272731  -0.452050   0.380199
  1.702282   0.012361   0.274545  -0.450140   0.371602
  1.714726   0.012528   0.276364  -0.448189   0.362978
  1.727339   0.012699   0.278187  -0.446195   0.354337
  1.740125   0.012873   0.280014  -0.444158   0.345691
  1.753086   0.013051   0.281845  -0.442077   0.337048
  1.766227   0.013232   0.283679  -0.439950   0.328418
  1.779552   0.013418   0.285515  -0.437778   0.319812
  1.793064   0.013607   0.287353  -0.435559   0.311238
  1.806768   0.013801   0.289191  -0.433292   0.302706
  1.820668   0.013999   0.291030  -0.430976   0.294224
  1.834768   0.014201   0.292867  -0.428610   0.285801
  1.849072   0.014408   0.294703  -0.426194   0.277446
  1.863586   0.014620   0.296536  -0.423726   0.269166
  1.878314   0.014836   0.298366  -0.421205   0.260969
  1.893261   0.015058   0.300191  -0.418630   0.252862
  1.908431   0.015284   0.302010  -0.416001   0.244853
  1.923831   0.015516   0.303822  -0.413316   0.236947
  1.939465   0.015753   0.305627  -0.410575   0.229151
  1.955339   0.015996   0.307423  -0.407776   0.221471
  1.971459   0.016245   0.309208  -0.404918   0.213912
  1.987830   0.016499   0.310981  -0.402001   0.206479
  2.004459   0.016760   0.312741  -0.399024   0.199176
  2.021352   0.017027   0.314487  -0.395985   0.192008
  2.038515   0.017301   0.316216  -0.392884   0.184978
  2.055955   0.017581   0.317927  -0.389720   0.178090
  2.073680   0.017868   0.319619  -0.386492   0.171347
  2.091695   0.018163   0.321290  -0.383199   0.164751
  2.110008   0.018465   0.322938  -0.379840   0.158305
  2.128628   0.018775   0.324562  -0.376415   0.152011
  2.147561   0.019093   0.326158  -0.372923   0.145870
  2.166817   0.019419   0.327726  -0.369363   0.139883
  2.186403   0.019754   0.329263  -0.365734   0.134051
  2.206328   0.020098   0.330766  -0.362036   0.128375
  2.226602   0.020451   0.332235  -0.358268   0.122856
  2.247233   0.020813   0.333666  -0.354431   0.117492
  2.268231   0.021186   0.335057  -0.350522   0.112284
  2.289607   0.021568   0.336406  -0.346543   0.107232
  2.311371   0.021961   0.337710  -0.342492   0.102334
  2.333534   0.022366   0.338966  -0.338370   0.097590
  2.356107   0.022781   0.340172  -0.334176   0.092999
  2.379101   0.023209   0.341325  -0.329910   0.088558
  2.402529   0.023649   0.342423  -0.325573   0.084267
  2.426403   0.024102   0.343462  -0.321164   0.080123
  2.450736   0.024568   0.344439  -0.316684   0.076125
  2.475543   0.025048   0.345352  -0.312133   0.072271
  2.500836   0.025542   0.346198  -0.307512   0.068558
  2.526632   0.026051   0.346973  -0.302821   0.064984
  2.552944   0.026576   0.347674  -0.298061   0.061547
  2.579789   0.027117   0.348298  -0.293233   0.058244
  2.607184   0.027675   0.348842  -0.288338   0.055072
  2.635145   0.028251   0.349303  -0.283377   0.052029
  2.663691   0.028845   0.349677  -0.278351   0.049111
  2.692841   0.029458   0.349961  -0.273263   0.046316
  2.722614   0.030091   0.350152  -0.268112   0.043642
  2.753030   0.030745   0.350246  -0.262902   0.041084
  2.784111   0.031421   0.350241  -0.257634   0.038640
  2.815879   0.032120   0.350133  -0.252311   0.036307
  2.848358   0.032842   0.349918  -0.246934   0.034081
  2.881572   0.033589   0.349594  -0.241506   0.031960
  2.915545   0.034363   0.349157  -0.236030   0.029941
  2.950306   0.035163   0.348604  -0.230509   0.028020
  2.985882   0.035993   0.347933  -0.224945   0.026195
  3.022302   0.036852   0.347140  -0.219342   0.024461
  3.059597   0.037743   0.346222  -0.213703   0.022817
  3.097799   0.038667   0.345177  -0.208032   0.021258
  3.136941   0.039625   0.344002  -0.202333   0.019783
  3.177060   0.040620   0.342694  -0.196608   0.018387
  3.218193   0.041653   0.341250  -0.190863   0.017069
  3.260379   0.042726   0.339670  -0.185101   0.015824
  3.303659   0.043842   0.337949  -0.179327   0.014651
  3.348077   0.045002   0.336087  -0.173545   0.013545
  3.393679   0.046209   0.334081  -0.167760   0.012506
  3.440512   0.047466   0.331930  -0.161977   0.011528
  3.488628   0.048775   0.329632  -0.156200   0.010611
  3.538081   0.050140   0.327185  -0.150435   0.009751
  3.588928   0.051563   0.324589  -0.144686   0.008946
  3.641228   0.053048   0.321842  -0.138959   0.008193
  3.695045   0.054598   0.318943  -0.133259   0.007489
  3.750448   0.056218   0.315892  -0.127592   0.006833
  3.807506   0.057912   0.312687  -0.121963   0.006222
  3.866297   0.059683   0.309329  -0.116378   0.005654
  3.926901   0.061538   0.305817  -0.110843   0.005126
  3.989403   0.063481   0.302151  -0.105364   0.004637
  4.053894   0.065518   0.298332  -0.099946   0.004184
  4.120472   0.067655   0.294358  -0.094597   0.003766
  4.189241   0.069899   0.290232  -0.089323   0.003380
  4.260309   0.072258   0.285953  -0.084130   0.003025
  4.333796   0.074738   0.281522  -0.079026   0.002698
  4.409828   0.077348   0.276941  -0.074018   0.002399
  4.488540   0.080099   0.272211  -0.069113   0.002126
  4.570076   0.082999   0.267334  -0.064320   0.001876
  4.654592   0.086061   0.262313  -0.059646   0.001649
  4.742255   0.089296   0.257150  -0.055100   0.001444
  4.833246   0.092717   0.251850  -0.050692   0.001258
  4.927757   0.096340   0.246416  -0.046430   0.001090
  5.025998   0.100180   0.240854  -0.042325   0.000940
  5.128195   0.104255   0.235172  -0.038384   0.000806
  5.234593   0.108585   0.229376  -0.034620   0.000687
  5.345458   0.113191   0.223477  -0.031040   0.000581
  5.461076   0.118098   0.217484  -0.027653   0.000489
  5.581762   0.123331   0.211410  -0.024469   0.000408
  5.707858   0.128922   0.205270  -0.021495   0.000337
  5.839735   0.134902   0.199077  -0.018736   0.000277
  5.977804   0.141309   0.192850  -0.016196   0.000225
  6.122510   0.148186   0.186604  -0.013879   0.000181
  6.274347   0.155577   0.180360  -0.011782   0.000145
  6.433854   0.163538   0.174135  -0.009905   0.000114
  6.601631   0.172126   0.167947  -0.008240   0.000089
  6.778338   0.181411   0.161814  -0.006781   0.000068
  6.964710   0.191469   0.155752  -0.005516   0.000052
  7.161564   0.202389   0.149776  -0.004433   0.000039
  7.369810   0.214273   0.143897  -0.003518   0.000029
  7.590469   0.227236   0.138124  -0.002754   0.000021
  7.824687   0.241415   0.132466  -0.002126   0.000015
