#     w        dw   Re[sigma(w)] Im[sigma(w)] A(K,w)
 -7.824687   0.241415  -0.151745  -0.001980   0.000014
 -7.590469   0.227236  -0.157267  -0.002565   0.000020
 -7.369810   0.214273  -0.162898  -0.003275   0.000027
 -7.161564   0.202389  -0.168631  -0.004127   0.000037
 -6.964710   0.191469  -0.174456  -0.005135   0.000049
 -6.778338   0.181411  -0.180365  -0.006312   0.000064
 -6.601631   0.172126  -0.186342  -0.007672   0.000083
 -6.433854   0.163538  -0.192375  -0.009224   0.000107
 -6.274347   0.155577  -0.198446  -0.010977   0.000136
 -6.122510   0.148186  -0.204539  -0.012935   0.000170
 -5.977804   0.141309  -0.210637  -0.015103   0.000212
 -5.839735   0.134902  -0.216723  -0.017481   0.000260
 -5.707858   0.128922  -0.222779  -0.020068   0.000318
 -5.581762   0.123331  -0.228791  -0.022861   0.000384
 -5.461076   0.118098  -0.234742  -0.025854   0.000461
 -5.345458   0.113191  -0.240621  -0.029041   0.000549
 -5.234593   0.108585  -0.246415  -0.032415   0.000649
 -5.128195   0.104255  -0.252114  -0.035967   0.000762
 -5.025998   0.100180  -0.257708  -0.039688   0.000890
 -4.927757   0.096340  -0.263189  -0.043570   0.001033
 -4.833246   0.092717  -0.268551  -0.047604   0.001192
 -4.742255   0.089296  -0.273788  -0.051780   0.001370
 -4.654592   0.086061  -0.278896  -0.056090   0.001566
 -4.570076   0.082999  -0.283871  -0.060525   0.001783
 -4.488540   0.080099  -0.288710  -0.065077   0.002022
 -4.409828   0.077348  -0.293410  -0.069738   0.002285
 -4.333796   0.074738  -0.297969  -0.074500   0.002572
 -4.260309   0.072258  -0.302385  -0.079357   0.002885
 -4.189241   0.069899  -0.306658  -0.084300   0.003227
 -4.120472   0.067655  -0.310787  -0.089324   0.003598
 -4.053894   0.065518  -0.314771  -0.094421   0.004001
 -3.989403   0.063481  -0.318609  -0.099586   0.004438
 -3.926901   0.061538  -0.322301  -0.104813   0.004910
 -3.866297   0.059683  -0.325847  -0.110095   0.005420
 -3.807506   0.057912  -0.329247  -0.115428   0.005969
 -3.750448   0.056218  -0.332502  -0.120805   0.006561
 -3.695045   0.054598  -0.335612  -0.126221   0.007197
 -3.641228   0.053048  -0.338577  -0.131670   0.007879
 -3.588928   0.051563  -0.341399  -0.137149   0.008610
 -3.538081   0.050140  -0.344077  -0.142651   0.009393
 -3.488628   0.048775  -0.346614  -0.148172   0.010231
 -3.440512   0.047466  -0.349010  -0.153706   0.011125
 -3.393679   0.046209  -0.351266  -0.159250   0.012078
 -3.348077   0.045002  -0.353384  -0.164799   0.013095
 -3.303659   0.043842  -0.355366  -0.170348   0.014177
 -3.260379   0.042726  -0.357213  -0.175893   0.015327
 -3.218193   0.041653  -0.358927  -0.181429   0.016549
 -3.177060   0.040620  -0.360511  -0.186954   0.017845
 -3.136941   0.039625  -0.361965  -0.192462   0.019219
 -3.097799   0.038667  -0.363293  -0.197950   0.020674
 -3.059597   0.037743  -0.364497  -0.203415   0.022214
 -3.022302   0.036852  -0.365579  -0.208852   0.023842
 -2.985882   0.035993  -0.366541  -0.214259   0.025561
 -2.950306   0.035163  -0.367387  -0.219633   0.027375
 -2.915545   0.034363  -0.368119  -0.224969   0.029287
 -2.881572   0.033589  -0.368739  -0.230267   0.031301
 -2.848358   0.032842  -0.369251  -0.235522   0.033420
 -2.815879   0.032120  -0.369657  -0.240732   0.035649
 -2.784111   0.031421  -0.369961  -0.245896   0.037990
 -2.753030   0.030745  -0.370165  -0.251010   0.040449
 -2.722614   0.030091  -0.370272  -0.256072   0.043027
 -2.692841   0.029458  -0.370285  -0.261082   0.045729
 -2.663691   0.028845  -0.370208  -0.266036   0.048560
 -2.635145   0.028251  -0.370042  -0.270933   0.051521
 -2.607184   0.027675  -0.369792  -0.275772   0.054618
 -2.579789   0.027117  -0.369460  -0.280552   0.057853
 -2.552944   0.026576  -0.369049  -0.285271   0.061231
 -2.526632   0.026051  -0.368562  -0.289928   0.064754
 -2.500836   0.025542  -0.368003  -0.294522   0.068427
 -2.475543   0.025048  -0.367373  -0.299052   0.072253
 -2.450736   0.024568  -0.366676  -0.303519   0.076235
 -2.426403   0.024102  -0.365914  -0.307920   0.080376
 -2.402529   0.023649  -0.365091  -0.312256   0.084679
 -2.379101   0.023209  -0.364209  -0.316527   0.089147
 -2.356107   0.022781  -0.363271  -0.320731   0.093783
 -2.333534   0.022366  -0.362279  -0.324869   0.098590
 -2.311371   0.021961  -0.361235  -0.328942   0.103570
 -2.289607   0.021568  -0.360144  -0.332947   0.108725
 -2.268231   0.021186  -0.359006  -0.336887   0.114057
 -2.247233   0.020813  -0.357825  -0.340761   0.119568
 -2.226602   0.020451  -0.356602  -0.344569   0.125258
 -2.206328   0.020098  -0.355340  -0.348311   0.131130
 -2.186403   0.019754  -0.354040  -0.351989   0.137184
 -2.166817   0.019419  -0.352706  -0.355602   0.143421
 -2.147561   0.019093  -0.351340  -0.359150   0.149839
 -2.128628   0.018775  -0.349942  -0.362635   0.156440
 -2.110008   0.018465  -0.348515  -0.366057   0.163222
 -2.091695   0.018163  -0.347062  -0.369416   0.170185
 -2.073680   0.017868  -0.345583  -0.372713   0.177326
 -2.055955   0.017581  -0.344080  -0.375949   0.184644
 -2.038515   0.017301  -0.342556  -0.379125   0.192135
 -2.021352   0.017027  -0.341012  -0.382240   0.199798
 -2.004459   0.016760  -0.339449  -0.385297   0.207627
 -1.987830   0.016499  -0.337869  -0.388295   0.215620
 -1.971459   0.016245  -0.336273  -0.391236   0.223770
 -1.955339   0.015996  -0.334662  -0.394120   0.232074
 -1.939465   0.015753  -0.333039  -0.396949   0.240525
 -1.923831   0.015516  -0.331404  -0.399722   0.249116
 -1.908431   0.015284  -0.329758  -0.402441   0.257841
 -1.893261   0.015058  -0.328103  -0.405107   0.266692
 -1.878314   0.014836  -0.326439  -0.407721   0.275661
 -1.863586   0.014620  -0.324768  -0.410283   0.284738
 -1.849072   0.014408  -0.323091  -0.412794   0.293916
 -1.834768   0.014201  -0.321409  -0.415256   0.303183
 -1.820668   0.013999  -0.319722  -0.417669   0.312530
 -1.806768   0.013801  -0.318032  -0.420033   0.321945
 -1.793064   0.013607  -0.316340  -0.422350   0.331418
 -1.779552   0.013418  -0.314645  -0.424621   0.340936
 -1.766227   0.013232  -0.312950  -0.426847   0.350487
 -1.753086   0.013051  -0.311254  -0.429028   0.360060
 -1.740125   0.012873  -0.309558  -0.431165   0.369640
 -1.727339   0.012699  -0.307864  -0.433259   0.379216
 -1.714726   0.012528  -0.306171  -0.435311   0.388773
 -1.702282   0.012361  -0.304480  -0.437322   0.398298
 -1.690003   0.012198  -0.302792  -0.439292   0.407778
 -1.677885   0.012037  -0.301107  -0.441222   0.417199
 -1.665927   0.011880  -0.299426  -0.443114   0.426547
 -1.654124   0.011726  -0.297749  -0.444968   0.435810
 -1.642473   0.011576  -0.296077  -0.446784   0.444972
 -1.630971   0.011428  -0.294410  -0.448564   0.454022
 -1.619616   0.011283  -0.292749  -0.450307   0.462947
 -1.608405   0.011141  -0.291093  -0.452016   0.471733
 -1.597334   0.011001  -0.289443  -0.453691   0.480369
 -1.586401   0.010865  -0.287800  -0.455332   0.488842
 -1.575604   0.010731  -0.286164  -0.456939   0.497142
 -1.564939   0.010599  -0.284535  -0.458515   0.505257
 -1.554405   0.010470  -0.282913  -0.460059   0.513177
 -1.543998   0.010343  -0.281299  -0.461572   0.520893
 -1.533717   0.010219  -0.279692  -0.463055   0.528395
 -1.523559   0.010097  -0.278094  -0.464509   0.535675
 -1.513522   0.009977  -0.276504  -0.465933   0.542725
 -1.503603   0.009860  -0.274922  -0.467329   0.549538
 -1.493801   0.009745  -0.273349  -0.468698   0.556109
 -1.484113   0.009631  -0.271784  -0.470039   0.562431
 -1.474538   0.009520  -0.270229  -0.471354   0.568500
 -1.465073   0.009411  -0.268682  -0.472642   0.574312
 -1.455716   0.009303  -0.267145  -0.473906   0.579864
 -1.446465   0.009198  -0.265617  -0.475144   0.585152
 -1.437319   0.009094  -0.264098  -0.476358   0.590176
 -1.428275   0.008993  -0.262589  -0.477548   0.594934
 -1.419333   0.008893  -0.261089  -0.478715   0.599426
 -1.410490   0.008794  -0.259599  -0.479859   0.603652
 -1.401744   0.008698  -0.258118  -0.480981   0.607613
 -1.393093   0.008603  -0.256647  -0.482081   0.611311
 -1.384537   0.008510  -0.255186  -0.483160   0.614747
 -1.376074   0.008418  -0.253734  -0.484217   0.617925
 -1.367701   0.008328  -0.252292  -0.485255   0.620847
 -1.359418   0.008239  -0.250860  -0.486272   0.623517
 -1.351223   0.008152  -0.249438  -0.487270   0.625940
 -1.343114   0.008066  -0.248026  -0.488248   0.628119
 -1.335091   0.007981  -0.246624  -0.489208   0.630059
 -1.327151   0.007898  -0.245231  -0.490150   0.631766
 -1.319293   0.007817  -0.243848  -0.491073   0.633246
 -1.311517   0.007736  -0.242475  -0.491979   0.634503
 -1.303820   0.007657  -0.241112  -0.492868   0.635544
 -1.296201   0.007580  -0.239759  -0.493740   0.636375
 -1.288660   0.007503  -0.238415  -0.494596   0.637002
 -1.281195   0.007428  -0.237082  -0.495435   0.637432
 -1.273804   0.007354  -0.235757  -0.496259   0.637671
 -1.266487   0.007281  -0.234443  -0.497067   0.637725
 -1.259243   0.007209  -0.233138  -0.497861   0.637602
 -1.252069   0.007138  -0.231843  -0.498639   0.637309
 -1.244966   0.007068  -0.230558  -0.499403   0.636850
 -1.237932   0.007000  -0.229282  -0.500153   0.636235
 -1.230966   0.006932  -0.228015  -0.500889   0.635468
 -1.224068   0.006866  -0.226758  -0.501612   0.634556
 -1.217235   0.006800  -0.225510  -0.502321   0.633506
 -1.210467   0.006736  -0.224272  -0.503017   0.632325
 -1.203763   0.006672  -0.223043  -0.503701   0.631018
 -1.197122   0.006610  -0.221823  -0.504372   0.629592
 -1.190544   0.006548  -0.220612  -0.505031   0.628052
 -1.184026   0.006487  -0.219411  -0.505678   0.626405
 -1.177569   0.006427  -0.218218  -0.506313   0.624656
 -1.171172   0.006368  -0.217034  -0.506937   0.622811
 -1.164832   0.006310  -0.215860  -0.507549   0.620875
 -1.158551   0.006253  -0.214694  -0.508151   0.618854
 -1.152327   0.006196  -0.213537  -0.508742   0.616753
 -1.146158   0.006141  -0.212389  -0.509322   0.614576
 -1.140045   0.006086  -0.211249  -0.509892   0.612328
 -1.133987   0.006032  -0.210118  -0.510452   0.610015
 -1.127982   0.005978  -0.208996  -0.511002   0.607640
 -1.122030   0.005926  -0.207882  -0.511542   0.605208
 -1.116130   0.005874  -0.206776  -0.512073   0.602724
 -1.110282   0.005823  -0.205679  -0.512595   0.600190
 -1.104485   0.005772  -0.204590  -0.513107   0.597611
 -1.098738   0.005723  -0.203509  -0.513611   0.594990
 -1.093040   0.005673  -0.202437  -0.514106   0.592332
 -1.087390   0.005625  -0.201372  -0.514592   0.589639
 -1.081789   0.005577  -0.200316  -0.515069   0.586915
 -1.076236   0.005530  -0.199267  -0.515539   0.584162
 -1.070728   0.005484  -0.198226  -0.516000   0.581384
 -1.065268   0.005438  -0.197194  -0.516454   0.578583
 -1.059852   0.005393  -0.196168  -0.516900   0.575763
 -1.054482   0.005348  -0.195151  -0.517338   0.572925
 -1.049155   0.005304  -0.194141  -0.517769   0.570072
 -1.043873   0.005261  -0.193138  -0.518192   0.567207
 -1.038633   0.005218  -0.192143  -0.518608   0.564331
 -1.033437   0.005176  -0.191156  -0.519018   0.561447
 -1.028282   0.005134  -0.190175  -0.519420   0.558557
 -1.023168   0.005093  -0.189202  -0.519816   0.555661
 -1.018096   0.005052  -0.188237  -0.520205   0.552764
 -1.013064   0.005012  -0.187278  -0.520587   0.549865
 -1.008072   0.004972  -0.186326  -0.520963   0.546966
 -1.003119   0.004933  -0.185381  -0.521333   0.544069
 -0.998205   0.004895  -0.184444  -0.521697   0.541176
 -0.993329   0.004857  -0.183513  -0.522055   0.538287
 -0.988492   0.004819  -0.182589  -0.522407   0.535405
 -0.983692   0.004782  -0.181671  -0.522753   0.532529
 -0.978928   0.004745  -0.180761  -0.523093   0.529661
 -0.974201   0.004709  -0.179856  -0.523428   0.526803
 -0.969511   0.004673  -0.178959  -0.523757   0.523954
 -0.964855   0.004638  -0.178068  -0.524081   0.521117
 -0.960235   0.004603  -0.177183  -0.524400   0.518291
 -0.955650   0.004568  -0.176305  -0.524714   0.515478
 -0.951099   0.004534  -0.175432  -0.525022   0.512678
 -0.946582   0.004500  -0.174567  -0.525326   0.509893
 -0.942098   0.004467  -0.173707  -0.525624   0.507122
 -0.937647   0.004434  -0.172853  -0.525918   0.504366
 -0.933229   0.004402  -0.172006  -0.526208   0.501625
 -0.928844   0.004370  -0.171164  -0.526492   0.498901
 -0.924490   0.004338  -0.170329  -0.526772   0.496194
 -0.920167   0.004307  -0.169499  -0.527048   0.493504
 -0.915876   0.004276  -0.168675  -0.527319   0.490831
 -0.911616   0.004245  -0.167857  -0.527586   0.488176
 -0.907385   0.004215  -0.167044  -0.527849   0.485539
 -0.903185   0.004185  -0.166238  -0.528107   0.482921
 -0.899015   0.004156  -0.165436  -0.528362   0.480321
 -0.894874   0.004126  -0.164641  -0.528612   0.477740
 -0.890762   0.004098  -0.163851  -0.528859   0.475178
 -0.886679   0.004069  -0.163066  -0.529102   0.472636
 -0.882623   0.004041  -0.162286  -0.529341   0.470112
 -0.878596   0.004013  -0.161512  -0.529576   0.467609
 -0.874597   0.003986  -0.160744  -0.529808   0.465125
 -0.870625   0.003958  -0.159980  -0.530036   0.462660
 -0.866680   0.003931  -0.159222  -0.530261   0.460216
 -0.862762   0.003905  -0.158468  -0.530482   0.457791
 -0.858871   0.003879  -0.157720  -0.530699   0.455386
 -0.855005   0.003853  -0.156977  -0.530914   0.453001
 -0.851165   0.003827  -0.156239  -0.531125   0.450636
 -0.847351   0.003801  -0.155505  -0.531333   0.448291
 -0.843563   0.003776  -0.154777  -0.531537   0.445966
 -0.839799   0.003751  -0.154053  -0.531739   0.443661
 -0.836060   0.003727  -0.153335  -0.531938   0.441376
 -0.832345   0.003702  -0.152621  -0.532133   0.439110
 -0.828655   0.003678  -0.151911  -0.532326   0.436865
 -0.824989   0.003654  -0.151206  -0.532515   0.434638
 -0.821346   0.003631  -0.150506  -0.532702   0.432432
 -0.817727   0.003608  -0.149811  -0.532886   0.430245
 -0.814131   0.003585  -0.149120  -0.533067   0.428077
 -0.810558   0.003562  -0.148433  -0.533246   0.425929
 -0.807007   0.003539  -0.147751  -0.533422   0.423800
 -0.803479   0.003517  -0.147073  -0.533595   0.421690
 -0.799973   0.003495  -0.146399  -0.533766   0.419599
 -0.796489   0.003473  -0.145730  -0.533934   0.417527
 -0.793027   0.003451  -0.145065  -0.534099   0.415474
 -0.789586   0.003430  -0.144405  -0.534263   0.413439
 -0.786167   0.003409  -0.143748  -0.534423   0.411423
 -0.782769   0.003388  -0.143096  -0.534582   0.409426
 -0.779391   0.003367  -0.142447  -0.534738   0.407446
 -0.776034   0.003347  -0.141803  -0.534891   0.405485
 -0.772698   0.003326  -0.141163  -0.535043   0.403541
 -0.769381   0.003306  -0.140526  -0.535192   0.401615
 -0.766085   0.003286  -0.139894  -0.535339   0.399707
 -0.762808   0.003267  -0.139266  -0.535484   0.397817
 -0.759551   0.003247  -0.138641  -0.535627   0.395944
 -0.756314   0.003228  -0.138020  -0.535768   0.394088
 -0.753095   0.003209  -0.137403  -0.535906   0.392249
 -0.749896   0.003190  -0.136790  -0.536043   0.390426
 -0.746715   0.003171  -0.136180  -0.536178   0.388621
 -0.743553   0.003153  -0.135575  -0.536310   0.386832
 -0.740409   0.003135  -0.134972  -0.536441   0.385060
 -0.737284   0.003116  -0.134374  -0.536570   0.383304
 -0.734176   0.003098  -0.133779  -0.536697   0.381564
 -0.731087   0.003081  -0.133187  -0.536822   0.379840
 -0.728015   0.003063  -0.132599  -0.536945   0.378131
 -0.724960   0.003046  -0.132015  -0.537067   0.376439
 -0.721923   0.003028  -0.131434  -0.537187   0.374762
 -0.718904   0.003011  -0.130856  -0.537305   0.373100
 -0.715901   0.002994  -0.130282  -0.537421   0.371453
 -0.712915   0.002978  -0.129711  -0.537536   0.369821
 -0.709945   0.002961  -0.129144  -0.537649   0.368204
 -0.706993   0.002945  -0.128579  -0.537761   0.366602
 -0.704056   0.002928  -0.128018  -0.537871   0.365014
 -0.701136   0.002912  -0.127460  -0.537979   0.363441
 -0.698232   0.002896  -0.126906  -0.538086   0.361882
 -0.695343   0.002880  -0.126354  -0.538191   0.360337
 -0.692471   0.002865  -0.125806  -0.538295   0.358806
 -0.689614   0.002849  -0.125261  -0.538397   0.357289
 -0.686772   0.002834  -0.124719  -0.538498   0.355785
 -0.683946   0.002819  -0.124180  -0.538597   0.354295
 -0.681135   0.002804  -0.123644  -0.538695   0.352818
 -0.678338   0.002789  -0.123111  -0.538792   0.351354
 -0.675557   0.002774  -0.122581  -0.538887   0.349904
 -0.672791   0.002759  -0.122054  -0.538981   0.348466
 -0.670039   0.002745  -0.121530  -0.539073   0.347041
 -0.667301   0.002730  -0.121008  -0.539164   0.345629
 -0.664578   0.002716  -0.120490  -0.539254   0.344229
 -0.661869   0.002702  -0.119974  -0.539343   0.342841
 -0.659174   0.002688  -0.119461  -0.539430   0.341466
 -0.656492   0.002674  -0.118951  -0.539517   0.340102
 -0.653825   0.002660  -0.118444  -0.539601   0.338751
 -0.651171   0.002647  -0.117940  -0.539685   0.337411
 -0.648531   0.002633  -0.117438  -0.539768   0.336083
 -0.645905   0.002620  -0.116939  -0.539849   0.334767
 -0.643291   0.002607  -0.116443  -0.539929   0.333462
 -0.640691   0.002594  -0.115949  -0.540009   0.332168
 -0.638104   0.002581  -0.115458  -0.540086   0.330885
 -0.635529   0.002568  -0.114969  -0.540163   0.329614
 -0.632968   0.002555  -0.114483  -0.540239   0.328353
 -0.630419   0.002542  -0.114000  -0.540314   0.327103
 -0.627883   0.002530  -0.113519  -0.540388   0.325864
 -0.625359   0.002517  -0.113040  -0.540460   0.324635
 -0.622848   0.002505  -0.112564  -0.540532   0.323417
 -0.620349   0.002493  -0.112091  -0.540602   0.322209
 -0.617862   0.002481  -0.111620  -0.540672   0.321011
 -0.615387   0.002469  -0.111151  -0.540741   0.319823
 -0.612924   0.002457  -0.110685  -0.540808   0.318645
 -0.610473   0.002445  -0.110221  -0.540875   0.317477
 -0.608034   0.002434  -0.109760  -0.540941   0.316319
 -0.605606   0.002422  -0.109301  -0.541006   0.315170
 -0.603190   0.002411  -0.108844  -0.541069   0.314031
 -0.600785   0.002399  -0.108389  -0.541132   0.312901
 -0.598391   0.002388  -0.107937  -0.541195   0.311780
 -0.596009   0.002377  -0.107487  -0.541256   0.310669
 -0.593638   0.002366  -0.107039  -0.541316   0.309567
 -0.591278   0.002355  -0.106594  -0.541376   0.308474
 -0.588928   0.002344  -0.106150  -0.541434   0.307389
 -0.586590   0.002333  -0.105709  -0.541492   0.306314
 -0.584262   0.002322  -0.105270  -0.541549   0.305247
 -0.581945   0.002312  -0.104833  -0.541605   0.304189
 -0.579639   0.002301  -0.104399  -0.541661   0.303139
 -0.577343   0.002291  -0.103966  -0.541715   0.302097
 -0.575058   0.002280  -0.103536  -0.541769   0.301064
 -0.572782   0.002270  -0.103107  -0.541822   0.300039
 -0.570517   0.002260  -0.102681  -0.541875   0.299023
 -0.568262   0.002250  -0.102256  -0.541926   0.298014
 -0.566018   0.002240  -0.101834  -0.541977   0.297013
 -0.563783   0.002230  -0.101414  -0.542027   0.296020
 -0.561558   0.002220  -0.100995  -0.542076   0.295035
 -0.559342   0.002210  -0.100579  -0.542125   0.294058
 -0.557137   0.002201  -0.100164  -0.542173   0.293088
 -0.554941   0.002191  -0.099752  -0.542220   0.292125
 -0.552755   0.002182  -0.099341  -0.542267   0.291171
 -0.550578   0.002172  -0.098933  -0.542313   0.290223
 -0.548410   0.002163  -0.098526  -0.542358   0.289283
 -0.546252   0.002154  -0.098121  -0.542403   0.288350
 -0.544103   0.002144  -0.097718  -0.542447   0.287424
 -0.541963   0.002135  -0.097317  -0.542490   0.286505
 -0.539833   0.002126  -0.096917  -0.542532   0.285593
 -0.537711   0.002117  -0.096520  -0.542575   0.284687
 -0.535598   0.002108  -0.096124  -0.542616   0.283789
 -0.533495   0.002099  -0.095730  -0.542657   0.282898
 -0.531400   0.002091  -0.095338  -0.542697   0.282013
 -0.529313   0.002082  -0.094947  -0.542737   0.281134
 -0.527236   0.002073  -0.094558  -0.542776   0.280263
 -0.525166   0.002065  -0.094171  -0.542814   0.279397
 -0.523106   0.002056  -0.093786  -0.542852   0.278538
 -0.521054   0.002048  -0.093403  -0.542889   0.277686
 -0.519010   0.002040  -0.093021  -0.542926   0.276839
 -0.516975   0.002031  -0.092640  -0.542962   0.275999
 -0.514947   0.002023  -0.092262  -0.542998   0.275165
 -0.512928   0.002015  -0.091885  -0.543033   0.274337
 -0.510918   0.002007  -0.091510  -0.543068   0.273515
 -0.508915   0.001999  -0.091136  -0.543102   0.272698
 -0.506920   0.001991  -0.090764  -0.543136   0.271888
 -0.504933   0.001983  -0.090393  -0.543169   0.271083
 -0.502954   0.001975  -0.090024  -0.543201   0.270285
 -0.500983   0.001967  -0.089657  -0.543233   0.269492
 -0.499019   0.001960  -0.089291  -0.543265   0.268704
 -0.497063   0.001952  -0.088927  -0.543296   0.267922
 -0.495115   0.001944  -0.088564  -0.543327   0.267146
 -0.493175   0.001937  -0.088203  -0.543357   0.266375
 -0.491241   0.001929  -0.087844  -0.543387   0.265609
 -0.489316   0.001922  -0.087485  -0.543416   0.264849
 -0.487397   0.001915  -0.087129  -0.543444   0.264094
 -0.485486   0.001907  -0.086773  -0.543473   0.263344
 -0.483583   0.001900  -0.086420  -0.543501   0.262599
 -0.481686   0.001893  -0.086067  -0.543528   0.261860
 -0.479797   0.001886  -0.085716  -0.543555   0.261125
 -0.477915   0.001879  -0.085367  -0.543582   0.260396
 -0.476040   0.001872  -0.085019  -0.543608   0.259671
 -0.474171   0.001865  -0.084672  -0.543633   0.258951
 -0.472310   0.001858  -0.084327  -0.543659   0.258237
 -0.470456   0.001851  -0.083983  -0.543684   0.257527
 -0.468608   0.001844  -0.083641  -0.543708   0.256821
 -0.466768   0.001837  -0.083300  -0.543732   0.256121
 -0.464934   0.001831  -0.082960  -0.543756   0.255425
 -0.463106   0.001824  -0.082621  -0.543779   0.254734
 -0.461286   0.001817  -0.082284  -0.543802   0.254047
 -0.459472   0.001811  -0.081948  -0.543825   0.253365
 -0.457664   0.001804  -0.081614  -0.543847   0.252687
 -0.455863   0.001798  -0.081281  -0.543869   0.252014
 -0.454069   0.001791  -0.080949  -0.543890   0.251345
 -0.452280   0.001785  -0.080618  -0.543911   0.250681
 -0.450498   0.001779  -0.080289  -0.543932   0.250021
 -0.448723   0.001772  -0.079961  -0.543952   0.249365
 -0.446953   0.001766  -0.079634  -0.543972   0.248713
 -0.445190   0.001760  -0.079309  -0.543992   0.248066
 -0.443433   0.001754  -0.078984  -0.544011   0.247422
 -0.441682   0.001748  -0.078661  -0.544030   0.246783
 -0.439938   0.001742  -0.078339  -0.544048   0.246148
 -0.438199   0.001736  -0.078018  -0.544067   0.245516
 -0.436466   0.001730  -0.077699  -0.544085   0.244889
 -0.434739   0.001724  -0.077381  -0.544102   0.244266
 -0.433018   0.001718  -0.077064  -0.544119   0.243646
 -0.431303   0.001712  -0.076748  -0.544136   0.243031
 -0.429594   0.001706  -0.076433  -0.544153   0.242419
 -0.427890   0.001701  -0.076119  -0.544169   0.241811
 -0.426192   0.001695  -0.075807  -0.544185   0.241207
 -0.424500   0.001689  -0.075495  -0.544201   0.240606
 -0.422813   0.001684  -0.075185  -0.544216   0.240010
 -0.421132   0.001678  -0.074876  -0.544232   0.239416
 -0.419457   0.001673  -0.074568  -0.544246   0.238827
 -0.417787   0.001667  -0.074261  -0.544261   0.238241
 -0.416123   0.001662  -0.073955  -0.544275   0.237659
 -0.414463   0.001656  -0.073651  -0.544289   0.237080
 -0.412810   0.001651  -0.073347  -0.544303   0.236504
 -0.411162   0.001646  -0.073044  -0.544316   0.235932
 -0.409519   0.001640  -0.072743  -0.544329   0.235364
 -0.407881   0.001635  -0.072442  -0.544342   0.234798
 -0.406248   0.001630  -0.072143  -0.544355   0.234236
 -0.404621   0.001625  -0.071845  -0.544367   0.233678
 -0.402999   0.001620  -0.071547  -0.544379   0.233123
 -0.401382   0.001614  -0.071251  -0.544391   0.232571
 -0.399770   0.001609  -0.070956  -0.544402   0.232022
 -0.398163   0.001604  -0.070661  -0.544413   0.231476
 -0.396562   0.001599  -0.070368  -0.544424   0.230934
 -0.394965   0.001594  -0.070076  -0.544435   0.230394
 -0.393373   0.001589  -0.069785  -0.544446   0.229858
 -0.391786   0.001585  -0.069494  -0.544456   0.229325
 -0.390204   0.001580  -0.069205  -0.544466   0.228795
 -0.388627   0.001575  -0.068917  -0.544476   0.228268
 -0.387054   0.001570  -0.068629  -0.544485   0.227744
 -0.385486   0.001565  -0.068343  -0.544494   0.227223
 -0.383924   0.001561  -0.068057  -0.544504   0.226705
 -0.382365   0.001556  -0.067773  -0.544512   0.226189
 -0.380812   0.001551  -0.067489  -0.544521   0.225677
 -0.379263   0.001547  -0.067206  -0.544529   0.225167
 -0.377719   0.001542  -0.066925  -0.544537   0.224661
 -0.376179   0.001537  -0.066644  -0.544545   0.224157
 -0.374644   0.001533  -0.066364  -0.544553   0.223656
 -0.373113   0.001528  -0.066085  -0.544560   0.223158
 -0.371587   0.001524  -0.065806  -0.544568   0.222662
 -0.370065   0.001520  -0.065529  -0.544575   0.222169
 -0.368548   0.001515  -0.065253  -0.544582   0.221679
 -0.367035   0.001511  -0.064977  -0.544588   0.221191
 -0.365526   0.001506  -0.064703  -0.544595   0.220707
 -0.364022   0.001502  -0.064429  -0.544601   0.220224
 -0.362522   0.001498  -0.064156  -0.544607   0.219745
 -0.361026   0.001494  -0.063884  -0.544613   0.219268
 -0.359535   0.001489  -0.063613  -0.544618   0.218793
 -0.358047   0.001485  -0.063342  -0.544624   0.218321
 -0.356564   0.001481  -0.063073  -0.544629   0.217852
 -0.355085   0.001477  -0.062804  -0.544634   0.217385
 -0.353610   0.001473  -0.062536  -0.544639   0.216920
 -0.352140   0.001469  -0.062269  -0.544643   0.216458
 -0.350673   0.001465  -0.062003  -0.544648   0.215998
 -0.349210   0.001461  -0.061737  -0.544652   0.215541
 -0.347752   0.001457  -0.061472  -0.544656   0.215086
 -0.346297   0.001453  -0.061209  -0.544660   0.214633
 -0.344846   0.001449  -0.060946  -0.544664   0.214183
 -0.343400   0.001445  -0.060683  -0.544667   0.213735
 -0.341957   0.001441  -0.060422  -0.544671   0.213289
 -0.340518   0.001437  -0.060161  -0.544674   0.212846
 -0.339083   0.001433  -0.059901  -0.544677   0.212405
 -0.337651   0.001429  -0.059642  -0.544680   0.211966
 -0.336224   0.001426  -0.059383  -0.544682   0.211530
 -0.334800   0.001422  -0.059125  -0.544685   0.211095
 -0.333380   0.001418  -0.058868  -0.544687   0.210663
 -0.331963   0.001415  -0.058612  -0.544689   0.210233
 -0.330551   0.001411  -0.058357  -0.544691   0.209805
 -0.329142   0.001407  -0.058102  -0.544693   0.209379
 -0.327736   0.001404  -0.057848  -0.544695   0.208955
 -0.326335   0.001400  -0.057595  -0.544696   0.208534
 -0.324936   0.001396  -0.057342  -0.544697   0.208114
 -0.323542   0.001393  -0.057090  -0.544699   0.207697
 -0.322151   0.001389  -0.056839  -0.544700   0.207281
 -0.320763   0.001386  -0.056588  -0.544701   0.206868
 -0.319379   0.001382  -0.056339  -0.544701   0.206456
 -0.317999   0.001379  -0.056089  -0.544702   0.206047
 -0.316622   0.001375  -0.055841  -0.544702   0.205639
 -0.315248   0.001372  -0.055593  -0.544703   0.205234
 -0.313877   0.001369  -0.055346  -0.544703   0.204830
 -0.312511   0.001365  -0.055100  -0.544703   0.204429
 -0.311147   0.001362  -0.054854  -0.544702   0.204029
 -0.309787   0.001359  -0.054609  -0.544702   0.203631
 -0.308430   0.001355  -0.054365  -0.544702   0.203235
 -0.307076   0.001352  -0.054121  -0.544701   0.202841
 -0.305726   0.001349  -0.053878  -0.544700   0.202449
 -0.304378   0.001346  -0.053635  -0.544699   0.202059
 -0.303034   0.001342  -0.053394  -0.544698   0.201670
 -0.301694   0.001339  -0.053152  -0.544697   0.201283
 -0.300356   0.001336  -0.052912  -0.544696   0.200898
 -0.299022   0.001333  -0.052672  -0.544694   0.200515
 -0.297690   0.001330  -0.052433  -0.544693   0.200134
 -0.296362   0.001327  -0.052194  -0.544691   0.199754
 -0.295037   0.001324  -0.051956  -0.544689   0.199376
 -0.293715   0.001321  -0.051718  -0.544687   0.199000
 -0.292396   0.001317  -0.051482  -0.544685   0.198625
 -0.291080   0.001314  -0.051245  -0.544683   0.198253
 -0.289767   0.001311  -0.051010  -0.544681   0.197881
 -0.288457   0.001309  -0.050775  -0.544678   0.197512
 -0.287150   0.001306  -0.050540  -0.544676   0.197144
 -0.285846   0.001303  -0.050306  -0.544673   0.196778
 -0.284545   0.001300  -0.050073  -0.544670   0.196413
 -0.283247   0.001297  -0.049840  -0.544667   0.196050
 -0.281951   0.001294  -0.049608  -0.544664   0.195689
 -0.280659   0.001291  -0.049377  -0.544661   0.195329
 -0.279369   0.001288  -0.049146  -0.544658   0.194971
 -0.278082   0.001285  -0.048915  -0.544654   0.194614
 -0.276798   0.001283  -0.048685  -0.544651   0.194259
 -0.275517   0.001280  -0.048456  -0.544647   0.193906
 -0.274238   0.001277  -0.048227  -0.544643   0.193554
 -0.272963   0.001274  -0.047999  -0.544639   0.193203
 -0.271690   0.001272  -0.047772  -0.544635   0.192854
 -0.270419   0.001269  -0.047544  -0.544631   0.192507
 -0.269152   0.001266  -0.047318  -0.544627   0.192161
 -0.267887   0.001264  -0.047092  -0.544622   0.191816
 -0.266625   0.001261  -0.046866  -0.544618   0.191473
 -0.265365   0.001258  -0.046641  -0.544613   0.191132
 -0.264108   0.001256  -0.046417  -0.544609   0.190792
 -0.262854   0.001253  -0.046193  -0.544604   0.190453
 -0.261602   0.001250  -0.045970  -0.544599   0.190116
 -0.260353   0.001248  -0.045747  -0.544594   0.189780
 -0.259106   0.001245  -0.045524  -0.544589   0.189445
 -0.257862   0.001243  -0.045302  -0.544584   0.189112
 -0.256620   0.001240  -0.045081  -0.544578   0.188780
 -0.255381   0.001238  -0.044860  -0.544573   0.188450
 -0.254145   0.001235  -0.044640  -0.544567   0.188121
 -0.252911   0.001233  -0.044420  -0.544562   0.187793
 -0.251679   0.001230  -0.044200  -0.544556   0.187467
 -0.250450   0.001228  -0.043981  -0.544550   0.187142
 -0.249223   0.001226  -0.043763  -0.544544   0.186818
 -0.247998   0.001223  -0.043545  -0.544538   0.186495
 -0.246776   0.001221  -0.043327  -0.544532   0.186174
 -0.245556   0.001219  -0.043110  -0.544526   0.185854
 -0.244339   0.001216  -0.042894  -0.544520   0.185536
 -0.243124   0.001214  -0.042678  -0.544513   0.185218
 -0.241911   0.001212  -0.042462  -0.544507   0.184902
 -0.240701   0.001209  -0.042247  -0.544500   0.184588
 -0.239493   0.001207  -0.042032  -0.544493   0.184274
 -0.238287   0.001205  -0.041818  -0.544487   0.183962
 -0.237083   0.001202  -0.041604  -0.544480   0.183651
 -0.235882   0.001200  -0.041391  -0.544473   0.183341
 -0.234683   0.001198  -0.041178  -0.544466   0.183032
 -0.233486   0.001196  -0.040966  -0.544458   0.182724
 -0.232291   0.001194  -0.040754  -0.544451   0.182418
 -0.231099   0.001191  -0.040542  -0.544444   0.182113
 -0.229908   0.001189  -0.040331  -0.544436   0.181809
 -0.228720   0.001187  -0.040120  -0.544429   0.181506
 -0.227534   0.001185  -0.039910  -0.544421   0.181204
 -0.226350   0.001183  -0.039700  -0.544414   0.180904
 -0.225168   0.001181  -0.039491  -0.544406   0.180604
 -0.223988   0.001179  -0.039282  -0.544398   0.180306
 -0.222810   0.001177  -0.039073  -0.544390   0.180009
 -0.221635   0.001175  -0.038865  -0.544382   0.179713
 -0.220461   0.001173  -0.038657  -0.544374   0.179418
 -0.219290   0.001171  -0.038450  -0.544366   0.179124
 -0.218120   0.001169  -0.038243  -0.544357   0.178831
 -0.216952   0.001167  -0.038036  -0.544349   0.178540
 -0.215787   0.001165  -0.037830  -0.544341   0.178249
 -0.214623   0.001163  -0.037624  -0.544332   0.177959
 -0.213462   0.001161  -0.037419  -0.544323   0.177671
 -0.212302   0.001159  -0.037214  -0.544315   0.177384
 -0.211144   0.001157  -0.037009  -0.544306   0.177097
 -0.209988   0.001155  -0.036805  -0.544297   0.176812
 -0.208834   0.001153  -0.036601  -0.544288   0.176527
 -0.207682   0.001151  -0.036397  -0.544279   0.176244
 -0.206532   0.001149  -0.036194  -0.544270   0.175962
 -0.205384   0.001147  -0.035992  -0.544261   0.175680
 -0.204237   0.001146  -0.035789  -0.544252   0.175400
 -0.203092   0.001144  -0.035587  -0.544242   0.175121
 -0.201950   0.001142  -0.035386  -0.544233   0.174842
 -0.200809   0.001140  -0.035185  -0.544224   0.174565
 -0.199669   0.001138  -0.034984  -0.544214   0.174289
 -0.198532   0.001137  -0.034783  -0.544204   0.174013
 -0.197396   0.001135  -0.034583  -0.544195   0.173739
 -0.196263   0.001133  -0.034383  -0.544185   0.173465
 -0.195130   0.001131  -0.034184  -0.544175   0.173193
 -0.194000   0.001130  -0.033985  -0.544165   0.172921
 -0.192871   0.001128  -0.033786  -0.544155   0.172650
 -0.191744   0.001126  -0.033588  -0.544145   0.172380
 -0.190619   0.001124  -0.033390  -0.544135   0.172111
 -0.189495   0.001123  -0.033192  -0.544125   0.171844
 -0.188374   0.001121  -0.032994  -0.544114   0.171576
 -0.187253   0.001119  -0.032797  -0.544104   0.171310
 -0.186135   0.001118  -0.032601  -0.544094   0.171045
 -0.185018   0.001116  -0.032404  -0.544083   0.170781
 -0.183902   0.001115  -0.032208  -0.544073   0.170517
 -0.182789   0.001113  -0.032013  -0.544062   0.170254
 -0.181676   0.001111  -0.031817  -0.544051   0.169993
 -0.180566   0.001110  -0.031622  -0.544040   0.169732
 -0.179457   0.001108  -0.031427  -0.544030   0.169472
 -0.178349   0.001107  -0.031233  -0.544019   0.169213
 -0.177243   0.001105  -0.031039  -0.544008   0.168954
 -0.176139   0.001104  -0.030845  -0.543997   0.168697
 -0.175036   0.001102  -0.030651  -0.543985   0.168440
 -0.173935   0.001101  -0.030458  -0.543974   0.168184
 -0.172835   0.001099  -0.030265  -0.543963   0.167929
 -0.171737   0.001098  -0.030073  -0.543952   0.167675
 -0.170640   0.001096  -0.029880  -0.543940   0.167422
 -0.169545   0.001095  -0.029688  -0.543929   0.167169
 -0.168451   0.001093  -0.029497  -0.543917   0.166917
 -0.167358   0.001092  -0.029305  -0.543906   0.166666
 -0.166267   0.001090  -0.029114  -0.543894   0.166416
 -0.165178   0.001089  -0.028923  -0.543882   0.166167
 -0.164090   0.001087  -0.028733  -0.543871   0.165918
 -0.163003   0.001086  -0.028543  -0.543859   0.165670
 -0.161917   0.001085  -0.028353  -0.543847   0.165423
 -0.160833   0.001083  -0.028163  -0.543835   0.165177
 -0.159751   0.001082  -0.027974  -0.543823   0.164931
 -0.158669   0.001081  -0.027784  -0.543811   0.164686
 -0.157589   0.001079  -0.027596  -0.543799   0.164442
 -0.156511   0.001078  -0.027407  -0.543786   0.164199
 -0.155434   0.001077  -0.027219  -0.543774   0.163956
 -0.154358   0.001075  -0.027031  -0.543762   0.163714
 -0.153283   0.001074  -0.026843  -0.543749   0.163473
 -0.152210   0.001073  -0.026656  -0.543737   0.163233
 -0.151137   0.001071  -0.026468  -0.543724   0.162993
 -0.150067   0.001070  -0.026281  -0.543712   0.162754
 -0.148997   0.001069  -0.026095  -0.543699   0.162516
 -0.147929   0.001068  -0.025908  -0.543686   0.162278
 -0.146862   0.001066  -0.025722  -0.543673   0.162042
 -0.145796   0.001065  -0.025536  -0.543661   0.161805
 -0.144731   0.001064  -0.025350  -0.543648   0.161570
 -0.143668   0.001063  -0.025165  -0.543635   0.161335
 -0.142606   0.001062  -0.024980  -0.543622   0.161101
 -0.141545   0.001060  -0.024795  -0.543609   0.160868
 -0.140485   0.001059  -0.024610  -0.543595   0.160635
 -0.139426   0.001058  -0.024426  -0.543582   0.160403
 -0.138369   0.001057  -0.024241  -0.543569   0.160172
 -0.137312   0.001056  -0.024057  -0.543556   0.159941
 -0.136257   0.001055  -0.023874  -0.543542   0.159711
 -0.135203   0.001054  -0.023690  -0.543529   0.159481
 -0.134150   0.001052  -0.023507  -0.543515   0.159252
 -0.133098   0.001051  -0.023324  -0.543502   0.159024
 -0.132047   0.001050  -0.023141  -0.543488   0.158797
 -0.130998   0.001049  -0.022959  -0.543474   0.158570
 -0.129949   0.001048  -0.022776  -0.543461   0.158344
 -0.128902   0.001047  -0.022594  -0.543447   0.158118
 -0.127855   0.001046  -0.022412  -0.543433   0.157893
 -0.126810   0.001045  -0.022230  -0.543419   0.157669
 -0.125765   0.001044  -0.022049  -0.543405   0.157445
 -0.124722   0.001043  -0.021868  -0.543391   0.157222
 -0.123680   0.001042  -0.021687  -0.543377   0.156999
 -0.122638   0.001041  -0.021506  -0.543363   0.156777
 -0.121598   0.001040  -0.021325  -0.543349   0.156556
 -0.120559   0.001039  -0.021145  -0.543334   0.156335
 -0.119520   0.001038  -0.020965  -0.543320   0.156115
 -0.118483   0.001037  -0.020785  -0.543306   0.155896
 -0.117447   0.001036  -0.020605  -0.543291   0.155677
 -0.116411   0.001035  -0.020425  -0.543277   0.155458
 -0.115377   0.001034  -0.020246  -0.543262   0.155240
 -0.114343   0.001033  -0.020067  -0.543248   0.155023
 -0.113310   0.001032  -0.019888  -0.543233   0.154807
 -0.112279   0.001031  -0.019709  -0.543218   0.154590
 -0.111248   0.001030  -0.019530  -0.543204   0.154375
 -0.110218   0.001029  -0.019352  -0.543189   0.154160
 -0.109189   0.001029  -0.019174  -0.543174   0.153945
 -0.108161   0.001028  -0.018996  -0.543159   0.153732
 -0.107134   0.001027  -0.018818  -0.543144   0.153518
 -0.106107   0.001026  -0.018640  -0.543129   0.153305
 -0.105082   0.001025  -0.018463  -0.543114   0.153093
 -0.104057   0.001024  -0.018285  -0.543099   0.152881
 -0.103033   0.001023  -0.018108  -0.543084   0.152670
 -0.102010   0.001023  -0.017931  -0.543069   0.152460
 -0.100988   0.001022  -0.017754  -0.543053   0.152250
 -0.099967   0.001021  -0.017578  -0.543038   0.152040
 -0.098946   0.001020  -0.017401  -0.543022   0.151831
 -0.097926   0.001019  -0.017225  -0.543007   0.151622
 -0.096907   0.001019  -0.017049  -0.542991   0.151414
 -0.095889   0.001018  -0.016873  -0.542976   0.151207
 -0.094871   0.001017  -0.016698  -0.542960   0.151000
 -0.093855   0.001016  -0.016522  -0.542945   0.150793
 -0.092839   0.001016  -0.016347  -0.542929   0.150587
 -0.091824   0.001015  -0.016171  -0.542913   0.150382
 -0.090809   0.001014  -0.015996  -0.542897   0.150177
 -0.089795   0.001013  -0.015821  -0.542881   0.149972
 -0.088782   0.001013  -0.015647  -0.542865   0.149768
 -0.087770   0.001012  -0.015472  -0.542849   0.149564
 -0.086758   0.001011  -0.015298  -0.542833   0.149361
 -0.085747   0.001011  -0.015123  -0.542817   0.149159
 -0.084737   0.001010  -0.014949  -0.542801   0.148957
 -0.083727   0.001009  -0.014775  -0.542785   0.148755
 -0.082718   0.001009  -0.014601  -0.542769   0.148554
 -0.081710   0.001008  -0.014428  -0.542752   0.148353
 -0.080702   0.001007  -0.014254  -0.542736   0.148153
 -0.079695   0.001007  -0.014081  -0.542720   0.147953
 -0.078689   0.001006  -0.013907  -0.542703   0.147754
 -0.077683   0.001005  -0.013734  -0.542687   0.147555
 -0.076678   0.001005  -0.013561  -0.542670   0.147356
 -0.075674   0.001004  -0.013388  -0.542653   0.147158
 -0.074670   0.001004  -0.013216  -0.542637   0.146961
 -0.073666   0.001003  -0.013043  -0.542620   0.146764
 -0.072664   0.001002  -0.012871  -0.542603   0.146567
 -0.071661   0.001002  -0.012698  -0.542586   0.146371
 -0.070660   0.001001  -0.012526  -0.542569   0.146175
 -0.069659   0.001001  -0.012354  -0.542552   0.145980
 -0.068658   0.001000  -0.012182  -0.542535   0.145785
 -0.067658   0.001000  -0.012011  -0.542518   0.145591
 -0.066659   0.000999  -0.011839  -0.542501   0.145396
 -0.065660   0.000999  -0.011667  -0.542484   0.145203
 -0.064661   0.000998  -0.011496  -0.542467   0.145010
 -0.063663   0.000998  -0.011325  -0.542450   0.144817
 -0.062666   0.000997  -0.011153  -0.542432   0.144624
 -0.061669   0.000997  -0.010982  -0.542415   0.144433
 -0.060673   0.000996  -0.010811  -0.542397   0.144241
 -0.059677   0.000996  -0.010641  -0.542380   0.144050
 -0.058681   0.000995  -0.010470  -0.542362   0.143859
 -0.057686   0.000995  -0.010299  -0.542345   0.143669
 -0.056692   0.000994  -0.010129  -0.542327   0.143479
 -0.055697   0.000994  -0.009958  -0.542310   0.143289
 -0.054704   0.000993  -0.009788  -0.542292   0.143100
 -0.053710   0.000993  -0.009618  -0.542274   0.142911
 -0.052718   0.000993  -0.009448  -0.542256   0.142723
 -0.051725   0.000992  -0.009278  -0.542238   0.142535
 -0.050733   0.000992  -0.009108  -0.542220   0.142347
 -0.049741   0.000991  -0.008938  -0.542202   0.142160
 -0.048750   0.000991  -0.008769  -0.542184   0.141973
 -0.047759   0.000991  -0.008599  -0.542166   0.141787
 -0.046769   0.000990  -0.008430  -0.542148   0.141601
 -0.045779   0.000990  -0.008260  -0.542130   0.141415
 -0.044789   0.000990  -0.008091  -0.542112   0.141230
 -0.043799   0.000989  -0.007922  -0.542093   0.141045
 -0.042810   0.000989  -0.007753  -0.542075   0.140860
 -0.041821   0.000989  -0.007584  -0.542056   0.140676
 -0.040833   0.000988  -0.007415  -0.542038   0.140492
 -0.039845   0.000988  -0.007246  -0.542019   0.140308
 -0.038857   0.000988  -0.007077  -0.542001   0.140125
 -0.037869   0.000987  -0.006908  -0.541982   0.139942
 -0.036882   0.000987  -0.006740  -0.541964   0.139760
 -0.035895   0.000987  -0.006571  -0.541945   0.139578
 -0.034909   0.000987  -0.006403  -0.541926   0.139396
 -0.033922   0.000986  -0.006234  -0.541907   0.139215
 -0.032936   0.000986  -0.006066  -0.541888   0.139033
 -0.031950   0.000986  -0.005898  -0.541869   0.138853
 -0.030965   0.000986  -0.005730  -0.541850   0.138672
 -0.029979   0.000985  -0.005562  -0.541831   0.138492
 -0.028994   0.000985  -0.005394  -0.541812   0.138312
 -0.028009   0.000985  -0.005226  -0.541793   0.138133
 -0.027024   0.000985  -0.005058  -0.541774   0.137954
 -0.026040   0.000984  -0.004890  -0.541754   0.137775
 -0.025056   0.000984  -0.004723  -0.541735   0.137597
 -0.024071   0.000984  -0.004555  -0.541716   0.137419
 -0.023087   0.000984  -0.004387  -0.541696   0.137241
 -0.022104   0.000984  -0.004220  -0.541677   0.137063
 -0.021120   0.000983  -0.004052  -0.541657   0.136886
 -0.020137   0.000983  -0.003885  -0.541638   0.136709
 -0.019153   0.000983  -0.003718  -0.541618   0.136533
 -0.018170   0.000983  -0.003550  -0.541598   0.136357
 -0.017187   0.000983  -0.003383  -0.541579   0.136181
 -0.016205   0.000983  -0.003216  -0.541559   0.136005
 -0.015222   0.000983  -0.003049  -0.541539   0.135830
 -0.014239   0.000983  -0.002882  -0.541519   0.135655
 -0.013257   0.000982  -0.002715  -0.541499   0.135480
 -0.012274   0.000982  -0.002548  -0.541479   0.135306
 -0.011292   0.000982  -0.002381  -0.541459   0.135132
 -0.010310   0.000982  -0.002214  -0.541439   0.134958
 -0.009328   0.000982  -0.002047  -0.541418   0.134784
 -0.008346   0.000982  -0.001880  -0.541398   0.134611
 -0.007364   0.000982  -0.001714  -0.541378   0.134438
 -0.006382   0.000982  -0.001547  -0.541357   0.134266
 -0.005400   0.000982  -0.001380  -0.541337   0.134093
 -0.004418   0.000982  -0.001214  -0.541317   0.133921
 -0.003436   0.000982  -0.001047  -0.541296   0.133749
 -0.002454   0.000982  -0.000881  -0.541275   0.133578
 -0.001473   0.000982  -0.000714  -0.541255   0.133407
 -0.000491   0.000982  -0.000548  -0.541234   0.133236
  0.000491   0.000982  -0.000381  -0.541213   0.133065
  0.001473   0.000982  -0.000215  -0.541193   0.132895
  0.002454   0.000982  -0.000048  -0.541172   0.132725
  0.003436   0.000982   0.000118  -0.541151   0.132555
  0.004418   0.000982   0.000284  -0.541130   0.132385
  0.005400   0.000982   0.000451  -0.541109   0.132216
  0.006382   0.000982   0.000617  -0.541088   0.132047
  0.007364   0.000982   0.000783  -0.541066   0.131878
  0.008346   0.000982   0.000950  -0.541045   0.131709
  0.009328   0.000982   0.001116  -0.541024   0.131541
  0.010310   0.000982   0.001282  -0.541003   0.131373
  0.011292   0.000982   0.001448  -0.540981   0.131205
  0.012274   0.000982   0.001614  -0.540960   0.131038
  0.013257   0.000982   0.001781  -0.540938   0.130870
  0.014239   0.000983   0.001947  -0.540917   0.130703
  0.015222   0.000983   0.002113  -0.540895   0.130537
  0.016205   0.000983   0.002279  -0.540873   0.130370
  0.017187   0.000983   0.002445  -0.540852   0.130204
  0.018170   0.000983   0.002611  -0.540830   0.130038
  0.019153   0.000983   0.002777  -0.540808   0.129872
  0.020137   0.000983   0.002943  -0.540786   0.129706
  0.021120   0.000983   0.003109  -0.540764   0.129541
  0.022104   0.000984   0.003276  -0.540742   0.129376
  0.023087   0.000984   0.003442  -0.540720   0.129211
  0.024071   0.000984   0.003608  -0.540698   0.129047
  0.025056   0.000984   0.003774  -0.540676   0.128882
  0.026040   0.000984   0.003940  -0.540653   0.128718
  0.027024   0.000985   0.004106  -0.540631   0.128554
  0.028009   0.000985   0.004272  -0.540609   0.128390
  0.028994   0.000985   0.004438  -0.540586   0.128227
  0.029979   0.000985   0.004604  -0.540564   0.128064
  0.030965   0.000986   0.004770  -0.540541   0.127901
  0.031950   0.000986   0.004937  -0.540519   0.127738
  0.032936   0.000986   0.005103  -0.540496   0.127575
  0.033922   0.000986   0.005269  -0.540473   0.127413
  0.034909   0.000987   0.005435  -0.540450   0.127251
  0.035895   0.000987   0.005601  -0.540427   0.127089
  0.036882   0.000987   0.005767  -0.540405   0.126927
  0.037869   0.000987   0.005934  -0.540382   0.126766
  0.038857   0.000988   0.006100  -0.540358   0.126604
  0.039845   0.000988   0.006266  -0.540335   0.126443
  0.040833   0.000988   0.006432  -0.540312   0.126282
  0.041821   0.000989   0.006599  -0.540289   0.126122
  0.042810   0.000989   0.006765  -0.540266   0.125961
  0.043799   0.000989   0.006931  -0.540242   0.125801
  0.044789   0.000990   0.007098  -0.540219   0.125641
  0.045779   0.000990   0.007264  -0.540195   0.125481
  0.046769   0.000990   0.007430  -0.540172   0.125321
  0.047759   0.000991   0.007597  -0.540148   0.125162
  0.048750   0.000991   0.007763  -0.540124   0.125003
  0.049741   0.000991   0.007930  -0.540101   0.124843
  0.050733   0.000992   0.008097  -0.540077   0.124685
  0.051725   0.000992   0.008263  -0.540053   0.124526
  0.052718   0.000993   0.008430  -0.540029   0.124367
  0.053710   0.000993   0.008596  -0.540005   0.124209
  0.054704   0.000993   0.008763  -0.539981   0.124051
  0.055697   0.000994   0.008930  -0.539957   0.123893
  0.056692   0.000994   0.009097  -0.539933   0.123735
  0.057686   0.000995   0.009263  -0.539908   0.123578
  0.058681   0.000995   0.009430  -0.539884   0.123420
  0.059677   0.000996   0.009597  -0.539859   0.123263
  0.060673   0.000996   0.009764  -0.539835   0.123106
  0.061669   0.000997   0.009931  -0.539810   0.122949
  0.062666   0.000997   0.010098  -0.539786   0.122792
  0.063663   0.000998   0.010265  -0.539761   0.122636
  0.064661   0.000998   0.010433  -0.539736   0.122479
  0.065660   0.000999   0.010600  -0.539712   0.122323
  0.066659   0.000999   0.010767  -0.539687   0.122167
  0.067658   0.001000   0.010935  -0.539662   0.122011
  0.068658   0.001000   0.011102  -0.539637   0.121856
  0.069659   0.001001   0.011269  -0.539612   0.121700
  0.070660   0.001001   0.011437  -0.539586   0.121545
  0.071661   0.001002   0.011605  -0.539561   0.121390
  0.072664   0.001002   0.011772  -0.539536   0.121235
  0.073666   0.001003   0.011940  -0.539511   0.121080
  0.074670   0.001004   0.012108  -0.539485   0.120925
  0.075674   0.001004   0.012275  -0.539460   0.120770
  0.076678   0.001005   0.012443  -0.539434   0.120616
  0.077683   0.001005   0.012611  -0.539408   0.120462
  0.078689   0.001006   0.012779  -0.539383   0.120308
  0.079695   0.001007   0.012948  -0.539357   0.120154
  0.080702   0.001007   0.013116  -0.539331   0.120000
  0.081710   0.001008   0.013284  -0.539305   0.119846
  0.082718   0.001009   0.013452  -0.539279   0.119693
  0.083727   0.001009   0.013621  -0.539253   0.119540
  0.084737   0.001010   0.013789  -0.539227   0.119386
  0.085747   0.001011   0.013958  -0.539200   0.119233
  0.086758   0.001011   0.014127  -0.539174   0.119081
  0.087770   0.001012   0.014295  -0.539148   0.118928
  0.088782   0.001013   0.014464  -0.539121   0.118775
  0.089795   0.001013   0.014633  -0.539095   0.118623
  0.090809   0.001014   0.014802  -0.539068   0.118470
  0.091824   0.001015   0.014971  -0.539042   0.118318
  0.092839   0.001016   0.015141  -0.539015   0.118166
  0.093855   0.001016   0.015310  -0.538988   0.118014
  0.094871   0.001017   0.015479  -0.538961   0.117862
  0.095889   0.001018   0.015649  -0.538934   0.117711
  0.096907   0.001019   0.015818  -0.538907   0.117559
  0.097926   0.001019   0.015988  -0.538880   0.117408
  0.098946   0.001020   0.016158  -0.538853   0.117257
  0.099967   0.001021   0.016328  -0.538825   0.117106
  0.100988   0.001022   0.016498  -0.538798   0.116954
  0.102010   0.001023   0.016668  -0.538770   0.116804
  0.103033   0.001023   0.016838  -0.538743   0.116653
  0.104057   0.001024   0.017008  -0.538715   0.116502
  0.105082   0.001025   0.017179  -0.538688   0.116352
  0.106107   0.001026   0.017349  -0.538660   0.116201
  0.107134   0.001027   0.017520  -0.538632   0.116051
  0.108161   0.001028   0.017691  -0.538604   0.115901
  0.109189   0.001029   0.017861  -0.538576   0.115751
  0.110218   0.001029   0.018032  -0.538548   0.115601
  0.111248   0.001030   0.018203  -0.538520   0.115451
  0.112279   0.001031   0.018375  -0.538492   0.115302
  0.113310   0.001032   0.018546  -0.538463   0.115152
  0.114343   0.001033   0.018717  -0.538435   0.115002
  0.115377   0.001034   0.018889  -0.538406   0.114853
  0.116411   0.001035   0.019061  -0.538378   0.114704
  0.117447   0.001036   0.019232  -0.538349   0.114555
  0.118483   0.001037   0.019404  -0.538320   0.114406
  0.119520   0.001038   0.019576  -0.538291   0.114257
  0.120559   0.001039   0.019749  -0.538262   0.114108
  0.121598   0.001040   0.019921  -0.538233   0.113959
  0.122638   0.001041   0.020093  -0.538204   0.113811
  0.123680   0.001042   0.020266  -0.538175   0.113662
  0.124722   0.001043   0.020439  -0.538146   0.113514
  0.125765   0.001044   0.020612  -0.538117   0.113366
  0.126810   0.001045   0.020785  -0.538087   0.113217
  0.127855   0.001046   0.020958  -0.538058   0.113069
  0.128902   0.001047   0.021131  -0.538028   0.112921
  0.129949   0.001048   0.021305  -0.537998   0.112773
  0.130998   0.001049   0.021478  -0.537968   0.112625
  0.132047   0.001050   0.021652  -0.537938   0.112478
  0.133098   0.001051   0.021826  -0.537909   0.112330
  0.134150   0.001052   0.022000  -0.537878   0.112183
  0.135203   0.001054   0.022174  -0.537848   0.112035
  0.136257   0.001055   0.022348  -0.537818   0.111888
  0.137312   0.001056   0.022523  -0.537788   0.111740
  0.138369   0.001057   0.022697  -0.537757   0.111593
  0.139426   0.001058   0.022872  -0.537727   0.111446
  0.140485   0.001059   0.023047  -0.537696   0.111299
  0.141545   0.001060   0.023222  -0.537665   0.111152
  0.142606   0.001062   0.023398  -0.537635   0.111005
  0.143668   0.001063   0.023573  -0.537604   0.110859
  0.144731   0.001064   0.023749  -0.537573   0.110712
  0.145796   0.001065   0.023924  -0.537542   0.110565
  0.146862   0.001066   0.024100  -0.537510   0.110419
  0.147929   0.001068   0.024276  -0.537479   0.110272
  0.148997   0.001069   0.024453  -0.537448   0.110126
  0.150067   0.001070   0.024629  -0.537416   0.109979
  0.151137   0.001071   0.024806  -0.537385   0.109833
  0.152210   0.001073   0.024983  -0.537353   0.109687
  0.153283   0.001074   0.025160  -0.537321   0.109541
  0.154358   0.001075   0.025337  -0.537289   0.109395
  0.155434   0.001077   0.025514  -0.537257   0.109249
  0.156511   0.001078   0.025692  -0.537225   0.109103
  0.157589   0.001079   0.025869  -0.537193   0.108957
  0.158669   0.001081   0.026047  -0.537161   0.108811
  0.159751   0.001082   0.026225  -0.537128   0.108666
  0.160833   0.001083   0.026404  -0.537096   0.108520
  0.161917   0.001085   0.026582  -0.537063   0.108375
  0.163003   0.001086   0.026761  -0.537031   0.108229
  0.164090   0.001087   0.026940  -0.536998   0.108084
  0.165178   0.001089   0.027119  -0.536965   0.107938
  0.166267   0.001090   0.027298  -0.536932   0.107793
  0.167358   0.001092   0.027478  -0.536899   0.107648
  0.168451   0.001093   0.027657  -0.536866   0.107502
  0.169545   0.001095   0.027837  -0.536832   0.107357
  0.170640   0.001096   0.028017  -0.536799   0.107212
  0.171737   0.001098   0.028197  -0.536765   0.107067
  0.172835   0.001099   0.028378  -0.536732   0.106922
  0.173935   0.001101   0.028559  -0.536698   0.106777
  0.175036   0.001102   0.028740  -0.536664   0.106632
  0.176139   0.001104   0.028921  -0.536630   0.106487
  0.177243   0.001105   0.029102  -0.536596   0.106343
  0.178349   0.001107   0.029284  -0.536562   0.106198
  0.179457   0.001108   0.029465  -0.536527   0.106053
  0.180566   0.001110   0.029647  -0.536493   0.105909
  0.181676   0.001111   0.029830  -0.536458   0.105764
  0.182789   0.001113   0.030012  -0.536424   0.105619
  0.183902   0.001115   0.030195  -0.536389   0.105475
  0.185018   0.001116   0.030378  -0.536354   0.105330
  0.186135   0.001118   0.030561  -0.536319   0.105186
  0.187253   0.001119   0.030744  -0.536284   0.105042
  0.188374   0.001121   0.030928  -0.536249   0.104897
  0.189495   0.001123   0.031112  -0.536213   0.104753
  0.190619   0.001124   0.031296  -0.536178   0.104609
  0.191744   0.001126   0.031480  -0.536142   0.104464
  0.192871   0.001128   0.031665  -0.536107   0.104320
  0.194000   0.001130   0.031850  -0.536071   0.104176
  0.195130   0.001131   0.032035  -0.536035   0.104032
  0.196263   0.001133   0.032220  -0.535999   0.103888
  0.197396   0.001135   0.032406  -0.535963   0.103744
  0.198532   0.001137   0.032591  -0.535926   0.103600
  0.199669   0.001138   0.032777  -0.535890   0.103456
  0.200809   0.001140   0.032964  -0.535853   0.103312
  0.201950   0.001142   0.033150  -0.535817   0.103168
  0.203092   0.001144   0.033337  -0.535780   0.103024
  0.204237   0.001146   0.033524  -0.535743   0.102880
  0.205384   0.001147   0.033712  -0.535706   0.102736
  0.206532   0.001149   0.033899  -0.535669   0.102592
  0.207682   0.001151   0.034087  -0.535631   0.102448
  0.208834   0.001153   0.034275  -0.535594   0.102304
  0.209988   0.001155   0.034464  -0.535556   0.102160
  0.211144   0.001157   0.034653  -0.535519   0.102017
  0.212302   0.001159   0.034842  -0.535481   0.101873
  0.213462   0.001161   0.035031  -0.535443   0.101729
  0.214623   0.001163   0.035220  -0.535405   0.101585
  0.215787   0.001165   0.035410  -0.535366   0.101442
  0.216952   0.001167   0.035600  -0.535328   0.101298
  0.218120   0.001169   0.035791  -0.535289   0.101154
  0.219290   0.001171   0.035982  -0.535251   0.101011
  0.220461   0.001173   0.036173  -0.535212   0.100867
  0.221635   0.001175   0.036364  -0.535173   0.100723
  0.222810   0.001177   0.036555  -0.535134   0.100580
  0.223988   0.001179   0.036747  -0.535095   0.100436
  0.225168   0.001181   0.036940  -0.535056   0.100292
  0.226350   0.001183   0.037132  -0.535016   0.100149
  0.227534   0.001185   0.037325  -0.534976   0.100005
  0.228720   0.001187   0.037518  -0.534937   0.099861
  0.229908   0.001189   0.037711  -0.534897   0.099718
  0.231099   0.001191   0.037905  -0.534857   0.099574
  0.232291   0.001194   0.038099  -0.534816   0.099431
  0.233486   0.001196   0.038294  -0.534776   0.099287
  0.234683   0.001198   0.038488  -0.534736   0.099143
  0.235882   0.001200   0.038683  -0.534695   0.099000
  0.237083   0.001202   0.038879  -0.534654   0.098856
  0.238287   0.001205   0.039074  -0.534613   0.098712
  0.239493   0.001207   0.039270  -0.534572   0.098569
  0.240701   0.001209   0.039466  -0.534531   0.098425
  0.241911   0.001212   0.039663  -0.534489   0.098282
  0.243124   0.001214   0.039860  -0.534448   0.098138
  0.244339   0.001216   0.040057  -0.534406   0.097994
  0.245556   0.001219   0.040255  -0.534364   0.097851
  0.246776   0.001221   0.040453  -0.534322   0.097707
  0.247998   0.001223   0.040651  -0.534280   0.097563
  0.249223   0.001226   0.040850  -0.534238   0.097420
  0.250450   0.001228   0.041049  -0.534195   0.097276
  0.251679   0.001230   0.041248  -0.534153   0.097132
  0.252911   0.001233   0.041448  -0.534110   0.096988
  0.254145   0.001235   0.041648  -0.534067   0.096845
  0.255381   0.001238   0.041849  -0.534024   0.096701
  0.256620   0.001240   0.042050  -0.533980   0.096557
  0.257862   0.001243   0.042251  -0.533937   0.096413
  0.259106   0.001245   0.042452  -0.533893   0.096270
  0.260353   0.001248   0.042654  -0.533849   0.096126
  0.261602   0.001250   0.042857  -0.533805   0.095982
  0.262854   0.001253   0.043059  -0.533761   0.095838
  0.264108   0.001256   0.043262  -0.533717   0.095694
  0.265365   0.001258   0.043466  -0.533672   0.095550
  0.266625   0.001261   0.043670  -0.533628   0.095406
  0.267887   0.001264   0.043874  -0.533583   0.095262
  0.269152   0.001266   0.044078  -0.533538   0.095118
  0.270419   0.001269   0.044283  -0.533493   0.094974
  0.271690   0.001272   0.044489  -0.533447   0.094830
  0.272963   0.001274   0.044695  -0.533402   0.094686
  0.274238   0.001277   0.044901  -0.533356   0.094542
  0.275517   0.001280   0.045107  -0.533310   0.094398
  0.276798   0.001283   0.045314  -0.533264   0.094253
  0.278082   0.001285   0.045522  -0.533218   0.094109
  0.279369   0.001288   0.045730  -0.533171   0.093965
  0.280659   0.001291   0.045938  -0.533125   0.093821
  0.281951   0.001294   0.046146  -0.533078   0.093676
  0.283247   0.001297   0.046355  -0.533031   0.093532
  0.284545   0.001300   0.046565  -0.532983   0.093388
  0.285846   0.001303   0.046775  -0.532936   0.093243
  0.287150   0.001306   0.046985  -0.532888   0.093099
  0.288457   0.001309   0.047196  -0.532841   0.092954
  0.289767   0.001311   0.047407  -0.532793   0.092809
  0.291080   0.001314   0.047619  -0.532744   0.092665
  0.292396   0.001317   0.047831  -0.532696   0.092520
  0.293715   0.001321   0.048043  -0.532648   0.092375
  0.295037   0.001324   0.048256  -0.532599   0.092231
  0.296362   0.001327   0.048470  -0.532550   0.092086
  0.297690   0.001330   0.048684  -0.532501   0.091941
  0.299022   0.001333   0.048898  -0.532451   0.091796
  0.300356   0.001336   0.049113  -0.532402   0.091651
  0.301694   0.001339   0.049328  -0.532352   0.091506
  0.303034   0.001342   0.049544  -0.532302   0.091361
  0.304378   0.001346   0.049760  -0.532252   0.091216
  0.305726   0.001349   0.049977  -0.532201   0.091071
  0.307076   0.001352   0.050194  -0.532150   0.090926
  0.308430   0.001355   0.050411  -0.532100   0.090780
  0.309787   0.001359   0.050629  -0.532048   0.090635
  0.311147   0.001362   0.050848  -0.531997   0.090490
  0.312511   0.001365   0.051067  -0.531946   0.090344
  0.313877   0.001369   0.051287  -0.531894   0.090199
  0.315248   0.001372   0.051507  -0.531842   0.090053
  0.316622   0.001375   0.051727  -0.531790   0.089907
  0.317999   0.001379   0.051948  -0.531737   0.089762
  0.319379   0.001382   0.052170  -0.531685   0.089616
  0.320763   0.001386   0.052392  -0.531632   0.089470
  0.322151   0.001389   0.052615  -0.531579   0.089324
  0.323542   0.001393   0.052838  -0.531525   0.089178
  0.324936   0.001396   0.053061  -0.531472   0.089032
  0.326335   0.001400   0.053286  -0.531418   0.088886
  0.327736   0.001404   0.053510  -0.531364   0.088740
  0.329142   0.001407   0.053735  -0.531310   0.088594
  0.330551   0.001411   0.053961  -0.531255   0.088447
  0.331963   0.001415   0.054188  -0.531201   0.088301
  0.333380   0.001418   0.054414  -0.531146   0.088155
  0.334800   0.001422   0.054642  -0.531090   0.088008
  0.336224   0.001426   0.054870  -0.531035   0.087861
  0.337651   0.001429   0.055098  -0.530979   0.087715
  0.339083   0.001433   0.055327  -0.530923   0.087568
  0.340518   0.001437   0.055557  -0.530867   0.087421
  0.341957   0.001441   0.055787  -0.530810   0.087274
  0.343400   0.001445   0.056018  -0.530754   0.087127
  0.344846   0.001449   0.056249  -0.530697   0.086980
  0.346297   0.001453   0.056481  -0.530639   0.086833
  0.347752   0.001457   0.056713  -0.530582   0.086686
  0.349210   0.001461   0.056946  -0.530524   0.086538
  0.350673   0.001465   0.057180  -0.530466   0.086391
  0.352140   0.001469   0.057414  -0.530408   0.086243
  0.353610   0.001473   0.057649  -0.530349   0.086096
  0.355085   0.001477   0.057884  -0.530290   0.085948
  0.356564   0.001481   0.058121  -0.530231   0.085800
  0.358047   0.001485   0.058357  -0.530172   0.085652
  0.359535   0.001489   0.058594  -0.530112   0.085504
  0.361026   0.001494   0.058832  -0.530052   0.085356
  0.362522   0.001498   0.059071  -0.529992   0.085208
  0.364022   0.001502   0.059310  -0.529931   0.085060
  0.365526   0.001506   0.059550  -0.529870   0.084912
  0.367035   0.001511   0.059790  -0.529809   0.084763
  0.368548   0.001515   0.060031  -0.529748   0.084615
  0.370065   0.001520   0.060273  -0.529686   0.084466
  0.371587   0.001524   0.060515  -0.529624   0.084317
  0.373113   0.001528   0.060758  -0.529562   0.084168
  0.374644   0.001533   0.061002  -0.529499   0.084019
  0.376179   0.001537   0.061246  -0.529436   0.083870
  0.377719   0.001542   0.061491  -0.529373   0.083721
  0.379263   0.001547   0.061737  -0.529310   0.083572
  0.380812   0.001551   0.061983  -0.529246   0.083422
  0.382365   0.001556   0.062230  -0.529182   0.083273
  0.383924   0.001561   0.062478  -0.529117   0.083123
  0.385486   0.001565   0.062726  -0.529052   0.082974
  0.387054   0.001570   0.062975  -0.528987   0.082824
  0.388627   0.001575   0.063225  -0.528922   0.082674
  0.390204   0.001580   0.063476  -0.528856   0.082524
  0.391786   0.001585   0.063727  -0.528790   0.082374
  0.393373   0.001589   0.063979  -0.528724   0.082223
  0.394965   0.001594   0.064231  -0.528657   0.082073
  0.396562   0.001599   0.064485  -0.528590   0.081923
  0.398163   0.001604   0.064739  -0.528523   0.081772
  0.399770   0.001609   0.064994  -0.528455   0.081621
  0.401382   0.001614   0.065249  -0.528387   0.081470
  0.402999   0.001620   0.065506  -0.528318   0.081319
  0.404621   0.001625   0.065763  -0.528250   0.081168
  0.406248   0.001630   0.066020  -0.528180   0.081017
  0.407881   0.001635   0.066279  -0.528111   0.080866
  0.409519   0.001640   0.066538  -0.528041   0.080714
  0.411162   0.001646   0.066799  -0.527971   0.080562
  0.412810   0.001651   0.067060  -0.527900   0.080411
  0.414463   0.001656   0.067321  -0.527830   0.080259
  0.416123   0.001662   0.067584  -0.527758   0.080107
  0.417787   0.001667   0.067847  -0.527687   0.079955
  0.419457   0.001673   0.068111  -0.527615   0.079802
  0.421132   0.001678   0.068376  -0.527542   0.079650
  0.422813   0.001684   0.068642  -0.527469   0.079497
  0.424500   0.001689   0.068908  -0.527396   0.079345
  0.426192   0.001695   0.069176  -0.527323   0.079192
  0.427890   0.001701   0.069444  -0.527249   0.079039
  0.429594   0.001706   0.069713  -0.527174   0.078886
  0.431303   0.001712   0.069983  -0.527100   0.078732
  0.433018   0.001718   0.070254  -0.527024   0.078579
  0.434739   0.001724   0.070525  -0.526949   0.078426
  0.436466   0.001730   0.070798  -0.526873   0.078272
  0.438199   0.001736   0.071071  -0.526796   0.078118
  0.439938   0.001742   0.071345  -0.526720   0.077964
  0.441682   0.001748   0.071620  -0.526642   0.077810
  0.443433   0.001754   0.071896  -0.526565   0.077656
  0.445190   0.001760   0.072173  -0.526487   0.077501
  0.446953   0.001766   0.072451  -0.526408   0.077347
  0.448723   0.001772   0.072730  -0.526329   0.077192
  0.450498   0.001779   0.073009  -0.526250   0.077037
  0.452280   0.001785   0.073290  -0.526170   0.076882
  0.454069   0.001791   0.073571  -0.526090   0.076727
  0.455863   0.001798   0.073854  -0.526009   0.076571
  0.457664   0.001804   0.074137  -0.525928   0.076416
  0.459472   0.001811   0.074421  -0.525847   0.076260
  0.461286   0.001817   0.074707  -0.525764   0.076104
  0.463106   0.001824   0.074993  -0.525682   0.075948
  0.464934   0.001831   0.075280  -0.525599   0.075792
  0.466768   0.001837   0.075568  -0.525515   0.075636
  0.468608   0.001844   0.075857  -0.525432   0.075480
  0.470456   0.001851   0.076147  -0.525347   0.075323
  0.472310   0.001858   0.076439  -0.525262   0.075166
  0.474171   0.001865   0.076731  -0.525177   0.075009
  0.476040   0.001872   0.077024  -0.525091   0.074852
  0.477915   0.001879   0.077318  -0.525004   0.074695
  0.479797   0.001886   0.077613  -0.524918   0.074537
  0.481686   0.001893   0.077910  -0.524830   0.074379
  0.483583   0.001900   0.078207  -0.524742   0.074221
  0.485486   0.001907   0.078505  -0.524654   0.074063
  0.487397   0.001915   0.078805  -0.524565   0.073905
  0.489316   0.001922   0.079105  -0.524475   0.073747
  0.491241   0.001929   0.079407  -0.524385   0.073588
  0.493175   0.001937   0.079709  -0.524295   0.073429
  0.495115   0.001944   0.080013  -0.524204   0.073271
  0.497063   0.001952   0.080318  -0.524112   0.073111
  0.499019   0.001960   0.080624  -0.524020   0.072952
  0.500983   0.001967   0.080931  -0.523927   0.072793
  0.502954   0.001975   0.081239  -0.523834   0.072633
  0.504933   0.001983   0.081549  -0.523740   0.072473
  0.506920   0.001991   0.081859  -0.523645   0.072313
  0.508915   0.001999   0.082171  -0.523550   0.072153
  0.510918   0.002007   0.082484  -0.523455   0.071992
  0.512928   0.002015   0.082798  -0.523358   0.071832
  0.514947   0.002023   0.083113  -0.523262   0.071671
  0.516975   0.002031   0.083429  -0.523164   0.071510
  0.519010   0.002040   0.083747  -0.523066   0.071348
  0.521054   0.002048   0.084065  -0.522968   0.071187
  0.523106   0.002056   0.084385  -0.522868   0.071025
  0.525166   0.002065   0.084707  -0.522768   0.070863
  0.527236   0.002073   0.085029  -0.522668   0.070701
  0.529313   0.002082   0.085353  -0.522567   0.070539
  0.531400   0.002091   0.085678  -0.522465   0.070377
  0.533495   0.002099   0.086004  -0.522363   0.070214
  0.535598   0.002108   0.086332  -0.522259   0.070051
  0.537711   0.002117   0.086660  -0.522156   0.069888
  0.539833   0.002126   0.086991  -0.522051   0.069725
  0.541963   0.002135   0.087322  -0.521946   0.069561
  0.544103   0.002144   0.087655  -0.521840   0.069397
  0.546252   0.002154   0.087989  -0.521734   0.069234
  0.548410   0.002163   0.088324  -0.521627   0.069069
  0.550578   0.002172   0.088661  -0.521519   0.068905
  0.552755   0.002182   0.088999  -0.521410   0.068740
  0.554941   0.002191   0.089339  -0.521301   0.068576
  0.557137   0.002201   0.089680  -0.521191   0.068410
  0.559342   0.002210   0.090022  -0.521080   0.068245
  0.561558   0.002220   0.090366  -0.520969   0.068080
  0.563783   0.002230   0.090711  -0.520856   0.067914
  0.566018   0.002240   0.091057  -0.520743   0.067748
  0.568262   0.002250   0.091405  -0.520630   0.067582
  0.570517   0.002260   0.091755  -0.520515   0.067415
  0.572782   0.002270   0.092106  -0.520400   0.067249
  0.575058   0.002280   0.092458  -0.520284   0.067082
  0.577343   0.002291   0.092812  -0.520167   0.066915
  0.579639   0.002301   0.093167  -0.520049   0.066747
  0.581945   0.002312   0.093524  -0.519930   0.066580
  0.584262   0.002322   0.093883  -0.519811   0.066412
  0.586590   0.002333   0.094243  -0.519691   0.066244
  0.588928   0.002344   0.094604  -0.519570   0.066076
  0.591278   0.002355   0.094967  -0.519448   0.065907
  0.593638   0.002366   0.095332  -0.519325   0.065738
  0.596009   0.002377   0.095698  -0.519202   0.065569
  0.598391   0.002388   0.096066  -0.519077   0.065400
  0.600785   0.002399   0.096435  -0.518952   0.065230
  0.603190   0.002411   0.096807  -0.518826   0.065060
  0.605606   0.002422   0.097179  -0.518699   0.064890
  0.608034   0.002434   0.097554  -0.518570   0.064720
  0.610473   0.002445   0.097930  -0.518441   0.064549
  0.612924   0.002457   0.098308  -0.518312   0.064379
  0.615387   0.002469   0.098687  -0.518181   0.064208
  0.617862   0.002481   0.099068  -0.518049   0.064036
  0.620349   0.002493   0.099451  -0.517916   0.063865
  0.622848   0.002505   0.099836  -0.517782   0.063693
  0.625359   0.002517   0.100222  -0.517648   0.063521
  0.627883   0.002530   0.100611  -0.517512   0.063348
  0.630419   0.002542   0.101001  -0.517375   0.063175
  0.632968   0.002555   0.101392  -0.517237   0.063002
  0.635529   0.002568   0.101786  -0.517098   0.062829
  0.638104   0.002581   0.102181  -0.516959   0.062656
  0.640691   0.002594   0.102579  -0.516818   0.062482
  0.643291   0.002607   0.102978  -0.516676   0.062308
  0.645905   0.002620   0.103379  -0.516533   0.062134
  0.648531   0.002633   0.103782  -0.516388   0.061959
  0.651171   0.002647   0.104187  -0.516243   0.061784
  0.653825   0.002660   0.104594  -0.516097   0.061609
  0.656492   0.002674   0.105003  -0.515949   0.061434
  0.659174   0.002688   0.105414  -0.515801   0.061258
  0.661869   0.002702   0.105826  -0.515651   0.061082
  0.664578   0.002716   0.106241  -0.515500   0.060905
  0.667301   0.002730   0.106658  -0.515347   0.060729
  0.670039   0.002745   0.107077  -0.515194   0.060552
  0.672791   0.002759   0.107498  -0.515039   0.060375
  0.675557   0.002774   0.107921  -0.514884   0.060197
  0.678338   0.002789   0.108346  -0.514727   0.060020
  0.681135   0.002804   0.108773  -0.514568   0.059841
  0.683946   0.002819   0.109202  -0.514409   0.059663
  0.686772   0.002834   0.109634  -0.514248   0.059484
  0.689614   0.002849   0.110067  -0.514085   0.059305
  0.692471   0.002865   0.110503  -0.513922   0.059126
  0.695343   0.002880   0.110941  -0.513757   0.058947
  0.698232   0.002896   0.111382  -0.513591   0.058767
  0.701136   0.002912   0.111824  -0.513423   0.058586
  0.704056   0.002928   0.112269  -0.513254   0.058406
  0.706993   0.002945   0.112716  -0.513084   0.058225
  0.709945   0.002961   0.113166  -0.512912   0.058044
  0.712915   0.002978   0.113617  -0.512739   0.057862
  0.715901   0.002994   0.114072  -0.512564   0.057681
  0.718904   0.003011   0.114528  -0.512388   0.057499
  0.721923   0.003028   0.114987  -0.512210   0.057316
  0.724960   0.003046   0.115448  -0.512031   0.057133
  0.728015   0.003063   0.115912  -0.511850   0.056950
  0.731087   0.003081   0.116379  -0.511668   0.056767
  0.734176   0.003098   0.116847  -0.511484   0.056583
  0.737284   0.003116   0.117319  -0.511298   0.056399
  0.740409   0.003135   0.117793  -0.511111   0.056215
  0.743553   0.003153   0.118269  -0.510923   0.056030
  0.746715   0.003171   0.118748  -0.510732   0.055845
  0.749896   0.003190   0.119230  -0.510540   0.055659
  0.753095   0.003209   0.119714  -0.510346   0.055474
  0.756314   0.003228   0.120201  -0.510151   0.055288
  0.759551   0.003247   0.120690  -0.509954   0.055101
  0.762808   0.003267   0.121183  -0.509755   0.054914
  0.766085   0.003286   0.121678  -0.509554   0.054727
  0.769381   0.003306   0.122176  -0.509351   0.054540
  0.772698   0.003326   0.122676  -0.509147   0.054352
  0.776034   0.003347   0.123180  -0.508940   0.054164
  0.779391   0.003367   0.123686  -0.508732   0.053975
  0.782769   0.003388   0.124195  -0.508522   0.053786
  0.786167   0.003409   0.124707  -0.508310   0.053597
  0.789586   0.003430   0.125223  -0.508096   0.053407
  0.793027   0.003451   0.125741  -0.507880   0.053217
  0.796489   0.003473   0.126262  -0.507661   0.053027
  0.799973   0.003495   0.126786  -0.507441   0.052836
  0.803479   0.003517   0.127313  -0.507219   0.052645
  0.807007   0.003539   0.127843  -0.506995   0.052454
  0.810558   0.003562   0.128376  -0.506768   0.052262
  0.814131   0.003585   0.128912  -0.506539   0.052070
  0.817727   0.003608   0.129452  -0.506308   0.051877
  0.821346   0.003631   0.129995  -0.506075   0.051684
  0.824989   0.003654   0.130541  -0.505840   0.051491
  0.828655   0.003678   0.131090  -0.505602   0.051297
  0.832345   0.003702   0.131643  -0.505362   0.051103
  0.836060   0.003727   0.132199  -0.505120   0.050909
  0.839799   0.003751   0.132758  -0.504875   0.050714
  0.843563   0.003776   0.133321  -0.504627   0.050519
  0.847351   0.003801   0.133887  -0.504378   0.050323
  0.851165   0.003827   0.134456  -0.504125   0.050127
  0.855005   0.003853   0.135030  -0.503871   0.049931
  0.858871   0.003879   0.135606  -0.503613   0.049734
  0.862762   0.003905   0.136186  -0.503353   0.049537
  0.866680   0.003931   0.136770  -0.503090   0.049339
  0.870625   0.003958   0.137358  -0.502825   0.049141
  0.874597   0.003986   0.137949  -0.502557   0.048942
  0.878596   0.004013   0.138544  -0.502286   0.048744
  0.882623   0.004041   0.139143  -0.502012   0.048544
  0.886679   0.004069   0.139745  -0.501735   0.048345
  0.890762   0.004098   0.140351  -0.501456   0.048145
  0.894874   0.004126   0.140962  -0.501173   0.047944
  0.899015   0.004156   0.141576  -0.500888   0.047743
  0.903185   0.004185   0.142194  -0.500599   0.047542
  0.907385   0.004215   0.142816  -0.500307   0.047340
  0.911616   0.004245   0.143442  -0.500012   0.047138
  0.915876   0.004276   0.144072  -0.499714   0.046935
  0.920167   0.004307   0.144707  -0.499413   0.046732
  0.924490   0.004338   0.145345  -0.499108   0.046529
  0.928844   0.004370   0.145988  -0.498800   0.046325
  0.933229   0.004402   0.146635  -0.498489   0.046121
  0.937647   0.004434   0.147287  -0.498174   0.045916
  0.942098   0.004467   0.147942  -0.497856   0.045711
  0.946582   0.004500   0.148602  -0.497534   0.045505
  0.951099   0.004534   0.149267  -0.497208   0.045299
  0.955650   0.004568   0.149936  -0.496879   0.045092
  0.960235   0.004603   0.150610  -0.496545   0.044885
  0.964855   0.004638   0.151288  -0.496208   0.044678
  0.969511   0.004673   0.151971  -0.495868   0.044470
  0.974201   0.004709   0.152658  -0.495523   0.044262
  0.978928   0.004745   0.153350  -0.495174   0.044053
  0.983692   0.004782   0.154047  -0.494821   0.043844
  0.988492   0.004819   0.154749  -0.494464   0.043634
  0.993329   0.004857   0.155456  -0.494103   0.043424
  0.998205   0.004895   0.156168  -0.493737   0.043213
  1.003119   0.004933   0.156884  -0.493367   0.043002
  1.008072   0.004972   0.157606  -0.492992   0.042791
  1.013064   0.005012   0.158333  -0.492613   0.042579
  1.018096   0.005052   0.159065  -0.492230   0.042366
  1.023168   0.005093   0.159802  -0.491842   0.042153
  1.028282   0.005134   0.160545  -0.491449   0.041940
  1.033437   0.005176   0.161293  -0.491051   0.041726
  1.038633   0.005218   0.162046  -0.490648   0.041511
  1.043873   0.005261   0.162804  -0.490240   0.041296
  1.049155   0.005304   0.163569  -0.489827   0.041081
  1.054482   0.005348   0.164338  -0.489408   0.040865
  1.059852   0.005393   0.165114  -0.488985   0.040648
  1.065268   0.005438   0.165895  -0.488556   0.040432
  1.070728   0.005484   0.166681  -0.488121   0.040214
  1.076236   0.005530   0.167474  -0.487681   0.039996
  1.081789   0.005577   0.168272  -0.487236   0.039778
  1.087390   0.005625   0.169077  -0.486784   0.039559
  1.093040   0.005673   0.169887  -0.486326   0.039340
  1.098738   0.005723   0.170703  -0.485863   0.039120
  1.104485   0.005772   0.171526  -0.485393   0.038899
  1.110282   0.005823   0.172355  -0.484917   0.038678
  1.116130   0.005874   0.173190  -0.484435   0.038457
  1.122030   0.005926   0.174031  -0.483946   0.038235
  1.127982   0.005978   0.174878  -0.483450   0.038012
  1.133987   0.006032   0.175733  -0.482948   0.037789
  1.140045   0.006086   0.176593  -0.482439   0.037566
  1.146158   0.006141   0.177460  -0.481923   0.037342
  1.152327   0.006196   0.178334  -0.481399   0.037117
  1.158551   0.006253   0.179215  -0.480869   0.036892
  1.164832   0.006310   0.180102  -0.480331   0.036666
  1.171172   0.006368   0.180996  -0.479785   0.036440
  1.177569   0.006427   0.181898  -0.479232   0.036213
  1.184026   0.006487   0.182806  -0.478670   0.035986
  1.190544   0.006548   0.183721  -0.478101   0.035758
  1.197122   0.006610   0.184643  -0.477523   0.035530
  1.203763   0.006672   0.185573  -0.476937   0.035301
  1.210467   0.006736   0.186510  -0.476343   0.035071
  1.217235   0.006800   0.187454  -0.475740   0.034841
  1.224068   0.006866   0.188406  -0.475128   0.034611
  1.230966   0.006932   0.189365  -0.474506   0.034380
  1.237932   0.007000   0.190332  -0.473876   0.034148
  1.244966   0.007068   0.191307  -0.473236   0.033916
  1.252069   0.007138   0.192289  -0.472586   0.033683
  1.259243   0.007209   0.193279  -0.471927   0.033449
  1.266487   0.007281   0.194277  -0.471257   0.033216
  1.273804   0.007354   0.195283  -0.470577   0.032981
  1.281195   0.007428   0.196297  -0.469887   0.032746
  1.288660   0.007503   0.197319  -0.469186   0.032510
  1.296201   0.007580   0.198350  -0.468474   0.032274
  1.303820   0.007657   0.199388  -0.467751   0.032037
  1.311517   0.007736   0.200435  -0.467016   0.031800
  1.319293   0.007817   0.201490  -0.466270   0.031562
  1.327151   0.007898   0.202554  -0.465511   0.031323
  1.335091   0.007981   0.203627  -0.464741   0.031084
  1.343114   0.008066   0.204708  -0.463958   0.030844
  1.351223   0.008152   0.205797  -0.463162   0.030604
  1.359418   0.008239   0.206896  -0.462353   0.030363
  1.367701   0.008328   0.208003  -0.461531   0.030121
  1.376074   0.008418   0.209119  -0.460696   0.029879
  1.384537   0.008510   0.210244  -0.459846   0.029636
  1.393093   0.008603   0.211378  -0.458982   0.029393
  1.401744   0.008698   0.212521  -0.458104   0.029149
  1.410490   0.008794   0.213674  -0.457211   0.028904
  1.419333   0.008893   0.214835  -0.456302   0.028659
  1.428275   0.008993   0.216006  -0.455378   0.028413
  1.437319   0.009094   0.217186  -0.454438   0.028167
  1.446465   0.009198   0.218376  -0.453482   0.027920
  1.455716   0.009303   0.219574  -0.452509   0.027673
  1.465073   0.009411   0.220783  -0.451519   0.027424
  1.474538   0.009520   0.222000  -0.450512   0.027176
  1.484113   0.009631   0.223228  -0.449487   0.026926
  1.493801   0.009745   0.224465  -0.448443   0.026676
  1.503603   0.009860   0.225711  -0.447381   0.026426
  1.513522   0.009977   0.226967  -0.446300   0.026174
  1.523559   0.010097   0.228233  -0.445199   0.025923
  1.533717   0.010219   0.229508  -0.444078   0.025670
  1.543998   0.010343   0.230793  -0.442936   0.025417
  1.554405   0.010470   0.232088  -0.441774   0.025163
  1.564939   0.010599   0.233392  -0.440590   0.024909
  1.575604   0.010731   0.234706  -0.439384   0.024654
  1.586401   0.010865   0.236029  -0.438155   0.024399
  1.597334   0.011001   0.237362  -0.436903   0.024143
  1.608405   0.011141   0.238705  -0.435628   0.023886
  1.619616   0.011283   0.240057  -0.434328   0.023629
  1.630971   0.011428   0.241419  -0.433003   0.023371
  1.642473   0.011576   0.242790  -0.431653   0.023113
  1.654124   0.011726   0.244170  -0.430277   0.022854
  1.665927   0.011880   0.245560  -0.428875   0.022594
  1.677885   0.012037   0.246959  -0.427445   0.022334
  1.690003   0.012198   0.248366  -0.425987   0.022073
  1.702282   0.012361   0.249783  -0.424500   0.021812
  1.714726   0.012528   0.251209  -0.422984   0.021550
  1.727339   0.012699   0.252643  -0.421438   0.021287
  1.740125   0.012873   0.254085  -0.419861   0.021024
  1.753086   0.013051   0.255536  -0.418252   0.020761
  1.766227   0.013232   0.256995  -0.416611   0.020497
  1.779552   0.013418   0.258461  -0.414937   0.020232
  1.793064   0.013607   0.259936  -0.413229   0.019967
  1.806768   0.013801   0.261417  -0.411487   0.019702
  1.820668   0.013999   0.262906  -0.409708   0.019436
  1.834768   0.014201   0.264401  -0.407893   0.019169
  1.849072   0.014408   0.265903  -0.406041   0.018902
  1.863586   0.014620   0.267410  -0.404150   0.018635
  1.878314   0.014836   0.268923  -0.402221   0.018367
  1.893261   0.015058   0.270442  -0.400251   0.018099
  1.908431   0.015284   0.271965  -0.398240   0.017830
  1.923831   0.015516   0.273492  -0.396187   0.017561
  1.939465   0.015753   0.275023  -0.394090   0.017292
  1.955339   0.015996   0.276557  -0.391950   0.017022
  1.971459   0.016245   0.278094  -0.389764   0.016752
  1.987830   0.016499   0.279632  -0.387533   0.016481
  2.004459   0.016760   0.281172  -0.385254   0.016211
  2.021352   0.017027   0.282712  -0.382926   0.015940
  2.038515   0.017301   0.284252  -0.380549   0.015669
  2.055955   0.017581   0.285791  -0.378122   0.015398
  2.073680   0.017868   0.287328  -0.375643   0.015126
  2.091695   0.018163   0.288861  -0.373110   0.014855
  2.110008   0.018465   0.290391  -0.370524   0.014583
  2.128628   0.018775   0.291916  -0.367883   0.014312
  2.147561   0.019093   0.293435  -0.365185   0.014040
  2.166817   0.019419   0.294946  -0.362429   0.013768
  2.186403   0.019754   0.296449  -0.359615   0.013497
  2.206328   0.020098   0.297942  -0.356740   0.013226
  2.226602   0.020451   0.299424  -0.353804   0.012954
  2.247233   0.020813   0.300893  -0.350806   0.012683
  2.268231   0.021186   0.302348  -0.347744   0.012413
  2.289607   0.021568   0.303787  -0.344618   0.012143
  2.311371   0.021961   0.305208  -0.341425   0.011873
  2.333534   0.022366   0.306611  -0.338165   0.011603
  2.356107   0.022781   0.307991  -0.334836   0.011335
  2.379101   0.023209   0.309349  -0.331438   0.011067
  2.402529   0.023649   0.310681  -0.327970   0.010799
  2.426403   0.024102   0.311986  -0.324429   0.010532
  2.450736   0.024568   0.313261  -0.320816   0.010267
  2.475543   0.025048   0.314504  -0.317129   0.010002
  2.500836   0.025542   0.315712  -0.313367   0.009738
  2.526632   0.026051   0.316883  -0.309530   0.009475
  2.552944   0.026576   0.318013  -0.305615   0.009214
  2.579789   0.027117   0.319102  -0.301624   0.008954
  2.607184   0.027675   0.320144  -0.297554   0.008695
  2.635145   0.028251   0.321138  -0.293405   0.008438
  2.663691   0.028845   0.322079  -0.289177   0.008182
  2.692841   0.029458   0.322965  -0.284869   0.007928
  2.722614   0.030091   0.323793  -0.280481   0.007676
  2.753030   0.030745   0.324559  -0.276012   0.007426
  2.784111   0.031421   0.325258  -0.271463   0.007178
  2.815879   0.032120   0.325888  -0.266833   0.006933
  2.848358   0.032842   0.326445  -0.262122   0.006690
  2.881572   0.033589   0.326924  -0.257332   0.006449
  2.915545   0.034363   0.327321  -0.252461   0.006211
  2.950306   0.035163   0.327632  -0.247511   0.005975
  2.985882   0.035993   0.327854  -0.242482   0.005743
  3.022302   0.036852   0.327981  -0.237376   0.005514
  3.059597   0.037743   0.328008  -0.232193   0.005287
  3.097799   0.038667   0.327932  -0.226936   0.005064
  3.136941   0.039625   0.327747  -0.221605   0.004845
  3.177060   0.040620   0.327449  -0.216203   0.004629
  3.218193   0.041653   0.327033  -0.210731   0.004417
  3.260379   0.042726   0.326494  -0.205192   0.004209
  3.303659   0.043842   0.325826  -0.199588   0.004005
  3.348077   0.045002   0.325026  -0.193923   0.003805
  3.393679   0.046209   0.324087  -0.188200   0.003609
  3.440512   0.047466   0.323004  -0.182422   0.003418
  3.488628   0.048775   0.321773  -0.176593   0.003232
  3.538081   0.050140   0.320388  -0.170718   0.003050
  3.588928   0.051563   0.318844  -0.164801   0.002873
  3.641228   0.053048   0.317136  -0.158847   0.002701
  3.695045   0.054598   0.315258  -0.152862   0.002533
  3.750448   0.056218   0.313206  -0.146851   0.002372
  3.807506   0.057912   0.310973  -0.140821   0.002215
  3.866297   0.059683   0.308557  -0.134779   0.002063
  3.926901   0.061538   0.305950  -0.128732   0.001918
  3.989403   0.063481   0.303150  -0.122689   0.001777
  4.053894   0.065518   0.300150  -0.116658   0.001642
  4.120472   0.067655   0.296948  -0.110648   0.001513
  4.189241   0.069899   0.293539  -0.104670   0.001389
  4.260309   0.072258   0.289919  -0.098735   0.001272
  4.333796   0.074738   0.286086  -0.092854   0.001160
  4.409828   0.077348   0.282038  -0.087039   0.001053
  4.488540   0.080099   0.277773  -0.081305   0.000953
  4.570076   0.082999   0.273290  -0.075665   0.000858
  4.654592   0.086061   0.268590  -0.070134   0.000769
  4.742255   0.089296   0.263676  -0.064729   0.000686
  4.833246   0.092717   0.258550  -0.059466   0.000609
  4.927757   0.096340   0.253218  -0.054361   0.000537
  5.025998   0.100180   0.247688  -0.049432   0.000471
  5.128195   0.104255   0.241969  -0.044697   0.000411
  5.234593   0.108585   0.236073  -0.040172   0.000355
  5.345458   0.113191   0.230015  -0.035873   0.000305
  5.461076   0.118098   0.223812  -0.031815   0.000260
  5.581762   0.123331   0.217484  -0.028012   0.000220
  5.707858   0.128922   0.211052  -0.024474   0.000185
  5.839735   0.134902   0.204539  -0.021209   0.000153
  5.977804   0.141309   0.197971  -0.018223   0.000126
  6.122510   0.148186   0.191375  -0.015517   0.000103
  6.274347   0.155577   0.184775  -0.013088   0.000083
  6.433854   0.163538   0.178198  -0.010930   0.000066
  6.601631   0.172126   0.171667  -0.009034   0.000052
  6.778338   0.181411   0.165206  -0.007386   0.000041
  6.964710   0.191469   0.158834  -0.005971   0.000031
  7.161564   0.202389   0.152567  -0.004770   0.000024
  7.369810   0.214273   0.146419  -0.003763   0.000018
  7.590469   0.227236   0.140401  -0.002931   0.000013
  7.824687   0.241415   0.134518  -0.002251   0.000009
