#     w        dw   Re[sigma(w)] Im[sigma(w)] A(K,w)
 -7.824687   0.241415  -0.152707  -0.002044   0.000011
 -7.590469   0.227236  -0.158327  -0.002646   0.000015
 -7.369810   0.214273  -0.164066  -0.003379   0.000021
 -7.161564   0.202389  -0.169917  -0.004259   0.000028
 -6.964710   0.191469  -0.175873  -0.005304   0.000037
 -6.778338   0.181411  -0.181924  -0.006529   0.000048
 -6.601631   0.172126  -0.188056  -0.007949   0.000062
 -6.433854   0.163538  -0.194256  -0.009579   0.000078
 -6.274347   0.155577  -0.200506  -0.011428   0.000099
 -6.122510   0.148186  -0.206787  -0.013505   0.000123
 -5.977804   0.141309  -0.213080  -0.015818   0.000152
 -5.839735   0.134902  -0.219365  -0.018370   0.000185
 -5.707858   0.128922  -0.225621  -0.021162   0.000224
 -5.581762   0.123331  -0.231829  -0.024191   0.000269
 -5.461076   0.118098  -0.237968  -0.027455   0.000320
 -5.345458   0.113191  -0.244022  -0.030946   0.000378
 -5.234593   0.108585  -0.249972  -0.034656   0.000444
 -5.128195   0.104255  -0.255805  -0.038577   0.000517
 -5.025998   0.100180  -0.261506  -0.042696   0.000599
 -4.927757   0.096340  -0.267063  -0.047003   0.000689
 -4.833246   0.092717  -0.272466  -0.051484   0.000788
 -4.742255   0.089296  -0.277706  -0.056126   0.000896
 -4.654592   0.086061  -0.282778  -0.060917   0.001014
 -4.570076   0.082999  -0.287675  -0.065844   0.001143
 -4.488540   0.080099  -0.292392  -0.070894   0.001281
 -4.409828   0.077348  -0.296928  -0.076055   0.001431
 -4.333796   0.074738  -0.301279  -0.081314   0.001591
 -4.260309   0.072258  -0.305446  -0.086660   0.001763
 -4.189241   0.069899  -0.309427  -0.092083   0.001946
 -4.120472   0.067655  -0.313224  -0.097571   0.002141
 -4.053894   0.065518  -0.316837  -0.103114   0.002348
 -3.989403   0.063481  -0.320268  -0.108704   0.002568
 -3.926901   0.061538  -0.323519  -0.114331   0.002800
 -3.866297   0.059683  -0.326592  -0.119986   0.003045
 -3.807506   0.057912  -0.329491  -0.125663   0.003302
 -3.750448   0.056218  -0.332218  -0.131354   0.003573
 -3.695045   0.054598  -0.334776  -0.137051   0.003857
 -3.641228   0.053048  -0.337170  -0.142748   0.004154
 -3.588928   0.051563  -0.339401  -0.148439   0.004465
 -3.538081   0.050140  -0.341475  -0.154118   0.004790
 -3.488628   0.048775  -0.343395  -0.159780   0.005128
 -3.440512   0.047466  -0.345165  -0.165419   0.005480
 -3.393679   0.046209  -0.346789  -0.171032   0.005846
 -3.348077   0.045002  -0.348271  -0.176614   0.006226
 -3.303659   0.043842  -0.349614  -0.182160   0.006619
 -3.260379   0.042726  -0.350824  -0.187667   0.007027
 -3.218193   0.041653  -0.351903  -0.193131   0.007449
 -3.177060   0.040620  -0.352857  -0.198550   0.007885
 -3.136941   0.039625  -0.353689  -0.203920   0.008334
 -3.097799   0.038667  -0.354403  -0.209238   0.008798
 -3.059597   0.037743  -0.355004  -0.214503   0.009276
 -3.022302   0.036852  -0.355495  -0.219711   0.009767
 -2.985882   0.035993  -0.355880  -0.224861   0.010273
 -2.950306   0.035163  -0.356164  -0.229951   0.010792
 -2.915545   0.034363  -0.356349  -0.234979   0.011325
 -2.881572   0.033589  -0.356441  -0.239944   0.011871
 -2.848358   0.032842  -0.356442  -0.244845   0.012431
 -2.815879   0.032120  -0.356357  -0.249680   0.013004
 -2.784111   0.031421  -0.356188  -0.254448   0.013591
 -2.753030   0.030745  -0.355940  -0.259150   0.014190
 -2.722614   0.030091  -0.355616  -0.263783   0.014803
 -2.692841   0.029458  -0.355220  -0.268348   0.015428
 -2.663691   0.028845  -0.354754  -0.272844   0.016066
 -2.635145   0.028251  -0.354221  -0.277270   0.016717
 -2.607184   0.027675  -0.353626  -0.281628   0.017380
 -2.579789   0.027117  -0.352971  -0.285916   0.018056
 -2.552944   0.026576  -0.352259  -0.290135   0.018744
 -2.526632   0.026051  -0.351492  -0.294285   0.019443
 -2.500836   0.025542  -0.350674  -0.298366   0.020155
 -2.475543   0.025048  -0.349808  -0.302378   0.020878
 -2.450736   0.024568  -0.348895  -0.306322   0.021612
 -2.426403   0.024102  -0.347939  -0.310198   0.022358
 -2.402529   0.023649  -0.346942  -0.314006   0.023115
 -2.379101   0.023209  -0.345906  -0.317748   0.023883
 -2.356107   0.022781  -0.344833  -0.321424   0.024662
 -2.333534   0.022366  -0.343726  -0.325034   0.025452
 -2.311371   0.021961  -0.342587  -0.328579   0.026252
 -2.289607   0.021568  -0.341418  -0.332060   0.027062
 -2.268231   0.021186  -0.340220  -0.335478   0.027883
 -2.247233   0.020813  -0.338996  -0.338833   0.028714
 -2.226602   0.020451  -0.337747  -0.342127   0.029554
 -2.206328   0.020098  -0.336475  -0.345360   0.030405
 -2.186403   0.019754  -0.335183  -0.348532   0.031264
 -2.166817   0.019419  -0.333870  -0.351646   0.032134
 -2.147561   0.019093  -0.332539  -0.354701   0.033012
 -2.128628   0.018775  -0.331192  -0.357699   0.033900
 -2.110008   0.018465  -0.329829  -0.360641   0.034796
 -2.091695   0.018163  -0.328452  -0.363527   0.035701
 -2.073680   0.017868  -0.327062  -0.366358   0.036615
 -2.055955   0.017581  -0.325661  -0.369136   0.037538
 -2.038515   0.017301  -0.324249  -0.371861   0.038468
 -2.021352   0.017027  -0.322828  -0.374534   0.039408
 -2.004459   0.016760  -0.321399  -0.377157   0.040355
 -1.987830   0.016499  -0.319962  -0.379730   0.041310
 -1.971459   0.016245  -0.318519  -0.382253   0.042273
 -1.955339   0.015996  -0.317071  -0.384729   0.043244
 -1.939465   0.015753  -0.315618  -0.387157   0.044222
 -1.923831   0.015516  -0.314161  -0.389540   0.045208
 -1.908431   0.015284  -0.312701  -0.391876   0.046201
 -1.893261   0.015058  -0.311238  -0.394169   0.047201
 -1.878314   0.014836  -0.309775  -0.396418   0.048208
 -1.863586   0.014620  -0.308310  -0.398624   0.049223
 -1.849072   0.014408  -0.306845  -0.400788   0.050244
 -1.834768   0.014201  -0.305380  -0.402911   0.051272
 -1.820668   0.013999  -0.303915  -0.404994   0.052307
 -1.806768   0.013801  -0.302453  -0.407038   0.053348
 -1.793064   0.013607  -0.300992  -0.409043   0.054396
 -1.779552   0.013418  -0.299533  -0.411010   0.055450
 -1.766227   0.013232  -0.298077  -0.412940   0.056511
 -1.753086   0.013051  -0.296624  -0.414834   0.057577
 -1.740125   0.012873  -0.295175  -0.416693   0.058650
 -1.727339   0.012699  -0.293729  -0.418517   0.059728
 -1.714726   0.012528  -0.292288  -0.420307   0.060813
 -1.702282   0.012361  -0.290851  -0.422063   0.061903
 -1.690003   0.012198  -0.289420  -0.423787   0.062999
 -1.677885   0.012037  -0.287993  -0.425479   0.064101
 -1.665927   0.011880  -0.286572  -0.427140   0.065208
 -1.654124   0.011726  -0.285156  -0.428771   0.066320
 -1.642473   0.011576  -0.283747  -0.430371   0.067438
 -1.630971   0.011428  -0.282343  -0.431942   0.068562
 -1.619616   0.011283  -0.280946  -0.433485   0.069690
 -1.608405   0.011141  -0.279556  -0.434999   0.070824
 -1.597334   0.011001  -0.278172  -0.436486   0.071962
 -1.586401   0.010865  -0.276794  -0.437946   0.073106
 -1.575604   0.010731  -0.275424  -0.439380   0.074254
 -1.564939   0.010599  -0.274061  -0.440788   0.075407
 -1.554405   0.010470  -0.272706  -0.442171   0.076565
 -1.543998   0.010343  -0.271357  -0.443530   0.077728
 -1.533717   0.010219  -0.270016  -0.444864   0.078895
 -1.523559   0.010097  -0.268683  -0.446174   0.080067
 -1.513522   0.009977  -0.267357  -0.447462   0.081243
 -1.503603   0.009860  -0.266039  -0.448727   0.082424
 -1.493801   0.009745  -0.264729  -0.449969   0.083609
 -1.484113   0.009631  -0.263426  -0.451190   0.084798
 -1.474538   0.009520  -0.262132  -0.452390   0.085992
 -1.465073   0.009411  -0.260845  -0.453569   0.087189
 -1.455716   0.009303  -0.259567  -0.454728   0.088391
 -1.446465   0.009198  -0.258296  -0.455867   0.089597
 -1.437319   0.009094  -0.257034  -0.456986   0.090806
 -1.428275   0.008993  -0.255779  -0.458086   0.092020
 -1.419333   0.008893  -0.254533  -0.459168   0.093237
 -1.410490   0.008794  -0.253295  -0.460231   0.094458
 -1.401744   0.008698  -0.252065  -0.461277   0.095683
 -1.393093   0.008603  -0.250843  -0.462304   0.096911
 -1.384537   0.008510  -0.249629  -0.463315   0.098143
 -1.376074   0.008418  -0.248423  -0.464309   0.099379
 -1.367701   0.008328  -0.247225  -0.465286   0.100618
 -1.359418   0.008239  -0.246036  -0.466248   0.101860
 -1.351223   0.008152  -0.244854  -0.467193   0.103106
 -1.343114   0.008066  -0.243681  -0.468123   0.104355
 -1.335091   0.007981  -0.242515  -0.469038   0.105608
 -1.327151   0.007898  -0.241358  -0.469938   0.106863
 -1.319293   0.007817  -0.240208  -0.470823   0.108122
 -1.311517   0.007736  -0.239067  -0.471695   0.109384
 -1.303820   0.007657  -0.237933  -0.472552   0.110649
 -1.296201   0.007580  -0.236807  -0.473395   0.111916
 -1.288660   0.007503  -0.235689  -0.474225   0.113187
 -1.281195   0.007428  -0.234579  -0.475042   0.114461
 -1.273804   0.007354  -0.233477  -0.475846   0.115737
 -1.266487   0.007281  -0.232382  -0.476638   0.117017
 -1.259243   0.007209  -0.231295  -0.477417   0.118298
 -1.252069   0.007138  -0.230216  -0.478184   0.119583
 -1.244966   0.007068  -0.229144  -0.478939   0.120870
 -1.237932   0.007000  -0.228080  -0.479683   0.122160
 -1.230966   0.006932  -0.227024  -0.480415   0.123453
 -1.224068   0.006866  -0.225974  -0.481135   0.124747
 -1.217235   0.006800  -0.224933  -0.481845   0.126045
 -1.210467   0.006736  -0.223898  -0.482544   0.127344
 -1.203763   0.006672  -0.222871  -0.483233   0.128646
 -1.197122   0.006610  -0.221851  -0.483911   0.129951
 -1.190544   0.006548  -0.220838  -0.484579   0.131257
 -1.184026   0.006487  -0.219833  -0.485237   0.132566
 -1.177569   0.006427  -0.218835  -0.485885   0.133877
 -1.171172   0.006368  -0.217843  -0.486524   0.135190
 -1.164832   0.006310  -0.216859  -0.487153   0.136505
 -1.158551   0.006253  -0.215881  -0.487773   0.137822
 -1.152327   0.006196  -0.214911  -0.488384   0.139141
 -1.146158   0.006141  -0.213947  -0.488986   0.140462
 -1.140045   0.006086  -0.212990  -0.489579   0.141784
 -1.133987   0.006032  -0.212040  -0.490164   0.143109
 -1.127982   0.005978  -0.211096  -0.490741   0.144435
 -1.122030   0.005926  -0.210159  -0.491309   0.145763
 -1.116130   0.005874  -0.209229  -0.491869   0.147093
 -1.110282   0.005823  -0.208305  -0.492421   0.148425
 -1.104485   0.005772  -0.207388  -0.492965   0.149758
 -1.098738   0.005723  -0.206477  -0.493502   0.151092
 -1.093040   0.005673  -0.205572  -0.494031   0.152428
 -1.087390   0.005625  -0.204673  -0.494553   0.153766
 -1.081789   0.005577  -0.203781  -0.495068   0.155105
 -1.076236   0.005530  -0.202895  -0.495575   0.156445
 -1.070728   0.005484  -0.202015  -0.496076   0.157787
 -1.065268   0.005438  -0.201142  -0.496569   0.159130
 -1.059852   0.005393  -0.200274  -0.497056   0.160474
 -1.054482   0.005348  -0.199412  -0.497536   0.161820
 -1.049155   0.005304  -0.198556  -0.498010   0.163166
 -1.043873   0.005261  -0.197706  -0.498477   0.164514
 -1.038633   0.005218  -0.196862  -0.498938   0.165863
 -1.033437   0.005176  -0.196023  -0.499393   0.167213
 -1.028282   0.005134  -0.195190  -0.499842   0.168564
 -1.023168   0.005093  -0.194363  -0.500285   0.169916
 -1.018096   0.005052  -0.193541  -0.500722   0.171269
 -1.013064   0.005012  -0.192725  -0.501153   0.172622
 -1.008072   0.004972  -0.191915  -0.501579   0.173977
 -1.003119   0.004933  -0.191110  -0.501999   0.175332
 -0.998205   0.004895  -0.190310  -0.502414   0.176689
 -0.993329   0.004857  -0.189516  -0.502823   0.178045
 -0.988492   0.004819  -0.188727  -0.503227   0.179403
 -0.983692   0.004782  -0.187943  -0.503626   0.180761
 -0.978928   0.004745  -0.187164  -0.504020   0.182120
 -0.974201   0.004709  -0.186391  -0.504408   0.183480
 -0.969511   0.004673  -0.185622  -0.504792   0.184840
 -0.964855   0.004638  -0.184859  -0.505171   0.186200
 -0.960235   0.004603  -0.184100  -0.505545   0.187561
 -0.955650   0.004568  -0.183347  -0.505915   0.188922
 -0.951099   0.004534  -0.182599  -0.506279   0.190284
 -0.946582   0.004500  -0.181855  -0.506640   0.191646
 -0.942098   0.004467  -0.181116  -0.506996   0.193009
 -0.937647   0.004434  -0.180382  -0.507347   0.194371
 -0.933229   0.004402  -0.179653  -0.507694   0.195734
 -0.928844   0.004370  -0.178928  -0.508037   0.197097
 -0.924490   0.004338  -0.178208  -0.508376   0.198461
 -0.920167   0.004307  -0.177493  -0.508710   0.199824
 -0.915876   0.004276  -0.176782  -0.509041   0.201187
 -0.911616   0.004245  -0.176076  -0.509368   0.202551
 -0.907385   0.004215  -0.175374  -0.509690   0.203915
 -0.903185   0.004185  -0.174677  -0.510009   0.205278
 -0.899015   0.004156  -0.173984  -0.510324   0.206642
 -0.894874   0.004126  -0.173295  -0.510635   0.208005
 -0.890762   0.004098  -0.172611  -0.510943   0.209369
 -0.886679   0.004069  -0.171931  -0.511247   0.210732
 -0.882623   0.004041  -0.171255  -0.511547   0.212095
 -0.878596   0.004013  -0.170584  -0.511844   0.213458
 -0.874597   0.003986  -0.169916  -0.512138   0.214820
 -0.870625   0.003958  -0.169253  -0.512428   0.216182
 -0.866680   0.003931  -0.168593  -0.512714   0.217544
 -0.862762   0.003905  -0.167938  -0.512998   0.218906
 -0.858871   0.003879  -0.167287  -0.513278   0.220267
 -0.855005   0.003853  -0.166639  -0.513555   0.221628
 -0.851165   0.003827  -0.165996  -0.513828   0.222988
 -0.847351   0.003801  -0.165357  -0.514099   0.224348
 -0.843563   0.003776  -0.164721  -0.514367   0.225707
 -0.839799   0.003751  -0.164089  -0.514631   0.227066
 -0.836060   0.003727  -0.163461  -0.514893   0.228424
 -0.832345   0.003702  -0.162837  -0.515152   0.229782
 -0.828655   0.003678  -0.162216  -0.515408   0.231139
 -0.824989   0.003654  -0.161599  -0.515661   0.232495
 -0.821346   0.003631  -0.160986  -0.515911   0.233851
 -0.817727   0.003608  -0.160376  -0.516158   0.235206
 -0.814131   0.003585  -0.159770  -0.516403   0.236560
 -0.810558   0.003562  -0.159167  -0.516645   0.237913
 -0.807007   0.003539  -0.158568  -0.516884   0.239266
 -0.803479   0.003517  -0.157973  -0.517121   0.240618
 -0.799973   0.003495  -0.157380  -0.517355   0.241968
 -0.796489   0.003473  -0.156792  -0.517587   0.243318
 -0.793027   0.003451  -0.156206  -0.517816   0.244667
 -0.789586   0.003430  -0.155624  -0.518043   0.246015
 -0.786167   0.003409  -0.155046  -0.518268   0.247362
 -0.782769   0.003388  -0.154470  -0.518490   0.248708
 -0.779391   0.003367  -0.153898  -0.518709   0.250053
 -0.776034   0.003347  -0.153329  -0.518926   0.251397
 -0.772698   0.003326  -0.152763  -0.519141   0.252740
 -0.769381   0.003306  -0.152201  -0.519354   0.254081
 -0.766085   0.003286  -0.151641  -0.519565   0.255422
 -0.762808   0.003267  -0.151085  -0.519773   0.256761
 -0.759551   0.003247  -0.150532  -0.519979   0.258099
 -0.756314   0.003228  -0.149982  -0.520183   0.259436
 -0.753095   0.003209  -0.149435  -0.520385   0.260771
 -0.749896   0.003190  -0.148891  -0.520585   0.262106
 -0.746715   0.003171  -0.148349  -0.520783   0.263439
 -0.743553   0.003153  -0.147811  -0.520979   0.264770
 -0.740409   0.003135  -0.147276  -0.521173   0.266100
 -0.737284   0.003116  -0.146744  -0.521365   0.267429
 -0.734176   0.003098  -0.146214  -0.521555   0.268757
 -0.731087   0.003081  -0.145687  -0.521743   0.270083
 -0.728015   0.003063  -0.145164  -0.521929   0.271407
 -0.724960   0.003046  -0.144643  -0.522113   0.272730
 -0.721923   0.003028  -0.144124  -0.522296   0.274052
 -0.718904   0.003011  -0.143609  -0.522476   0.275371
 -0.715901   0.002994  -0.143096  -0.522655   0.276690
 -0.712915   0.002978  -0.142586  -0.522832   0.278007
 -0.709945   0.002961  -0.142079  -0.523007   0.279322
 -0.706993   0.002945  -0.141574  -0.523181   0.280635
 -0.704056   0.002928  -0.141072  -0.523353   0.281947
 -0.701136   0.002912  -0.140572  -0.523523   0.283257
 -0.698232   0.002896  -0.140075  -0.523692   0.284566
 -0.695343   0.002880  -0.139581  -0.523859   0.285872
 -0.692471   0.002865  -0.139089  -0.524024   0.287177
 -0.689614   0.002849  -0.138600  -0.524188   0.288481
 -0.686772   0.002834  -0.138113  -0.524350   0.289782
 -0.683946   0.002819  -0.137628  -0.524511   0.291082
 -0.681135   0.002804  -0.137147  -0.524670   0.292380
 -0.678338   0.002789  -0.136667  -0.524828   0.293675
 -0.675557   0.002774  -0.136190  -0.524984   0.294969
 -0.672791   0.002759  -0.135715  -0.525138   0.296262
 -0.670039   0.002745  -0.135243  -0.525292   0.297552
 -0.667301   0.002730  -0.134773  -0.525443   0.298840
 -0.664578   0.002716  -0.134305  -0.525594   0.300126
 -0.661869   0.002702  -0.133840  -0.525743   0.301411
 -0.659174   0.002688  -0.133377  -0.525890   0.302693
 -0.656492   0.002674  -0.132916  -0.526036   0.303973
 -0.653825   0.002660  -0.132458  -0.526181   0.305252
 -0.651171   0.002647  -0.132002  -0.526325   0.306528
 -0.648531   0.002633  -0.131547  -0.526467   0.307802
 -0.645905   0.002620  -0.131096  -0.526608   0.309074
 -0.643291   0.002607  -0.130646  -0.526747   0.310344
 -0.640691   0.002594  -0.130198  -0.526886   0.311612
 -0.638104   0.002581  -0.129753  -0.527023   0.312877
 -0.635529   0.002568  -0.129310  -0.527159   0.314141
 -0.632968   0.002555  -0.128868  -0.527293   0.315402
 -0.630419   0.002542  -0.128429  -0.527427   0.316661
 -0.627883   0.002530  -0.127992  -0.527559   0.317918
 -0.625359   0.002517  -0.127557  -0.527690   0.319173
 -0.622848   0.002505  -0.127124  -0.527820   0.320425
 -0.620349   0.002493  -0.126693  -0.527949   0.321675
 -0.617862   0.002481  -0.126265  -0.528076   0.322923
 -0.615387   0.002469  -0.125838  -0.528203   0.324168
 -0.612924   0.002457  -0.125413  -0.528328   0.325412
 -0.610473   0.002445  -0.124990  -0.528452   0.326652
 -0.608034   0.002434  -0.124568  -0.528575   0.327891
 -0.605606   0.002422  -0.124149  -0.528697   0.329127
 -0.603190   0.002411  -0.123732  -0.528818   0.330361
 -0.600785   0.002399  -0.123317  -0.528938   0.331592
 -0.598391   0.002388  -0.122903  -0.529057   0.332821
 -0.596009   0.002377  -0.122492  -0.529175   0.334047
 -0.593638   0.002366  -0.122082  -0.529292   0.335271
 -0.591278   0.002355  -0.121674  -0.529408   0.336493
 -0.588928   0.002344  -0.121268  -0.529523   0.337712
 -0.586590   0.002333  -0.120863  -0.529637   0.338928
 -0.584262   0.002322  -0.120461  -0.529750   0.340143
 -0.581945   0.002312  -0.120060  -0.529862   0.341354
 -0.579639   0.002301  -0.119661  -0.529973   0.342563
 -0.577343   0.002291  -0.119263  -0.530083   0.343770
 -0.575058   0.002280  -0.118868  -0.530192   0.344973
 -0.572782   0.002270  -0.118474  -0.530300   0.346175
 -0.570517   0.002260  -0.118082  -0.530408   0.347374
 -0.568262   0.002250  -0.117691  -0.530514   0.348570
 -0.566018   0.002240  -0.117303  -0.530620   0.349763
 -0.563783   0.002230  -0.116915  -0.530724   0.350954
 -0.561558   0.002220  -0.116530  -0.530828   0.352142
 -0.559342   0.002210  -0.116146  -0.530931   0.353328
 -0.557137   0.002201  -0.115764  -0.531033   0.354511
 -0.554941   0.002191  -0.115383  -0.531134   0.355691
 -0.552755   0.002182  -0.115004  -0.531235   0.356869
 -0.550578   0.002172  -0.114627  -0.531335   0.358044
 -0.548410   0.002163  -0.114251  -0.531433   0.359216
 -0.546252   0.002154  -0.113876  -0.531531   0.360385
 -0.544103   0.002144  -0.113504  -0.531629   0.361552
 -0.541963   0.002135  -0.113132  -0.531725   0.362716
 -0.539833   0.002126  -0.112763  -0.531821   0.363877
 -0.537711   0.002117  -0.112394  -0.531916   0.365036
 -0.535598   0.002108  -0.112028  -0.532010   0.366191
 -0.533495   0.002099  -0.111662  -0.532103   0.367344
 -0.531400   0.002091  -0.111299  -0.532196   0.368494
 -0.529313   0.002082  -0.110936  -0.532288   0.369642
 -0.527236   0.002073  -0.110575  -0.532379   0.370786
 -0.525166   0.002065  -0.110216  -0.532469   0.371928
 -0.523106   0.002056  -0.109858  -0.532559   0.373067
 -0.521054   0.002048  -0.109502  -0.532648   0.374203
 -0.519010   0.002040  -0.109146  -0.532736   0.375336
 -0.516975   0.002031  -0.108793  -0.532824   0.376466
 -0.514947   0.002023  -0.108440  -0.532911   0.377593
 -0.512928   0.002015  -0.108089  -0.532997   0.378718
 -0.510918   0.002007  -0.107740  -0.533083   0.379839
 -0.508915   0.001999  -0.107391  -0.533167   0.380958
 -0.506920   0.001991  -0.107045  -0.533252   0.382074
 -0.504933   0.001983  -0.106699  -0.533335   0.383187
 -0.502954   0.001975  -0.106355  -0.533418   0.384297
 -0.500983   0.001967  -0.106012  -0.533501   0.385404
 -0.499019   0.001960  -0.105670  -0.533582   0.386508
 -0.497063   0.001952  -0.105330  -0.533663   0.387609
 -0.495115   0.001944  -0.104991  -0.533744   0.388707
 -0.493175   0.001937  -0.104653  -0.533824   0.389802
 -0.491241   0.001929  -0.104316  -0.533903   0.390895
 -0.489316   0.001922  -0.103981  -0.533981   0.391984
 -0.487397   0.001915  -0.103647  -0.534059   0.393070
 -0.485486   0.001907  -0.103314  -0.534137   0.394153
 -0.483583   0.001900  -0.102983  -0.534214   0.395234
 -0.481686   0.001893  -0.102653  -0.534290   0.396311
 -0.479797   0.001886  -0.102323  -0.534366   0.397385
 -0.477915   0.001879  -0.101996  -0.534441   0.398456
 -0.476040   0.001872  -0.101669  -0.534515   0.399524
 -0.474171   0.001865  -0.101343  -0.534589   0.400590
 -0.472310   0.001858  -0.101019  -0.534663   0.401652
 -0.470456   0.001851  -0.100696  -0.534736   0.402711
 -0.468608   0.001844  -0.100374  -0.534808   0.403767
 -0.466768   0.001837  -0.100053  -0.534880   0.404820
 -0.464934   0.001831  -0.099733  -0.534951   0.405870
 -0.463106   0.001824  -0.099415  -0.535022   0.406916
 -0.461286   0.001817  -0.099097  -0.535092   0.407960
 -0.459472   0.001811  -0.098781  -0.535162   0.409001
 -0.457664   0.001804  -0.098466  -0.535231   0.410038
 -0.455863   0.001798  -0.098151  -0.535300   0.411073
 -0.454069   0.001791  -0.097838  -0.535368   0.412104
 -0.452280   0.001785  -0.097526  -0.535436   0.413133
 -0.450498   0.001779  -0.097216  -0.535503   0.414158
 -0.448723   0.001772  -0.096906  -0.535570   0.415180
 -0.446953   0.001766  -0.096597  -0.535637   0.416199
 -0.445190   0.001760  -0.096289  -0.535702   0.417215
 -0.443433   0.001754  -0.095983  -0.535768   0.418227
 -0.441682   0.001748  -0.095677  -0.535833   0.419237
 -0.439938   0.001742  -0.095372  -0.535897   0.420243
 -0.438199   0.001736  -0.095069  -0.535961   0.421247
 -0.436466   0.001730  -0.094766  -0.536024   0.422247
 -0.434739   0.001724  -0.094465  -0.536087   0.423244
 -0.433018   0.001718  -0.094164  -0.536150   0.424238
 -0.431303   0.001712  -0.093865  -0.536212   0.425228
 -0.429594   0.001706  -0.093566  -0.536274   0.426216
 -0.427890   0.001701  -0.093269  -0.536335   0.427200
 -0.426192   0.001695  -0.092972  -0.536396   0.428182
 -0.424500   0.001689  -0.092676  -0.536456   0.429160
 -0.422813   0.001684  -0.092382  -0.536516   0.430135
 -0.421132   0.001678  -0.092088  -0.536576   0.431106
 -0.419457   0.001673  -0.091795  -0.536635   0.432075
 -0.417787   0.001667  -0.091503  -0.536694   0.433040
 -0.416123   0.001662  -0.091212  -0.536752   0.434002
 -0.414463   0.001656  -0.090922  -0.536810   0.434961
 -0.412810   0.001651  -0.090633  -0.536868   0.435917
 -0.411162   0.001646  -0.090345  -0.536925   0.436870
 -0.409519   0.001640  -0.090058  -0.536982   0.437819
 -0.407881   0.001635  -0.089772  -0.537038   0.438766
 -0.406248   0.001630  -0.089486  -0.537094   0.439709
 -0.404621   0.001625  -0.089202  -0.537149   0.440649
 -0.402999   0.001620  -0.088918  -0.537205   0.441585
 -0.401382   0.001614  -0.088635  -0.537259   0.442519
 -0.399770   0.001609  -0.088353  -0.537314   0.443449
 -0.398163   0.001604  -0.088072  -0.537368   0.444376
 -0.396562   0.001599  -0.087792  -0.537422   0.445300
 -0.394965   0.001594  -0.087513  -0.537475   0.446220
 -0.393373   0.001589  -0.087234  -0.537528   0.447138
 -0.391786   0.001585  -0.086957  -0.537581   0.448052
 -0.390204   0.001580  -0.086680  -0.537633   0.448963
 -0.388627   0.001575  -0.086404  -0.537685   0.449871
 -0.387054   0.001570  -0.086129  -0.537736   0.450775
 -0.385486   0.001565  -0.085854  -0.537787   0.451677
 -0.383924   0.001561  -0.085581  -0.537838   0.452575
 -0.382365   0.001556  -0.085308  -0.537889   0.453470
 -0.380812   0.001551  -0.085036  -0.537939   0.454361
 -0.379263   0.001547  -0.084765  -0.537989   0.455250
 -0.377719   0.001542  -0.084495  -0.538038   0.456135
 -0.376179   0.001537  -0.084225  -0.538088   0.457017
 -0.374644   0.001533  -0.083956  -0.538136   0.457896
 -0.373113   0.001528  -0.083688  -0.538185   0.458771
 -0.371587   0.001524  -0.083421  -0.538233   0.459643
 -0.370065   0.001520  -0.083154  -0.538281   0.460512
 -0.368548   0.001515  -0.082889  -0.538329   0.461378
 -0.367035   0.001511  -0.082624  -0.538376   0.462241
 -0.365526   0.001506  -0.082359  -0.538423   0.463100
 -0.364022   0.001502  -0.082096  -0.538470   0.463956
 -0.362522   0.001498  -0.081833  -0.538516   0.464809
 -0.361026   0.001494  -0.081571  -0.538562   0.465659
 -0.359535   0.001489  -0.081310  -0.538608   0.466506
 -0.358047   0.001485  -0.081049  -0.538653   0.467349
 -0.356564   0.001481  -0.080789  -0.538698   0.468189
 -0.355085   0.001477  -0.080530  -0.538743   0.469026
 -0.353610   0.001473  -0.080272  -0.538788   0.469859
 -0.352140   0.001469  -0.080014  -0.538832   0.470689
 -0.350673   0.001465  -0.079757  -0.538876   0.471516
 -0.349210   0.001461  -0.079501  -0.538920   0.472340
 -0.347752   0.001457  -0.079245  -0.538963   0.473161
 -0.346297   0.001453  -0.078990  -0.539006   0.473978
 -0.344846   0.001449  -0.078736  -0.539049   0.474793
 -0.343400   0.001445  -0.078482  -0.539091   0.475603
 -0.341957   0.001441  -0.078229  -0.539134   0.476411
 -0.340518   0.001437  -0.077977  -0.539176   0.477216
 -0.339083   0.001433  -0.077725  -0.539218   0.478017
 -0.337651   0.001429  -0.077474  -0.539259   0.478815
 -0.336224   0.001426  -0.077224  -0.539300   0.479610
 -0.334800   0.001422  -0.076974  -0.539341   0.480401
 -0.333380   0.001418  -0.076725  -0.539382   0.481190
 -0.331963   0.001415  -0.076477  -0.539422   0.481975
 -0.330551   0.001411  -0.076229  -0.539463   0.482757
 -0.329142   0.001407  -0.075982  -0.539502   0.483536
 -0.327736   0.001404  -0.075736  -0.539542   0.484311
 -0.326335   0.001400  -0.075490  -0.539582   0.485083
 -0.324936   0.001396  -0.075244  -0.539621   0.485852
 -0.323542   0.001393  -0.075000  -0.539660   0.486618
 -0.322151   0.001389  -0.074756  -0.539698   0.487381
 -0.320763   0.001386  -0.074512  -0.539737   0.488140
 -0.319379   0.001382  -0.074269  -0.539775   0.488896
 -0.317999   0.001379  -0.074027  -0.539813   0.489649
 -0.316622   0.001375  -0.073786  -0.539851   0.490399
 -0.315248   0.001372  -0.073545  -0.539888   0.491146
 -0.313877   0.001369  -0.073304  -0.539925   0.491889
 -0.312511   0.001365  -0.073064  -0.539962   0.492629
 -0.311147   0.001362  -0.072825  -0.539999   0.493366
 -0.309787   0.001359  -0.072586  -0.540036   0.494100
 -0.308430   0.001355  -0.072348  -0.540072   0.494831
 -0.307076   0.001352  -0.072110  -0.540108   0.495558
 -0.305726   0.001349  -0.071873  -0.540144   0.496282
 -0.304378   0.001346  -0.071637  -0.540180   0.497003
 -0.303034   0.001342  -0.071401  -0.540215   0.497721
 -0.301694   0.001339  -0.071166  -0.540250   0.498436
 -0.300356   0.001336  -0.070931  -0.540285   0.499147
 -0.299022   0.001333  -0.070696  -0.540320   0.499855
 -0.297690   0.001330  -0.070463  -0.540354   0.500560
 -0.296362   0.001327  -0.070229  -0.540389   0.501262
 -0.295037   0.001324  -0.069997  -0.540423   0.501961
 -0.293715   0.001321  -0.069765  -0.540457   0.502656
 -0.292396   0.001317  -0.069533  -0.540491   0.503349
 -0.291080   0.001314  -0.069302  -0.540524   0.504038
 -0.289767   0.001311  -0.069071  -0.540557   0.504724
 -0.288457   0.001309  -0.068841  -0.540590   0.505406
 -0.287150   0.001306  -0.068612  -0.540623   0.506086
 -0.285846   0.001303  -0.068383  -0.540656   0.506763
 -0.284545   0.001300  -0.068154  -0.540688   0.507436
 -0.283247   0.001297  -0.067926  -0.540721   0.508106
 -0.281951   0.001294  -0.067698  -0.540753   0.508773
 -0.280659   0.001291  -0.067471  -0.540785   0.509437
 -0.279369   0.001288  -0.067245  -0.540816   0.510098
 -0.278082   0.001285  -0.067019  -0.540848   0.510755
 -0.276798   0.001283  -0.066793  -0.540879   0.511410
 -0.275517   0.001280  -0.066568  -0.540910   0.512061
 -0.274238   0.001277  -0.066343  -0.540941   0.512709
 -0.272963   0.001274  -0.066119  -0.540972   0.513354
 -0.271690   0.001272  -0.065896  -0.541002   0.513996
 -0.270419   0.001269  -0.065672  -0.541033   0.514634
 -0.269152   0.001266  -0.065450  -0.541063   0.515270
 -0.267887   0.001264  -0.065227  -0.541093   0.515902
 -0.266625   0.001261  -0.065006  -0.541123   0.516532
 -0.265365   0.001258  -0.064784  -0.541152   0.517158
 -0.264108   0.001256  -0.064563  -0.541182   0.517781
 -0.262854   0.001253  -0.064343  -0.541211   0.518401
 -0.261602   0.001250  -0.064123  -0.541240   0.519017
 -0.260353   0.001248  -0.063903  -0.541269   0.519631
 -0.259106   0.001245  -0.063684  -0.541298   0.520242
 -0.257862   0.001243  -0.063465  -0.541326   0.520849
 -0.256620   0.001240  -0.063247  -0.541355   0.521454
 -0.255381   0.001238  -0.063029  -0.541383   0.522055
 -0.254145   0.001235  -0.062812  -0.541411   0.522653
 -0.252911   0.001233  -0.062595  -0.541439   0.523248
 -0.251679   0.001230  -0.062378  -0.541466   0.523840
 -0.250450   0.001228  -0.062162  -0.541494   0.524429
 -0.249223   0.001226  -0.061946  -0.541521   0.525015
 -0.247998   0.001223  -0.061731  -0.541548   0.525597
 -0.246776   0.001221  -0.061516  -0.541575   0.526177
 -0.245556   0.001219  -0.061302  -0.541602   0.526753
 -0.244339   0.001216  -0.061088  -0.541629   0.527327
 -0.243124   0.001214  -0.060874  -0.541656   0.527897
 -0.241911   0.001212  -0.060661  -0.541682   0.528465
 -0.240701   0.001209  -0.060448  -0.541708   0.529029
 -0.239493   0.001207  -0.060235  -0.541734   0.529590
 -0.238287   0.001205  -0.060023  -0.541760   0.530148
 -0.237083   0.001202  -0.059812  -0.541786   0.530703
 -0.235882   0.001200  -0.059600  -0.541812   0.531255
 -0.234683   0.001198  -0.059389  -0.541837   0.531804
 -0.233486   0.001196  -0.059179  -0.541862   0.532350
 -0.232291   0.001194  -0.058969  -0.541887   0.532893
 -0.231099   0.001191  -0.058759  -0.541912   0.533432
 -0.229908   0.001189  -0.058549  -0.541937   0.533969
 -0.228720   0.001187  -0.058340  -0.541962   0.534503
 -0.227534   0.001185  -0.058132  -0.541986   0.535034
 -0.226350   0.001183  -0.057923  -0.542011   0.535561
 -0.225168   0.001181  -0.057716  -0.542035   0.536086
 -0.223988   0.001179  -0.057508  -0.542059   0.536607
 -0.222810   0.001177  -0.057301  -0.542083   0.537126
 -0.221635   0.001175  -0.057094  -0.542107   0.537642
 -0.220461   0.001173  -0.056887  -0.542131   0.538154
 -0.219290   0.001171  -0.056681  -0.542154   0.538664
 -0.218120   0.001169  -0.056475  -0.542177   0.539170
 -0.216952   0.001167  -0.056270  -0.542201   0.539674
 -0.215787   0.001165  -0.056065  -0.542224   0.540174
 -0.214623   0.001163  -0.055860  -0.542247   0.540672
 -0.213462   0.001161  -0.055656  -0.542270   0.541166
 -0.212302   0.001159  -0.055451  -0.542292   0.541658
 -0.211144   0.001157  -0.055248  -0.542315   0.542146
 -0.209988   0.001155  -0.055044  -0.542337   0.542632
 -0.208834   0.001153  -0.054841  -0.542359   0.543114
 -0.207682   0.001151  -0.054638  -0.542382   0.543594
 -0.206532   0.001149  -0.054436  -0.542404   0.544070
 -0.205384   0.001147  -0.054234  -0.542425   0.544544
 -0.204237   0.001146  -0.054032  -0.542447   0.545014
 -0.203092   0.001144  -0.053830  -0.542469   0.545482
 -0.201950   0.001142  -0.053629  -0.542490   0.545947
 -0.200809   0.001140  -0.053428  -0.542511   0.546409
 -0.199669   0.001138  -0.053228  -0.542533   0.546867
 -0.198532   0.001137  -0.053028  -0.542554   0.547323
 -0.197396   0.001135  -0.052828  -0.542575   0.547776
 -0.196263   0.001133  -0.052628  -0.542596   0.548226
 -0.195130   0.001131  -0.052429  -0.542616   0.548673
 -0.194000   0.001130  -0.052230  -0.542637   0.549117
 -0.192871   0.001128  -0.052031  -0.542657   0.549558
 -0.191744   0.001126  -0.051833  -0.542678   0.549996
 -0.190619   0.001124  -0.051634  -0.542698   0.550431
 -0.189495   0.001123  -0.051437  -0.542718   0.550864
 -0.188374   0.001121  -0.051239  -0.542738   0.551293
 -0.187253   0.001119  -0.051042  -0.542758   0.551719
 -0.186135   0.001118  -0.050845  -0.542777   0.552143
 -0.185018   0.001116  -0.050648  -0.542797   0.552564
 -0.183902   0.001115  -0.050452  -0.542816   0.552981
 -0.182789   0.001113  -0.050255  -0.542836   0.553396
 -0.181676   0.001111  -0.050060  -0.542855   0.553808
 -0.180566   0.001110  -0.049864  -0.542874   0.554217
 -0.179457   0.001108  -0.049669  -0.542893   0.554623
 -0.178349   0.001107  -0.049474  -0.542912   0.555026
 -0.177243   0.001105  -0.049279  -0.542931   0.555426
 -0.176139   0.001104  -0.049084  -0.542949   0.555824
 -0.175036   0.001102  -0.048890  -0.542968   0.556218
 -0.173935   0.001101  -0.048696  -0.542986   0.556610
 -0.172835   0.001099  -0.048502  -0.543004   0.556999
 -0.171737   0.001098  -0.048309  -0.543023   0.557385
 -0.170640   0.001096  -0.048116  -0.543041   0.557768
 -0.169545   0.001095  -0.047923  -0.543059   0.558148
 -0.168451   0.001093  -0.047730  -0.543076   0.558525
 -0.167358   0.001092  -0.047537  -0.543094   0.558899
 -0.166267   0.001090  -0.047345  -0.543112   0.559271
 -0.165178   0.001089  -0.047153  -0.543129   0.559640
 -0.164090   0.001087  -0.046962  -0.543147   0.560005
 -0.163003   0.001086  -0.046770  -0.543164   0.560368
 -0.161917   0.001085  -0.046579  -0.543181   0.560728
 -0.160833   0.001083  -0.046388  -0.543198   0.561086
 -0.159751   0.001082  -0.046197  -0.543215   0.561440
 -0.158669   0.001081  -0.046006  -0.543232   0.561792
 -0.157589   0.001079  -0.045816  -0.543249   0.562140
 -0.156511   0.001078  -0.045626  -0.543265   0.562486
 -0.155434   0.001077  -0.045436  -0.543282   0.562830
 -0.154358   0.001075  -0.045247  -0.543298   0.563170
 -0.153283   0.001074  -0.045057  -0.543315   0.563507
 -0.152210   0.001073  -0.044868  -0.543331   0.563842
 -0.151137   0.001071  -0.044679  -0.543347   0.564174
 -0.150067   0.001070  -0.044491  -0.543363   0.564503
 -0.148997   0.001069  -0.044302  -0.543379   0.564829
 -0.147929   0.001068  -0.044114  -0.543395   0.565152
 -0.146862   0.001066  -0.043926  -0.543411   0.565473
 -0.145796   0.001065  -0.043738  -0.543426   0.565791
 -0.144731   0.001064  -0.043550  -0.543442   0.566106
 -0.143668   0.001063  -0.043363  -0.543457   0.566418
 -0.142606   0.001062  -0.043176  -0.543472   0.566727
 -0.141545   0.001060  -0.042988  -0.543488   0.567034
 -0.140485   0.001059  -0.042802  -0.543503   0.567337
 -0.139426   0.001058  -0.042615  -0.543518   0.567639
 -0.138369   0.001057  -0.042429  -0.543533   0.567937
 -0.137312   0.001056  -0.042242  -0.543547   0.568232
 -0.136257   0.001055  -0.042056  -0.543562   0.568525
 -0.135203   0.001054  -0.041871  -0.543577   0.568815
 -0.134150   0.001052  -0.041685  -0.543591   0.569102
 -0.133098   0.001051  -0.041500  -0.543606   0.569386
 -0.132047   0.001050  -0.041314  -0.543620   0.569668
 -0.130998   0.001049  -0.041129  -0.543634   0.569947
 -0.129949   0.001048  -0.040944  -0.543648   0.570223
 -0.128902   0.001047  -0.040760  -0.543662   0.570496
 -0.127855   0.001046  -0.040575  -0.543676   0.570767
 -0.126810   0.001045  -0.040391  -0.543690   0.571035
 -0.125765   0.001044  -0.040207  -0.543704   0.571300
 -0.124722   0.001043  -0.040023  -0.543718   0.571562
 -0.123680   0.001042  -0.039839  -0.543731   0.571822
 -0.122638   0.001041  -0.039655  -0.543745   0.572079
 -0.121598   0.001040  -0.039472  -0.543758   0.572333
 -0.120559   0.001039  -0.039289  -0.543771   0.572585
 -0.119520   0.001038  -0.039106  -0.543784   0.572833
 -0.118483   0.001037  -0.038923  -0.543798   0.573079
 -0.117447   0.001036  -0.038740  -0.543811   0.573323
 -0.116411   0.001035  -0.038557  -0.543824   0.573563
 -0.115377   0.001034  -0.038375  -0.543836   0.573801
 -0.114343   0.001033  -0.038193  -0.543849   0.574036
 -0.113310   0.001032  -0.038010  -0.543862   0.574269
 -0.112279   0.001031  -0.037828  -0.543874   0.574498
 -0.111248   0.001030  -0.037647  -0.543887   0.574725
 -0.110218   0.001029  -0.037465  -0.543899   0.574950
 -0.109189   0.001029  -0.037284  -0.543912   0.575171
 -0.108161   0.001028  -0.037102  -0.543924   0.575390
 -0.107134   0.001027  -0.036921  -0.543936   0.575606
 -0.106107   0.001026  -0.036740  -0.543948   0.575820
 -0.105082   0.001025  -0.036559  -0.543960   0.576031
 -0.104057   0.001024  -0.036378  -0.543972   0.576239
 -0.103033   0.001023  -0.036198  -0.543984   0.576445
 -0.102010   0.001023  -0.036017  -0.543995   0.576647
 -0.100988   0.001022  -0.035837  -0.544007   0.576847
 -0.099967   0.001021  -0.035657  -0.544018   0.577045
 -0.098946   0.001020  -0.035477  -0.544030   0.577240
 -0.097926   0.001019  -0.035297  -0.544041   0.577432
 -0.096907   0.001019  -0.035117  -0.544052   0.577621
 -0.095889   0.001018  -0.034938  -0.544064   0.577808
 -0.094871   0.001017  -0.034758  -0.544075   0.577992
 -0.093855   0.001016  -0.034579  -0.544086   0.578174
 -0.092839   0.001016  -0.034399  -0.544097   0.578353
 -0.091824   0.001015  -0.034220  -0.544108   0.578529
 -0.090809   0.001014  -0.034041  -0.544118   0.578702
 -0.089795   0.001013  -0.033863  -0.544129   0.578873
 -0.088782   0.001013  -0.033684  -0.544140   0.579041
 -0.087770   0.001012  -0.033505  -0.544150   0.579207
 -0.086758   0.001011  -0.033327  -0.544161   0.579370
 -0.085747   0.001011  -0.033148  -0.544171   0.579530
 -0.084737   0.001010  -0.032970  -0.544181   0.579688
 -0.083727   0.001009  -0.032792  -0.544191   0.579843
 -0.082718   0.001009  -0.032614  -0.544202   0.579995
 -0.081710   0.001008  -0.032436  -0.544212   0.580145
 -0.080702   0.001007  -0.032258  -0.544222   0.580292
 -0.079695   0.001007  -0.032080  -0.544231   0.580437
 -0.078689   0.001006  -0.031903  -0.544241   0.580579
 -0.077683   0.001005  -0.031725  -0.544251   0.580718
 -0.076678   0.001005  -0.031548  -0.544261   0.580855
 -0.075674   0.001004  -0.031371  -0.544270   0.580989
 -0.074670   0.001004  -0.031194  -0.544280   0.581120
 -0.073666   0.001003  -0.031017  -0.544289   0.581249
 -0.072664   0.001002  -0.030840  -0.544298   0.581375
 -0.071661   0.001002  -0.030663  -0.544307   0.581499
 -0.070660   0.001001  -0.030486  -0.544317   0.581620
 -0.069659   0.001001  -0.030309  -0.544326   0.581738
 -0.068658   0.001000  -0.030133  -0.544335   0.581854
 -0.067658   0.001000  -0.029956  -0.544344   0.581967
 -0.066659   0.000999  -0.029780  -0.544353   0.582078
 -0.065660   0.000999  -0.029604  -0.544361   0.582186
 -0.064661   0.000998  -0.029427  -0.544370   0.582291
 -0.063663   0.000998  -0.029251  -0.544379   0.582394
 -0.062666   0.000997  -0.029075  -0.544387   0.582495
 -0.061669   0.000997  -0.028899  -0.544396   0.582592
 -0.060673   0.000996  -0.028723  -0.544404   0.582687
 -0.059677   0.000996  -0.028548  -0.544412   0.582780
 -0.058681   0.000995  -0.028372  -0.544421   0.582870
 -0.057686   0.000995  -0.028196  -0.544429   0.582957
 -0.056692   0.000994  -0.028021  -0.544437   0.583042
 -0.055697   0.000994  -0.027845  -0.544445   0.583124
 -0.054704   0.000993  -0.027670  -0.544453   0.583204
 -0.053710   0.000993  -0.027494  -0.544461   0.583281
 -0.052718   0.000993  -0.027319  -0.544468   0.583356
 -0.051725   0.000992  -0.027144  -0.544476   0.583428
 -0.050733   0.000992  -0.026969  -0.544484   0.583497
 -0.049741   0.000991  -0.026794  -0.544491   0.583564
 -0.048750   0.000991  -0.026619  -0.544499   0.583628
 -0.047759   0.000991  -0.026444  -0.544506   0.583690
 -0.046769   0.000990  -0.026269  -0.544514   0.583749
 -0.045779   0.000990  -0.026094  -0.544521   0.583806
 -0.044789   0.000990  -0.025919  -0.544528   0.583860
 -0.043799   0.000989  -0.025745  -0.544535   0.583912
 -0.042810   0.000989  -0.025570  -0.544542   0.583961
 -0.041821   0.000989  -0.025395  -0.544549   0.584007
 -0.040833   0.000988  -0.025221  -0.544556   0.584051
 -0.039845   0.000988  -0.025047  -0.544563   0.584092
 -0.038857   0.000988  -0.024872  -0.544570   0.584131
 -0.037869   0.000987  -0.024698  -0.544576   0.584168
 -0.036882   0.000987  -0.024523  -0.544583   0.584201
 -0.035895   0.000987  -0.024349  -0.544589   0.584233
 -0.034909   0.000987  -0.024175  -0.544596   0.584261
 -0.033922   0.000986  -0.024001  -0.544602   0.584288
 -0.032936   0.000986  -0.023827  -0.544608   0.584311
 -0.031950   0.000986  -0.023653  -0.544615   0.584332
 -0.030965   0.000986  -0.023479  -0.544621   0.584351
 -0.029979   0.000985  -0.023305  -0.544627   0.584367
 -0.028994   0.000985  -0.023131  -0.544633   0.584381
 -0.028009   0.000985  -0.022957  -0.544639   0.584392
 -0.027024   0.000985  -0.022783  -0.544645   0.584400
 -0.026040   0.000984  -0.022609  -0.544651   0.584406
 -0.025056   0.000984  -0.022435  -0.544656   0.584410
 -0.024071   0.000984  -0.022261  -0.544662   0.584411
 -0.023087   0.000984  -0.022088  -0.544668   0.584409
 -0.022104   0.000984  -0.021914  -0.544673   0.584405
 -0.021120   0.000983  -0.021740  -0.544679   0.584399
 -0.020137   0.000983  -0.021566  -0.544684   0.584390
 -0.019153   0.000983  -0.021393  -0.544689   0.584378
 -0.018170   0.000983  -0.021219  -0.544695   0.584364
 -0.017187   0.000983  -0.021046  -0.544700   0.584348
 -0.016205   0.000983  -0.020872  -0.544705   0.584328
 -0.015222   0.000983  -0.020698  -0.544710   0.584307
 -0.014239   0.000983  -0.020525  -0.544715   0.584283
 -0.013257   0.000982  -0.020351  -0.544720   0.584256
 -0.012274   0.000982  -0.020178  -0.544724   0.584227
 -0.011292   0.000982  -0.020004  -0.544729   0.584196
 -0.010310   0.000982  -0.019831  -0.544734   0.584162
 -0.009328   0.000982  -0.019657  -0.544738   0.584125
 -0.008346   0.000982  -0.019484  -0.544743   0.584086
 -0.007364   0.000982  -0.019310  -0.544747   0.584045
 -0.006382   0.000982  -0.019137  -0.544752   0.584001
 -0.005400   0.000982  -0.018964  -0.544756   0.583954
 -0.004418   0.000982  -0.018790  -0.544760   0.583905
 -0.003436   0.000982  -0.018617  -0.544765   0.583854
 -0.002454   0.000982  -0.018443  -0.544769   0.583800
 -0.001473   0.000982  -0.018270  -0.544773   0.583744
 -0.000491   0.000982  -0.018096  -0.544777   0.583685
  0.000491   0.000982  -0.017923  -0.544781   0.583623
  0.001473   0.000982  -0.017750  -0.544784   0.583559
  0.002454   0.000982  -0.017576  -0.544788   0.583493
  0.003436   0.000982  -0.017403  -0.544792   0.583424
  0.004418   0.000982  -0.017229  -0.544795   0.583353
  0.005400   0.000982  -0.017056  -0.544799   0.583279
  0.006382   0.000982  -0.016882  -0.544802   0.583203
  0.007364   0.000982  -0.016709  -0.544806   0.583124
  0.008346   0.000982  -0.016535  -0.544809   0.583043
  0.009328   0.000982  -0.016362  -0.544812   0.582960
  0.010310   0.000982  -0.016188  -0.544816   0.582874
  0.011292   0.000982  -0.016015  -0.544819   0.582785
  0.012274   0.000982  -0.015841  -0.544822   0.582694
  0.013257   0.000982  -0.015668  -0.544825   0.582600
  0.014239   0.000983  -0.015494  -0.544828   0.582505
  0.015222   0.000983  -0.015321  -0.544831   0.582406
  0.016205   0.000983  -0.015147  -0.544833   0.582305
  0.017187   0.000983  -0.014973  -0.544836   0.582202
  0.018170   0.000983  -0.014800  -0.544839   0.582096
  0.019153   0.000983  -0.014626  -0.544841   0.581988
  0.020137   0.000983  -0.014452  -0.544844   0.581877
  0.021120   0.000983  -0.014279  -0.544846   0.581764
  0.022104   0.000984  -0.014105  -0.544849   0.581648
  0.023087   0.000984  -0.013931  -0.544851   0.581530
  0.024071   0.000984  -0.013757  -0.544853   0.581410
  0.025056   0.000984  -0.013583  -0.544855   0.581287
  0.026040   0.000984  -0.013409  -0.544857   0.581161
  0.027024   0.000985  -0.013235  -0.544859   0.581033
  0.028009   0.000985  -0.013061  -0.544861   0.580903
  0.028994   0.000985  -0.012887  -0.544863   0.580770
  0.029979   0.000985  -0.012713  -0.544865   0.580635
  0.030965   0.000986  -0.012539  -0.544867   0.580497
  0.031950   0.000986  -0.012365  -0.544868   0.580357
  0.032936   0.000986  -0.012191  -0.544870   0.580214
  0.033922   0.000986  -0.012016  -0.544871   0.580069
  0.034909   0.000987  -0.011842  -0.544873   0.579922
  0.035895   0.000987  -0.011668  -0.544874   0.579772
  0.036882   0.000987  -0.011493  -0.544876   0.579619
  0.037869   0.000987  -0.011319  -0.544877   0.579465
  0.038857   0.000988  -0.011144  -0.544878   0.579307
  0.039845   0.000988  -0.010970  -0.544879   0.579148
  0.040833   0.000988  -0.010795  -0.544880   0.578985
  0.041821   0.000989  -0.010620  -0.544881   0.578821
  0.042810   0.000989  -0.010446  -0.544882   0.578654
  0.043799   0.000989  -0.010271  -0.544883   0.578484
  0.044789   0.000990  -0.010096  -0.544883   0.578312
  0.045779   0.000990  -0.009921  -0.544884   0.578138
  0.046769   0.000990  -0.009746  -0.544885   0.577961
  0.047759   0.000991  -0.009571  -0.544885   0.577782
  0.048750   0.000991  -0.009396  -0.544886   0.577600
  0.049741   0.000991  -0.009221  -0.544886   0.577416
  0.050733   0.000992  -0.009045  -0.544886   0.577229
  0.051725   0.000992  -0.008870  -0.544887   0.577040
  0.052718   0.000993  -0.008695  -0.544887   0.576849
  0.053710   0.000993  -0.008519  -0.544887   0.576655
  0.054704   0.000993  -0.008344  -0.544887   0.576458
  0.055697   0.000994  -0.008168  -0.544887   0.576259
  0.056692   0.000994  -0.007992  -0.544887   0.576058
  0.057686   0.000995  -0.007817  -0.544887   0.575854
  0.058681   0.000995  -0.007641  -0.544886   0.575648
  0.059677   0.000996  -0.007465  -0.544886   0.575440
  0.060673   0.000996  -0.007289  -0.544886   0.575229
  0.061669   0.000997  -0.007113  -0.544885   0.575015
  0.062666   0.000997  -0.006936  -0.544885   0.574800
  0.063663   0.000998  -0.006760  -0.544884   0.574581
  0.064661   0.000998  -0.006584  -0.544883   0.574360
  0.065660   0.000999  -0.006407  -0.544883   0.574137
  0.066659   0.000999  -0.006231  -0.544882   0.573912
  0.067658   0.001000  -0.006054  -0.544881   0.573684
  0.068658   0.001000  -0.005877  -0.544880   0.573453
  0.069659   0.001001  -0.005700  -0.544879   0.573220
  0.070660   0.001001  -0.005523  -0.544878   0.572985
  0.071661   0.001002  -0.005346  -0.544876   0.572747
  0.072664   0.001002  -0.005169  -0.544875   0.572507
  0.073666   0.001003  -0.004992  -0.544874   0.572264
  0.074670   0.001004  -0.004814  -0.544872   0.572019
  0.075674   0.001004  -0.004637  -0.544871   0.571772
  0.076678   0.001005  -0.004459  -0.544869   0.571522
  0.077683   0.001005  -0.004282  -0.544868   0.571269
  0.078689   0.001006  -0.004104  -0.544866   0.571014
  0.079695   0.001007  -0.003926  -0.544864   0.570757
  0.080702   0.001007  -0.003748  -0.544862   0.570497
  0.081710   0.001008  -0.003570  -0.544860   0.570235
  0.082718   0.001009  -0.003392  -0.544858   0.569971
  0.083727   0.001009  -0.003213  -0.544856   0.569704
  0.084737   0.001010  -0.003035  -0.544854   0.569434
  0.085747   0.001011  -0.002856  -0.544852   0.569162
  0.086758   0.001011  -0.002677  -0.544849   0.568888
  0.087770   0.001012  -0.002499  -0.544847   0.568611
  0.088782   0.001013  -0.002320  -0.544844   0.568332
  0.089795   0.001013  -0.002140  -0.544842   0.568050
  0.090809   0.001014  -0.001961  -0.544839   0.567766
  0.091824   0.001015  -0.001782  -0.544836   0.567480
  0.092839   0.001016  -0.001602  -0.544834   0.567191
  0.093855   0.001016  -0.001423  -0.544831   0.566900
  0.094871   0.001017  -0.001243  -0.544828   0.566606
  0.095889   0.001018  -0.001063  -0.544825   0.566310
  0.096907   0.001019  -0.000883  -0.544822   0.566011
  0.097926   0.001019  -0.000703  -0.544819   0.565710
  0.098946   0.001020  -0.000523  -0.544815   0.565406
  0.099967   0.001021  -0.000342  -0.544812   0.565100
  0.100988   0.001022  -0.000162  -0.544809   0.564792
  0.102010   0.001023   0.000019  -0.544805   0.564481
  0.103033   0.001023   0.000200  -0.544801   0.564168
  0.104057   0.001024   0.000381  -0.544798   0.563852
  0.105082   0.001025   0.000562  -0.544794   0.563534
  0.106107   0.001026   0.000744  -0.544790   0.563213
  0.107134   0.001027   0.000925  -0.544786   0.562890
  0.108161   0.001028   0.001107  -0.544782   0.562564
  0.109189   0.001029   0.001288  -0.544778   0.562236
  0.110218   0.001029   0.001470  -0.544774   0.561906
  0.111248   0.001030   0.001653  -0.544770   0.561573
  0.112279   0.001031   0.001835  -0.544766   0.561238
  0.113310   0.001032   0.002017  -0.544761   0.560900
  0.114343   0.001033   0.002200  -0.544757   0.560560
  0.115377   0.001034   0.002383  -0.544752   0.560217
  0.116411   0.001035   0.002566  -0.544748   0.559872
  0.117447   0.001036   0.002749  -0.544743   0.559525
  0.118483   0.001037   0.002932  -0.544738   0.559175
  0.119520   0.001038   0.003115  -0.544733   0.558823
  0.120559   0.001039   0.003299  -0.544728   0.558468
  0.121598   0.001040   0.003483  -0.544723   0.558110
  0.122638   0.001041   0.003667  -0.544718   0.557751
  0.123680   0.001042   0.003851  -0.544713   0.557389
  0.124722   0.001043   0.004035  -0.544708   0.557024
  0.125765   0.001044   0.004220  -0.544702   0.556657
  0.126810   0.001045   0.004404  -0.544697   0.556287
  0.127855   0.001046   0.004589  -0.544691   0.555915
  0.128902   0.001047   0.004774  -0.544686   0.555541
  0.129949   0.001048   0.004959  -0.544680   0.555164
  0.130998   0.001049   0.005145  -0.544674   0.554785
  0.132047   0.001050   0.005331  -0.544668   0.554403
  0.133098   0.001051   0.005516  -0.544662   0.554019
  0.134150   0.001052   0.005702  -0.544656   0.553632
  0.135203   0.001054   0.005889  -0.544650   0.553243
  0.136257   0.001055   0.006075  -0.544644   0.552851
  0.137312   0.001056   0.006262  -0.544637   0.552457
  0.138369   0.001057   0.006448  -0.544631   0.552061
  0.139426   0.001058   0.006635  -0.544624   0.551662
  0.140485   0.001059   0.006823  -0.544618   0.551261
  0.141545   0.001060   0.007010  -0.544611   0.550857
  0.142606   0.001062   0.007198  -0.544604   0.550450
  0.143668   0.001063   0.007386  -0.544598   0.550042
  0.144731   0.001064   0.007574  -0.544591   0.549630
  0.145796   0.001065   0.007762  -0.544584   0.549217
  0.146862   0.001066   0.007950  -0.544576   0.548801
  0.147929   0.001068   0.008139  -0.544569   0.548382
  0.148997   0.001069   0.008328  -0.544562   0.547961
  0.150067   0.001070   0.008517  -0.544554   0.547537
  0.151137   0.001071   0.008707  -0.544547   0.547111
  0.152210   0.001073   0.008896  -0.544539   0.546683
  0.153283   0.001074   0.009086  -0.544532   0.546252
  0.154358   0.001075   0.009276  -0.544524   0.545819
  0.155434   0.001077   0.009466  -0.544516   0.545383
  0.156511   0.001078   0.009657  -0.544508   0.544944
  0.157589   0.001079   0.009848  -0.544500   0.544504
  0.158669   0.001081   0.010039  -0.544492   0.544060
  0.159751   0.001082   0.010230  -0.544483   0.543615
  0.160833   0.001083   0.010421  -0.544475   0.543166
  0.161917   0.001085   0.010613  -0.544467   0.542716
  0.163003   0.001086   0.010805  -0.544458   0.542263
  0.164090   0.001087   0.010997  -0.544449   0.541807
  0.165178   0.001089   0.011190  -0.544441   0.541349
  0.166267   0.001090   0.011383  -0.544432   0.540888
  0.167358   0.001092   0.011575  -0.544423   0.540425
  0.168451   0.001093   0.011769  -0.544414   0.539960
  0.169545   0.001095   0.011962  -0.544405   0.539492
  0.170640   0.001096   0.012156  -0.544395   0.539021
  0.171737   0.001098   0.012350  -0.544386   0.538548
  0.172835   0.001099   0.012544  -0.544377   0.538073
  0.173935   0.001101   0.012739  -0.544367   0.537595
  0.175036   0.001102   0.012933  -0.544357   0.537114
  0.176139   0.001104   0.013129  -0.544348   0.536632
  0.177243   0.001105   0.013324  -0.544338   0.536146
  0.178349   0.001107   0.013519  -0.544328   0.535658
  0.179457   0.001108   0.013715  -0.544318   0.535168
  0.180566   0.001110   0.013912  -0.544307   0.534675
  0.181676   0.001111   0.014108  -0.544297   0.534180
  0.182789   0.001113   0.014305  -0.544287   0.533682
  0.183902   0.001115   0.014502  -0.544276   0.533182
  0.185018   0.001116   0.014699  -0.544266   0.532679
  0.186135   0.001118   0.014896  -0.544255   0.532174
  0.187253   0.001119   0.015094  -0.544244   0.531666
  0.188374   0.001121   0.015292  -0.544233   0.531156
  0.189495   0.001123   0.015491  -0.544222   0.530643
  0.190619   0.001124   0.015690  -0.544211   0.530128
  0.191744   0.001126   0.015889  -0.544200   0.529610
  0.192871   0.001128   0.016088  -0.544188   0.529090
  0.194000   0.001130   0.016288  -0.544177   0.528567
  0.195130   0.001131   0.016488  -0.544165   0.528042
  0.196263   0.001133   0.016688  -0.544154   0.527514
  0.197396   0.001135   0.016888  -0.544142   0.526984
  0.198532   0.001137   0.017089  -0.544130   0.526452
  0.199669   0.001138   0.017290  -0.544118   0.525916
  0.200809   0.001140   0.017492  -0.544106   0.525379
  0.201950   0.001142   0.017694  -0.544093   0.524838
  0.203092   0.001144   0.017896  -0.544081   0.524296
  0.204237   0.001146   0.018098  -0.544068   0.523751
  0.205384   0.001147   0.018301  -0.544056   0.523203
  0.206532   0.001149   0.018504  -0.544043   0.522653
  0.207682   0.001151   0.018708  -0.544030   0.522100
  0.208834   0.001153   0.018912  -0.544017   0.521545
  0.209988   0.001155   0.019116  -0.544004   0.520987
  0.211144   0.001157   0.019320  -0.543991   0.520427
  0.212302   0.001159   0.019525  -0.543978   0.519864
  0.213462   0.001161   0.019730  -0.543964   0.519299
  0.214623   0.001163   0.019935  -0.543950   0.518731
  0.215787   0.001165   0.020141  -0.543937   0.518161
  0.216952   0.001167   0.020347  -0.543923   0.517588
  0.218120   0.001169   0.020554  -0.543909   0.517012
  0.219290   0.001171   0.020761  -0.543895   0.516435
  0.220461   0.001173   0.020968  -0.543881   0.515854
  0.221635   0.001175   0.021176  -0.543866   0.515271
  0.222810   0.001177   0.021384  -0.543852   0.514686
  0.223988   0.001179   0.021592  -0.543837   0.514098
  0.225168   0.001181   0.021801  -0.543823   0.513508
  0.226350   0.001183   0.022010  -0.543808   0.512915
  0.227534   0.001185   0.022219  -0.543793   0.512319
  0.228720   0.001187   0.022429  -0.543778   0.511721
  0.229908   0.001189   0.022639  -0.543762   0.511121
  0.231099   0.001191   0.022850  -0.543747   0.510518
  0.232291   0.001194   0.023061  -0.543731   0.509912
  0.233486   0.001196   0.023272  -0.543716   0.509304
  0.234683   0.001198   0.023484  -0.543700   0.508694
  0.235882   0.001200   0.023696  -0.543684   0.508080
  0.237083   0.001202   0.023908  -0.543668   0.507465
  0.238287   0.001205   0.024121  -0.543652   0.506847
  0.239493   0.001207   0.024334  -0.543635   0.506226
  0.240701   0.001209   0.024548  -0.543619   0.505603
  0.241911   0.001212   0.024762  -0.543602   0.504977
  0.243124   0.001214   0.024977  -0.543586   0.504349
  0.244339   0.001216   0.025192  -0.543569   0.503718
  0.245556   0.001219   0.025407  -0.543552   0.503084
  0.246776   0.001221   0.025623  -0.543535   0.502448
  0.247998   0.001223   0.025839  -0.543517   0.501810
  0.249223   0.001226   0.026055  -0.543500   0.501169
  0.250450   0.001228   0.026272  -0.543482   0.500525
  0.251679   0.001230   0.026490  -0.543464   0.499879
  0.252911   0.001233   0.026708  -0.543446   0.499231
  0.254145   0.001235   0.026926  -0.543428   0.498580
  0.255381   0.001238   0.027145  -0.543410   0.497926
  0.256620   0.001240   0.027364  -0.543392   0.497270
  0.257862   0.001243   0.027583  -0.543373   0.496611
  0.259106   0.001245   0.027803  -0.543355   0.495950
  0.260353   0.001248   0.028024  -0.543336   0.495286
  0.261602   0.001250   0.028245  -0.543317   0.494620
  0.262854   0.001253   0.028466  -0.543298   0.493951
  0.264108   0.001256   0.028688  -0.543278   0.493279
  0.265365   0.001258   0.028910  -0.543259   0.492605
  0.266625   0.001261   0.029133  -0.543239   0.491929
  0.267887   0.001264   0.029356  -0.543219   0.491250
  0.269152   0.001266   0.029580  -0.543199   0.490568
  0.270419   0.001269   0.029804  -0.543179   0.489884
  0.271690   0.001272   0.030029  -0.543159   0.489197
  0.272963   0.001274   0.030254  -0.543139   0.488508
  0.274238   0.001277   0.030480  -0.543118   0.487816
  0.275517   0.001280   0.030706  -0.543097   0.487122
  0.276798   0.001283   0.030932  -0.543076   0.486425
  0.278082   0.001285   0.031160  -0.543055   0.485725
  0.279369   0.001288   0.031387  -0.543034   0.485023
  0.280659   0.001291   0.031615  -0.543013   0.484319
  0.281951   0.001294   0.031844  -0.542991   0.483612
  0.283247   0.001297   0.032073  -0.542969   0.482902
  0.284545   0.001300   0.032302  -0.542947   0.482190
  0.285846   0.001303   0.032533  -0.542925   0.481475
  0.287150   0.001306   0.032763  -0.542903   0.480758
  0.288457   0.001309   0.032994  -0.542880   0.480038
  0.289767   0.001311   0.033226  -0.542858   0.479316
  0.291080   0.001314   0.033458  -0.542835   0.478591
  0.292396   0.001317   0.033691  -0.542812   0.477863
  0.293715   0.001321   0.033924  -0.542788   0.477133
  0.295037   0.001324   0.034158  -0.542765   0.476400
  0.296362   0.001327   0.034392  -0.542741   0.475665
  0.297690   0.001330   0.034627  -0.542718   0.474928
  0.299022   0.001333   0.034863  -0.542694   0.474187
  0.300356   0.001336   0.035099  -0.542669   0.473445
  0.301694   0.001339   0.035335  -0.542645   0.472699
  0.303034   0.001342   0.035572  -0.542620   0.471951
  0.304378   0.001346   0.035810  -0.542596   0.471201
  0.305726   0.001349   0.036048  -0.542571   0.470448
  0.307076   0.001352   0.036287  -0.542546   0.469692
  0.308430   0.001355   0.036526  -0.542520   0.468934
  0.309787   0.001359   0.036766  -0.542495   0.468173
  0.311147   0.001362   0.037007  -0.542469   0.467410
  0.312511   0.001365   0.037248  -0.542443   0.466644
  0.313877   0.001369   0.037489  -0.542417   0.465876
  0.315248   0.001372   0.037732  -0.542391   0.465105
  0.316622   0.001375   0.037975  -0.542364   0.464332
  0.317999   0.001379   0.038218  -0.542337   0.463556
  0.319379   0.001382   0.038462  -0.542310   0.462777
  0.320763   0.001386   0.038707  -0.542283   0.461996
  0.322151   0.001389   0.038952  -0.542256   0.461212
  0.323542   0.001393   0.039198  -0.542228   0.460426
  0.324936   0.001396   0.039445  -0.542200   0.459637
  0.326335   0.001400   0.039692  -0.542172   0.458846
  0.327736   0.001404   0.039940  -0.542144   0.458052
  0.329142   0.001407   0.040188  -0.542115   0.457256
  0.330551   0.001411   0.040437  -0.542086   0.456457
  0.331963   0.001415   0.040687  -0.542057   0.455655
  0.333380   0.001418   0.040937  -0.542028   0.454851
  0.334800   0.001422   0.041188  -0.541999   0.454045
  0.336224   0.001426   0.041440  -0.541969   0.453236
  0.337651   0.001429   0.041692  -0.541939   0.452424
  0.339083   0.001433   0.041945  -0.541909   0.451610
  0.340518   0.001437   0.042199  -0.541879   0.450793
  0.341957   0.001441   0.042453  -0.541848   0.449974
  0.343400   0.001445   0.042709  -0.541817   0.449152
  0.344846   0.001449   0.042964  -0.541786   0.448327
  0.346297   0.001453   0.043221  -0.541755   0.447500
  0.347752   0.001457   0.043478  -0.541723   0.446671
  0.349210   0.001461   0.043736  -0.541691   0.445839
  0.350673   0.001465   0.043994  -0.541659   0.445004
  0.352140   0.001469   0.044253  -0.541627   0.444167
  0.353610   0.001473   0.044513  -0.541594   0.443328
  0.355085   0.001477   0.044774  -0.541561   0.442486
  0.356564   0.001481   0.045035  -0.541528   0.441641
  0.358047   0.001485   0.045297  -0.541495   0.440794
  0.359535   0.001489   0.045560  -0.541461   0.439944
  0.361026   0.001494   0.045824  -0.541427   0.439092
  0.362522   0.001498   0.046088  -0.541393   0.438237
  0.364022   0.001502   0.046353  -0.541359   0.437379
  0.365526   0.001506   0.046619  -0.541324   0.436519
  0.367035   0.001511   0.046886  -0.541289   0.435657
  0.368548   0.001515   0.047153  -0.541254   0.434792
  0.370065   0.001520   0.047421  -0.541218   0.433925
  0.371587   0.001524   0.047690  -0.541182   0.433055
  0.373113   0.001528   0.047960  -0.541146   0.432182
  0.374644   0.001533   0.048230  -0.541110   0.431307
  0.376179   0.001537   0.048501  -0.541073   0.430430
  0.377719   0.001542   0.048774  -0.541036   0.429550
  0.379263   0.001547   0.049046  -0.540999   0.428667
  0.380812   0.001551   0.049320  -0.540961   0.427782
  0.382365   0.001556   0.049595  -0.540924   0.426894
  0.383924   0.001561   0.049870  -0.540885   0.426004
  0.385486   0.001565   0.050146  -0.540847   0.425112
  0.387054   0.001570   0.050423  -0.540808   0.424217
  0.388627   0.001575   0.050701  -0.540769   0.423319
  0.390204   0.001580   0.050979  -0.540730   0.422419
  0.391786   0.001585   0.051259  -0.540690   0.421516
  0.393373   0.001589   0.051539  -0.540650   0.420611
  0.394965   0.001594   0.051820  -0.540609   0.419704
  0.396562   0.001599   0.052102  -0.540569   0.418794
  0.398163   0.001604   0.052385  -0.540528   0.417881
  0.399770   0.001609   0.052669  -0.540486   0.416966
  0.401382   0.001614   0.052954  -0.540445   0.416048
  0.402999   0.001620   0.053239  -0.540403   0.415128
  0.404621   0.001625   0.053526  -0.540360   0.414206
  0.406248   0.001630   0.053813  -0.540318   0.413281
  0.407881   0.001635   0.054101  -0.540275   0.412353
  0.409519   0.001640   0.054391  -0.540231   0.411424
  0.411162   0.001646   0.054681  -0.540188   0.410491
  0.412810   0.001651   0.054972  -0.540144   0.409556
  0.414463   0.001656   0.055264  -0.540099   0.408619
  0.416123   0.001662   0.055557  -0.540054   0.407679
  0.417787   0.001667   0.055851  -0.540009   0.406737
  0.419457   0.001673   0.056145  -0.539964   0.405792
  0.421132   0.001678   0.056441  -0.539918   0.404845
  0.422813   0.001684   0.056738  -0.539871   0.403896
  0.424500   0.001689   0.057036  -0.539825   0.402944
  0.426192   0.001695   0.057334  -0.539778   0.401989
  0.427890   0.001701   0.057634  -0.539730   0.401032
  0.429594   0.001706   0.057935  -0.539683   0.400073
  0.431303   0.001712   0.058237  -0.539634   0.399111
  0.433018   0.001718   0.058539  -0.539586   0.398147
  0.434739   0.001724   0.058843  -0.539537   0.397180
  0.436466   0.001730   0.059148  -0.539488   0.396211
  0.438199   0.001736   0.059454  -0.539438   0.395240
  0.439938   0.001742   0.059761  -0.539388   0.394266
  0.441682   0.001748   0.060069  -0.539337   0.393290
  0.443433   0.001754   0.060378  -0.539286   0.392311
  0.445190   0.001760   0.060688  -0.539234   0.391330
  0.446953   0.001766   0.060999  -0.539183   0.390346
  0.448723   0.001772   0.061311  -0.539130   0.389361
  0.450498   0.001779   0.061624  -0.539078   0.388372
  0.452280   0.001785   0.061938  -0.539024   0.387382
  0.454069   0.001791   0.062254  -0.538971   0.386389
  0.455863   0.001798   0.062571  -0.538917   0.385393
  0.457664   0.001804   0.062888  -0.538862   0.384396
  0.459472   0.001811   0.063207  -0.538807   0.383395
  0.461286   0.001817   0.063527  -0.538752   0.382393
  0.463106   0.001824   0.063848  -0.538696   0.381388
  0.464934   0.001831   0.064171  -0.538640   0.380381
  0.466768   0.001837   0.064494  -0.538583   0.379371
  0.468608   0.001844   0.064819  -0.538526   0.378359
  0.470456   0.001851   0.065144  -0.538468   0.377345
  0.472310   0.001858   0.065471  -0.538409   0.376329
  0.474171   0.001865   0.065800  -0.538351   0.375310
  0.476040   0.001872   0.066129  -0.538291   0.374289
  0.477915   0.001879   0.066460  -0.538232   0.373265
  0.479797   0.001886   0.066791  -0.538171   0.372239
  0.481686   0.001893   0.067124  -0.538111   0.371211
  0.483583   0.001900   0.067459  -0.538049   0.370181
  0.485486   0.001907   0.067794  -0.537988   0.369148
  0.487397   0.001915   0.068131  -0.537925   0.368113
  0.489316   0.001922   0.068469  -0.537862   0.367076
  0.491241   0.001929   0.068809  -0.537799   0.366036
  0.493175   0.001937   0.069149  -0.537735   0.364994
  0.495115   0.001944   0.069491  -0.537670   0.363950
  0.497063   0.001952   0.069835  -0.537605   0.362904
  0.499019   0.001960   0.070179  -0.537540   0.361855
  0.500983   0.001967   0.070525  -0.537474   0.360804
  0.502954   0.001975   0.070872  -0.537407   0.359751
  0.504933   0.001983   0.071221  -0.537339   0.358696
  0.506920   0.001991   0.071571  -0.537272   0.357638
  0.508915   0.001999   0.071922  -0.537203   0.356579
  0.510918   0.002007   0.072275  -0.537134   0.355517
  0.512928   0.002015   0.072629  -0.537064   0.354452
  0.514947   0.002023   0.072985  -0.536994   0.353386
  0.516975   0.002031   0.073342  -0.536923   0.352317
  0.519010   0.002040   0.073700  -0.536851   0.351247
  0.521054   0.002048   0.074060  -0.536779   0.350174
  0.523106   0.002056   0.074421  -0.536706   0.349099
  0.525166   0.002065   0.074784  -0.536633   0.348021
  0.527236   0.002073   0.075148  -0.536559   0.346942
  0.529313   0.002082   0.075514  -0.536484   0.345860
  0.531400   0.002091   0.075881  -0.536408   0.344777
  0.533495   0.002099   0.076250  -0.536332   0.343691
  0.535598   0.002108   0.076620  -0.536256   0.342603
  0.537711   0.002117   0.076992  -0.536178   0.341513
  0.539833   0.002126   0.077365  -0.536100   0.340421
  0.541963   0.002135   0.077740  -0.536021   0.339326
  0.544103   0.002144   0.078116  -0.535941   0.338230
  0.546252   0.002154   0.078494  -0.535861   0.337132
  0.548410   0.002163   0.078874  -0.535780   0.336031
  0.550578   0.002172   0.079255  -0.535698   0.334929
  0.552755   0.002182   0.079638  -0.535616   0.333824
  0.554941   0.002191   0.080022  -0.535533   0.332717
  0.557137   0.002201   0.080408  -0.535449   0.331609
  0.559342   0.002210   0.080796  -0.535364   0.330498
  0.561558   0.002220   0.081185  -0.535278   0.329385
  0.563783   0.002230   0.081577  -0.535192   0.328270
  0.566018   0.002240   0.081969  -0.535105   0.327154
  0.568262   0.002250   0.082364  -0.535017   0.326035
  0.570517   0.002260   0.082760  -0.534928   0.324914
  0.572782   0.002270   0.083158  -0.534839   0.323791
  0.575058   0.002280   0.083558  -0.534748   0.322667
  0.577343   0.002291   0.083959  -0.534657   0.321540
  0.579639   0.002301   0.084362  -0.534565   0.320412
  0.581945   0.002312   0.084767  -0.534472   0.319281
  0.584262   0.002322   0.085174  -0.534378   0.318149
  0.586590   0.002333   0.085583  -0.534284   0.317014
  0.588928   0.002344   0.085994  -0.534188   0.315878
  0.591278   0.002355   0.086406  -0.534092   0.314740
  0.593638   0.002366   0.086820  -0.533994   0.313600
  0.596009   0.002377   0.087236  -0.533896   0.312458
  0.598391   0.002388   0.087654  -0.533797   0.311315
  0.600785   0.002399   0.088074  -0.533696   0.310169
  0.603190   0.002411   0.088496  -0.533595   0.309022
  0.605606   0.002422   0.088920  -0.533493   0.307873
  0.608034   0.002434   0.089346  -0.533390   0.306722
  0.610473   0.002445   0.089774  -0.533286   0.305569
  0.612924   0.002457   0.090203  -0.533181   0.304414
  0.615387   0.002469   0.090635  -0.533075   0.303258
  0.617862   0.002481   0.091069  -0.532968   0.302100
  0.620349   0.002493   0.091505  -0.532860   0.300940
  0.622848   0.002505   0.091943  -0.532751   0.299779
  0.625359   0.002517   0.092383  -0.532640   0.298615
  0.627883   0.002530   0.092825  -0.532529   0.297450
  0.630419   0.002542   0.093269  -0.532417   0.296284
  0.632968   0.002555   0.093716  -0.532303   0.295115
  0.635529   0.002568   0.094164  -0.532189   0.293945
  0.638104   0.002581   0.094615  -0.532073   0.292774
  0.640691   0.002594   0.095068  -0.531956   0.291600
  0.643291   0.002607   0.095523  -0.531838   0.290425
  0.645905   0.002620   0.095980  -0.531719   0.289249
  0.648531   0.002633   0.096440  -0.531598   0.288070
  0.651171   0.002647   0.096902  -0.531477   0.286891
  0.653825   0.002660   0.097366  -0.531354   0.285709
  0.656492   0.002674   0.097833  -0.531230   0.284526
  0.659174   0.002688   0.098301  -0.531105   0.283342
  0.661869   0.002702   0.098773  -0.530978   0.282156
  0.664578   0.002716   0.099246  -0.530850   0.280968
  0.667301   0.002730   0.099722  -0.530721   0.279779
  0.670039   0.002745   0.100200  -0.530591   0.278589
  0.672791   0.002759   0.100681  -0.530459   0.277397
  0.675557   0.002774   0.101164  -0.530326   0.276203
  0.678338   0.002789   0.101650  -0.530191   0.275009
  0.681135   0.002804   0.102138  -0.530055   0.273812
  0.683946   0.002819   0.102629  -0.529918   0.272614
  0.686772   0.002834   0.103122  -0.529779   0.271415
  0.689614   0.002849   0.103618  -0.529639   0.270215
  0.692471   0.002865   0.104116  -0.529497   0.269013
  0.695343   0.002880   0.104617  -0.529354   0.267810
  0.698232   0.002896   0.105121  -0.529210   0.266605
  0.701136   0.002912   0.105627  -0.529064   0.265399
  0.704056   0.002928   0.106136  -0.528916   0.264192
  0.706993   0.002945   0.106648  -0.528767   0.262984
  0.709945   0.002961   0.107163  -0.528616   0.261774
  0.712915   0.002978   0.107680  -0.528464   0.260563
  0.715901   0.002994   0.108200  -0.528310   0.259351
  0.718904   0.003011   0.108722  -0.528154   0.258138
  0.721923   0.003028   0.109248  -0.527997   0.256923
  0.724960   0.003046   0.109776  -0.527838   0.255707
  0.728015   0.003063   0.110308  -0.527677   0.254490
  0.731087   0.003081   0.110842  -0.527515   0.253272
  0.734176   0.003098   0.111379  -0.527350   0.252053
  0.737284   0.003116   0.111919  -0.527184   0.250833
  0.740409   0.003135   0.112462  -0.527017   0.249611
  0.743553   0.003153   0.113009  -0.526847   0.248389
  0.746715   0.003171   0.113558  -0.526675   0.247165
  0.749896   0.003190   0.114110  -0.526502   0.245941
  0.753095   0.003209   0.114665  -0.526327   0.244715
  0.756314   0.003228   0.115224  -0.526150   0.243489
  0.759551   0.003247   0.115786  -0.525970   0.242261
  0.762808   0.003267   0.116350  -0.525789   0.241033
  0.766085   0.003286   0.116918  -0.525606   0.239803
  0.769381   0.003306   0.117490  -0.525421   0.238573
  0.772698   0.003326   0.118064  -0.525233   0.237342
  0.776034   0.003347   0.118642  -0.525044   0.236110
  0.779391   0.003367   0.119223  -0.524852   0.234877
  0.782769   0.003388   0.119808  -0.524658   0.233643
  0.786167   0.003409   0.120396  -0.524462   0.232408
  0.789586   0.003430   0.120987  -0.524264   0.231173
  0.793027   0.003451   0.121582  -0.524063   0.229937
  0.796489   0.003473   0.122180  -0.523861   0.228700
  0.799973   0.003495   0.122782  -0.523655   0.227462
  0.803479   0.003517   0.123388  -0.523448   0.226224
  0.807007   0.003539   0.123997  -0.523238   0.224985
  0.810558   0.003562   0.124610  -0.523025   0.223745
  0.814131   0.003585   0.125226  -0.522811   0.222505
  0.817727   0.003608   0.125846  -0.522593   0.221264
  0.821346   0.003631   0.126470  -0.522373   0.220022
  0.824989   0.003654   0.127097  -0.522150   0.218780
  0.828655   0.003678   0.127729  -0.521925   0.217537
  0.832345   0.003702   0.128364  -0.521697   0.216294
  0.836060   0.003727   0.129003  -0.521467   0.215050
  0.839799   0.003751   0.129646  -0.521233   0.213806
  0.843563   0.003776   0.130293  -0.520997   0.212561
  0.847351   0.003801   0.130944  -0.520758   0.211316
  0.851165   0.003827   0.131599  -0.520516   0.210071
  0.855005   0.003853   0.132258  -0.520271   0.208825
  0.858871   0.003879   0.132922  -0.520023   0.207579
  0.862762   0.003905   0.133589  -0.519772   0.206332
  0.866680   0.003931   0.134260  -0.519518   0.205085
  0.870625   0.003958   0.134936  -0.519261   0.203838
  0.874597   0.003986   0.135616  -0.519001   0.202590
  0.878596   0.004013   0.136301  -0.518737   0.201342
  0.882623   0.004041   0.136989  -0.518471   0.200094
  0.886679   0.004069   0.137683  -0.518200   0.198846
  0.890762   0.004098   0.138380  -0.517927   0.197598
  0.894874   0.004126   0.139082  -0.517650   0.196349
  0.899015   0.004156   0.139789  -0.517369   0.195101
  0.903185   0.004185   0.140500  -0.517085   0.193852
  0.907385   0.004215   0.141216  -0.516798   0.192603
  0.911616   0.004245   0.141936  -0.516506   0.191355
  0.915876   0.004276   0.142661  -0.516211   0.190106
  0.920167   0.004307   0.143391  -0.515912   0.188857
  0.924490   0.004338   0.144126  -0.515610   0.187608
  0.928844   0.004370   0.144866  -0.515303   0.186360
  0.933229   0.004402   0.145610  -0.514992   0.185111
  0.937647   0.004434   0.146360  -0.514678   0.183863
  0.942098   0.004467   0.147114  -0.514359   0.182614
  0.946582   0.004500   0.147874  -0.514036   0.181366
  0.951099   0.004534   0.148638  -0.513708   0.180118
  0.955650   0.004568   0.149408  -0.513377   0.178870
  0.960235   0.004603   0.150183  -0.513041   0.177623
  0.964855   0.004638   0.150963  -0.512700   0.176376
  0.969511   0.004673   0.151748  -0.512355   0.175129
  0.974201   0.004709   0.152539  -0.512005   0.173883
  0.978928   0.004745   0.153335  -0.511651   0.172636
  0.983692   0.004782   0.154137  -0.511291   0.171391
  0.988492   0.004819   0.154944  -0.510927   0.170145
  0.993329   0.004857   0.155757  -0.510558   0.168901
  0.998205   0.004895   0.156575  -0.510184   0.167656
  1.003119   0.004933   0.157399  -0.509804   0.166412
  1.008072   0.004972   0.158229  -0.509420   0.165169
  1.013064   0.005012   0.159065  -0.509030   0.163926
  1.018096   0.005052   0.159906  -0.508634   0.162684
  1.023168   0.005093   0.160753  -0.508233   0.161443
  1.028282   0.005134   0.161607  -0.507827   0.160202
  1.033437   0.005176   0.162466  -0.507414   0.158962
  1.038633   0.005218   0.163331  -0.506996   0.157723
  1.043873   0.005261   0.164203  -0.506572   0.156484
  1.049155   0.005304   0.165080  -0.506142   0.155247
  1.054482   0.005348   0.165964  -0.505705   0.154010
  1.059852   0.005393   0.166854  -0.505263   0.152774
  1.065268   0.005438   0.167751  -0.504814   0.151538
  1.070728   0.005484   0.168654  -0.504358   0.150304
  1.076236   0.005530   0.169563  -0.503896   0.149071
  1.081789   0.005577   0.170480  -0.503427   0.147838
  1.087390   0.005625   0.171402  -0.502951   0.146607
  1.093040   0.005673   0.172331  -0.502468   0.145377
  1.098738   0.005723   0.173268  -0.501978   0.144148
  1.104485   0.005772   0.174210  -0.501480   0.142920
  1.110282   0.005823   0.175160  -0.500975   0.141693
  1.116130   0.005874   0.176117  -0.500463   0.140467
  1.122030   0.005926   0.177081  -0.499943   0.139243
  1.127982   0.005978   0.178051  -0.499415   0.138020
  1.133987   0.006032   0.179029  -0.498879   0.136798
  1.140045   0.006086   0.180014  -0.498335   0.135577
  1.146158   0.006141   0.181006  -0.497782   0.134358
  1.152327   0.006196   0.182006  -0.497221   0.133140
  1.158551   0.006253   0.183013  -0.496652   0.131924
  1.164832   0.006310   0.184027  -0.496073   0.130709
  1.171172   0.006368   0.185049  -0.495486   0.129495
  1.177569   0.006427   0.186079  -0.494889   0.128283
  1.184026   0.006487   0.187116  -0.494283   0.127073
  1.190544   0.006548   0.188161  -0.493667   0.125864
  1.197122   0.006610   0.189213  -0.493042   0.124657
  1.203763   0.006672   0.190274  -0.492406   0.123452
  1.210467   0.006736   0.191342  -0.491761   0.122248
  1.217235   0.006800   0.192418  -0.491105   0.121047
  1.224068   0.006866   0.193502  -0.490439   0.119847
  1.230966   0.006932   0.194595  -0.489761   0.118648
  1.237932   0.007000   0.195695  -0.489073   0.117452
  1.244966   0.007068   0.196804  -0.488374   0.116258
  1.252069   0.007138   0.197921  -0.487663   0.115065
  1.259243   0.007209   0.199046  -0.486940   0.113875
  1.266487   0.007281   0.200180  -0.486206   0.112686
  1.273804   0.007354   0.201322  -0.485459   0.111500
  1.281195   0.007428   0.202472  -0.484700   0.110316
  1.288660   0.007503   0.203631  -0.483928   0.109133
  1.296201   0.007580   0.204799  -0.483143   0.107954
  1.303820   0.007657   0.205975  -0.482345   0.106776
  1.311517   0.007736   0.207161  -0.481533   0.105601
  1.319293   0.007817   0.208354  -0.480708   0.104428
  1.327151   0.007898   0.209557  -0.479868   0.103257
  1.335091   0.007981   0.210769  -0.479015   0.102089
  1.343114   0.008066   0.211989  -0.478146   0.100923
  1.351223   0.008152   0.213218  -0.477262   0.099760
  1.359418   0.008239   0.214457  -0.476363   0.098599
  1.367701   0.008328   0.215704  -0.475448   0.097441
  1.376074   0.008418   0.216960  -0.474518   0.096285
  1.384537   0.008510   0.218226  -0.473571   0.095132
  1.393093   0.008603   0.219500  -0.472607   0.093982
  1.401744   0.008698   0.220784  -0.471626   0.092835
  1.410490   0.008794   0.222077  -0.470628   0.091691
  1.419333   0.008893   0.223379  -0.469611   0.090549
  1.428275   0.008993   0.224690  -0.468577   0.089410
  1.437319   0.009094   0.226010  -0.467524   0.088275
  1.446465   0.009198   0.227340  -0.466452   0.087142
  1.455716   0.009303   0.228679  -0.465360   0.086012
  1.465073   0.009411   0.230027  -0.464248   0.084886
  1.474538   0.009520   0.231384  -0.463116   0.083763
  1.484113   0.009631   0.232750  -0.461964   0.082643
  1.493801   0.009745   0.234125  -0.460790   0.081526
  1.503603   0.009860   0.235510  -0.459594   0.080412
  1.513522   0.009977   0.236903  -0.458376   0.079302
  1.523559   0.010097   0.238306  -0.457135   0.078196
  1.533717   0.010219   0.239718  -0.455872   0.077093
  1.543998   0.010343   0.241138  -0.454584   0.075994
  1.554405   0.010470   0.242567  -0.453272   0.074898
  1.564939   0.010599   0.244005  -0.451935   0.073806
  1.575604   0.010731   0.245452  -0.450573   0.072717
  1.586401   0.010865   0.246907  -0.449185   0.071633
  1.597334   0.011001   0.248371  -0.447770   0.070552
  1.608405   0.011141   0.249843  -0.446328   0.069476
  1.619616   0.011283   0.251324  -0.444859   0.068403
  1.630971   0.011428   0.252812  -0.443361   0.067335
  1.642473   0.011576   0.254308  -0.441834   0.066270
  1.654124   0.011726   0.255812  -0.440277   0.065210
  1.665927   0.011880   0.257323  -0.438690   0.064154
  1.677885   0.012037   0.258842  -0.437072   0.063103
  1.690003   0.012198   0.260368  -0.435422   0.062056
  1.702282   0.012361   0.261901  -0.433740   0.061014
  1.714726   0.012528   0.263440  -0.432024   0.059976
  1.727339   0.012699   0.264986  -0.430275   0.058943
  1.740125   0.012873   0.266537  -0.428491   0.057915
  1.753086   0.013051   0.268095  -0.426671   0.056891
  1.766227   0.013232   0.269657  -0.424815   0.055873
  1.779552   0.013418   0.271225  -0.422922   0.054859
  1.793064   0.013607   0.272797  -0.420992   0.053851
  1.806768   0.013801   0.274374  -0.419022   0.052848
  1.820668   0.013999   0.275954  -0.417013   0.051851
  1.834768   0.014201   0.277537  -0.414964   0.050858
  1.849072   0.014408   0.279123  -0.412873   0.049872
  1.863586   0.014620   0.280712  -0.410740   0.048890
  1.878314   0.014836   0.282302  -0.408564   0.047915
  1.893261   0.015058   0.283893  -0.406344   0.046946
  1.908431   0.015284   0.285484  -0.404079   0.045982
  1.923831   0.015516   0.287075  -0.401769   0.045024
  1.939465   0.015753   0.288665  -0.399411   0.044073
  1.955339   0.015996   0.290254  -0.397005   0.043128
  1.971459   0.016245   0.291839  -0.394551   0.042190
  1.987830   0.016499   0.293422  -0.392047   0.041257
  2.004459   0.016760   0.295000  -0.389492   0.040332
  2.021352   0.017027   0.296573  -0.386885   0.039414
  2.038515   0.017301   0.298139  -0.384226   0.038502
  2.055955   0.017581   0.299698  -0.381512   0.037597
  2.073680   0.017868   0.301249  -0.378744   0.036700
  2.091695   0.018163   0.302791  -0.375920   0.035810
  2.110008   0.018465   0.304321  -0.373038   0.034928
  2.128628   0.018775   0.305840  -0.370099   0.034053
  2.147561   0.019093   0.307345  -0.367101   0.033186
  2.166817   0.019419   0.308836  -0.364043   0.032327
  2.186403   0.019754   0.310310  -0.360924   0.031476
  2.206328   0.020098   0.311766  -0.357742   0.030633
  2.226602   0.020451   0.313203  -0.354498   0.029799
  2.247233   0.020813   0.314619  -0.351190   0.028973
  2.268231   0.021186   0.316012  -0.347816   0.028156
  2.289607   0.021568   0.317380  -0.344377   0.027348
  2.311371   0.021961   0.318722  -0.340871   0.026549
  2.333534   0.022366   0.320035  -0.337297   0.025760
  2.356107   0.022781   0.321317  -0.333655   0.024980
  2.379101   0.023209   0.322567  -0.329943   0.024209
  2.402529   0.023649   0.323781  -0.326161   0.023449
  2.426403   0.024102   0.324957  -0.322309   0.022698
  2.450736   0.024568   0.326094  -0.318384   0.021958
  2.475543   0.025048   0.327188  -0.314388   0.021228
  2.500836   0.025542   0.328237  -0.310319   0.020508
  2.526632   0.026051   0.329238  -0.306176   0.019800
  2.552944   0.026576   0.330188  -0.301960   0.019102
  2.579789   0.027117   0.331085  -0.297671   0.018415
  2.607184   0.027675   0.331925  -0.293306   0.017740
  2.635145   0.028251   0.332705  -0.288868   0.017076
  2.663691   0.028845   0.333422  -0.284355   0.016424
  2.692841   0.029458   0.334073  -0.279768   0.015784
  2.722614   0.030091   0.334654  -0.275107   0.015156
  2.753030   0.030745   0.335162  -0.270372   0.014540
  2.784111   0.031421   0.335593  -0.265564   0.013936
  2.815879   0.032120   0.335943  -0.260683   0.013345
  2.848358   0.032842   0.336210  -0.255730   0.012766
  2.881572   0.033589   0.336388  -0.250705   0.012201
  2.915545   0.034363   0.336475  -0.245611   0.011648
  2.950306   0.035163   0.336465  -0.240448   0.011108
  2.985882   0.035993   0.336356  -0.235217   0.010582
  3.022302   0.036852   0.336142  -0.229921   0.010069
  3.059597   0.037743   0.335820  -0.224561   0.009570
  3.097799   0.038667   0.335386  -0.219139   0.009084
  3.136941   0.039625   0.334835  -0.213657   0.008612
  3.177060   0.040620   0.334163  -0.208119   0.008153
  3.218193   0.041653   0.333365  -0.202526   0.007708
  3.260379   0.042726   0.332438  -0.196881   0.007277
  3.303659   0.043842   0.331376  -0.191189   0.006860
  3.348077   0.045002   0.330176  -0.185453   0.006457
  3.393679   0.046209   0.328834  -0.179675   0.006068
  3.440512   0.047466   0.327344  -0.173862   0.005692
  3.488628   0.048775   0.325703  -0.168016   0.005331
  3.538081   0.050140   0.323906  -0.162144   0.004983
  3.588928   0.051563   0.321949  -0.156249   0.004649
  3.641228   0.053048   0.319829  -0.150338   0.004329
  3.695045   0.054598   0.317540  -0.144417   0.004022
  3.750448   0.056218   0.315080  -0.138491   0.003729
  3.807506   0.057912   0.312444  -0.132568   0.003450
  3.866297   0.059683   0.309629  -0.126655   0.003183
  3.926901   0.061538   0.306633  -0.120760   0.002930
  3.989403   0.063481   0.303450  -0.114890   0.002689
  4.053894   0.065518   0.300080  -0.109054   0.002461
  4.120472   0.067655   0.296519  -0.103261   0.002246
  4.189241   0.069899   0.292766  -0.097521   0.002043
  4.260309   0.072258   0.288819  -0.091845   0.001853
  4.333796   0.074738   0.284678  -0.086244   0.001674
  4.409828   0.077348   0.280341  -0.080727   0.001506
  4.488540   0.080099   0.275811  -0.075309   0.001350
  4.570076   0.082999   0.271087  -0.070001   0.001205
  4.654592   0.086061   0.266174  -0.064816   0.001071
  4.742255   0.089296   0.261075  -0.059768   0.000947
  4.833246   0.092717   0.255795  -0.054870   0.000833
  4.927757   0.096340   0.250340  -0.050137   0.000729
  5.025998   0.100180   0.244720  -0.045581   0.000635
  5.128195   0.104255   0.238944  -0.041218   0.000549
  5.234593   0.108585   0.233024  -0.037059   0.000472
  5.345458   0.113191   0.226975  -0.033117   0.000402
  5.461076   0.118098   0.220811  -0.029403   0.000341
  5.581762   0.123331   0.214550  -0.025926   0.000286
  5.707858   0.128922   0.208212  -0.022694   0.000239
  5.839735   0.134902   0.201816  -0.019712   0.000197
  5.977804   0.141309   0.195383  -0.016982   0.000162
  6.122510   0.148186   0.188937  -0.014505   0.000131
  6.274347   0.155577   0.182497  -0.012278   0.000105
  6.433854   0.163538   0.176086  -0.010294   0.000084
  6.601631   0.172126   0.169723  -0.008544   0.000066
  6.778338   0.181411   0.163428  -0.007017   0.000051
  6.964710   0.191469   0.157217  -0.005700   0.000039
  7.161564   0.202389   0.151104  -0.004577   0.000030
  7.369810   0.214273   0.145100  -0.003630   0.000022
  7.590469   0.227236   0.139215  -0.002842   0.000016
  7.824687   0.241415   0.133455  -0.002194   0.000012
