 #normalor:  0.530159004090195     
  0.000000000000000E+000  0.530766116269964       1.402496720352586E-002
  1.402496720352586E-002  0.531112327619348       1.402496720352586E-002
  2.804993440705172E-002  0.531406498476667       1.402496720352586E-002
  4.207490161057759E-002  0.531648542141395       1.402496720352586E-002
  5.609986881410345E-002  0.531838387252353       1.402496720352586E-002
  7.012483601762931E-002  0.531975977822776       1.402496720352586E-002
  8.414980322115517E-002  0.532061273267829       1.402496720352586E-002
  9.817477042468103E-002  0.532094248424559       1.402496720352586E-002
  0.112199737628207       0.532074893564266       1.402496720352586E-002
  0.126224704831733       0.532003214397285       1.402496720352586E-002
  0.140249672035259       0.531879232070182       1.402496720352586E-002
  0.154274639238784       0.531702983155355       1.402496720352586E-002
  0.168299606442310       0.531474519633053       1.402496720352586E-002
  0.182324573645836       0.531193908865829       1.402496720352586E-002
  0.196349540849362       0.530861233565434       1.402496720352586E-002
  0.210374508052888       0.530476591752190       1.402496720352586E-002
  0.224399475256414       0.530040096706853       1.402496720352586E-002
  0.238424442459940       0.529551876915014       1.402496720352586E-002
  0.252449409663466       0.529012076004064       1.402496720352586E-002
  0.266474376866991       0.528420852672776       1.402496720352586E-002
  0.280499344070517       0.527778380613547       1.402496720352586E-002
  0.294524311274043       0.527084848427353       1.402496720352586E-002
  0.308549278477569       0.526340459531483       1.402496720352586E-002
  0.322574245681095       0.525545432060095       1.402496720352586E-002
  0.336599212884621       0.524699998757697       1.402496720352586E-002
  0.350624180088147       0.523804406865585       1.402496720352586E-002
  0.364649147291672       0.522858918001345       1.402496720352586E-002
  0.378674114495198       0.521863808031496       1.402496720352586E-002
  0.392699081698724       0.520819366937345       1.402496720352586E-002
  0.406724048902250       0.519725898674167       1.402496720352586E-002
  0.420749016105776       0.518583721023788       1.402496720352586E-002
  0.434773983309302       0.517393165440685       1.402496720352586E-002
  0.448798950512828       0.516154576891700       1.402496720352586E-002
  0.462823917716353       0.514868313689468       1.402496720352586E-002
  0.476848884919879       0.513534747319699       1.402496720352586E-002
  0.490873852123405       0.512154262262394       1.402496720352586E-002
  0.504898819326931       0.510727255807146       1.402496720352586E-002
  0.518923786530457       0.509254137862634       1.402496720352586E-002
  0.532948753733983       0.507735330760442       1.402496720352586E-002
  0.546973720937509       0.506171269053336       1.402496720352586E-002
  0.560998688141034       0.504562399308133       1.402496720352586E-002
  0.575023655344560       0.502909179893292       1.402496720352586E-002
  0.589048622548086       0.501212080761388       1.402496720352586E-002
  0.603073589751612       0.499471583226593       1.402496720352586E-002
  0.617098556955138       0.497688179737320       1.402496720352586E-002
  0.631123524158664       0.495862373644184       1.402496720352586E-002
  0.645148491362190       0.493994678963424       1.402496720352586E-002
  0.659173458565716       0.492085620135952       1.402496720352586E-002
  0.673198425769241       0.490135731782177       1.402496720352586E-002
  0.687223392972767       0.488145558452768       1.402496720352586E-002
  0.701248360176293       0.486115654375525       1.402496720352586E-002
  0.715273327379819       0.484046583198510       1.402496720352586E-002
  0.729298294583345       0.481938917729616       1.402496720352586E-002
  0.743323261786871       0.479793239672732       1.402496720352586E-002
  0.757348228990397       0.477610139360686       1.402496720352586E-002
  0.771373196193922       0.475390215485125       1.402496720352586E-002
  0.785398163397448       0.473134074823509       1.402496720352586E-002
  0.799423130600974       0.470842331963402       1.402496720352586E-002
  0.813448097804500       0.468515609024215       1.402496720352586E-002
  0.827473065008026       0.466154535376597       1.402496720352586E-002
  0.841498032211552       0.463759747359644       1.402496720352586E-002
  0.855522999415078       0.461331887996087       1.402496720352586E-002
  0.869547966618603       0.458871606705673       1.402496720352586E-002
  0.883572933822129       0.456379559016875       1.402496720352586E-002
  0.897597901025655       0.453856406277140       1.402496720352586E-002
  0.911622868229181       0.451302815361845       1.402496720352586E-002
  0.925647835432707       0.448719458382125       1.402496720352586E-002
  0.939672802636233       0.446107012391779       1.402496720352586E-002
  0.953697769839759       0.443466159093403       1.402496720352586E-002
  0.967722737043284       0.440797584543949       1.402496720352586E-002
  0.981747704246810       0.438101978859868       1.402496720352586E-002
  0.995772671450336       0.435380035922038       1.402496720352586E-002
   1.00979763865386       0.432632453080619       1.402496720352586E-002
   1.02382260585739       0.429859930860040       1.402496720352586E-002
   1.03784757306091       0.427063172664269       1.402496720352586E-002
   1.05187254026444       0.424242884482553       1.402496720352586E-002
   1.06589750746797       0.421399774595784       1.402496720352586E-002
   1.07992247467149       0.418534553283674       1.402496720352586E-002
   1.09394744187502       0.415647932532888       1.402496720352586E-002
   1.10797240907854       0.412740625746322       1.402496720352586E-002
   1.12199737628207       0.409813347453674       1.402496720352586E-002
   1.13602234348559       0.406866813023467       1.402496720352586E-002
   1.15004731068912       0.403901738376698       1.402496720352586E-002
   1.16407227789265       0.400918839702255       1.402496720352586E-002
   1.17809724509617       0.397918833174267       1.402496720352586E-002
   1.19212221229970       0.394902434671534       1.402496720352586E-002
   1.20614717950322       0.391870359499180       1.402496720352586E-002
   1.22017214670675       0.388823322112698       1.402496720352586E-002
   1.23419711391027       0.385762035844502       1.402496720352586E-002
   1.24822208111380       0.382687212633148       1.402496720352586E-002
   1.26224704831733       0.379599562755362       1.402496720352586E-002
   1.27627201552085       0.376499794560989       1.402496720352586E-002
   1.29029698272438       0.373388614211031       1.402496720352586E-002
   1.30432194992790       0.370266725418867       1.402496720352586E-002
   1.31834691713143       0.367134829194803       1.402496720352586E-002
   1.33237188433495       0.363993623594073       1.402496720352586E-002
   1.34639685153848       0.360843803468402       1.402496720352586E-002
   1.36042181874201       0.357686060221246       1.402496720352586E-002
   1.37444678594553       0.354521081566837       1.402496720352586E-002
   1.38847175314906       0.351349551293123       1.402496720352586E-002
   1.40249672035258       0.348172149028720       1.402496720352586E-002
   1.41652168755611       0.344989550013969       1.402496720352586E-002
   1.43054665475963       0.341802424876205       1.402496720352586E-002
   1.44457162196316       0.338611439409323       1.402496720352586E-002
   1.45859658916669       0.335417254357742       1.402496720352586E-002
   1.47262155637021       0.332220525204838       1.402496720352586E-002
   1.48664652357374       0.329021901965940       1.402496720352586E-002
   1.50067149077726       0.325822028985971       1.402496720352586E-002
   1.51469645798079       0.322621544741791       1.402496720352586E-002
   1.52872142518431       0.319421081649334       1.402496720352586E-002
   1.54274639238784       0.316221265875590       1.402496720352586E-002
   1.55677135959137       0.313022717155500       1.402496720352586E-002
   1.57079632679489       0.309826048613829       1.402496720352586E-002
   1.58482129399842       0.306631866592058       1.402496720352586E-002
   1.59884626120194       0.303440770480358       1.402496720352586E-002
   1.61287122840547       0.300253352554691       1.402496720352586E-002
   1.62689619560900       0.297070197819072       1.402496720352586E-002
   1.64092116281252       0.293891883853042       1.402496720352586E-002
   1.65494613001605       0.290718980664379       1.402496720352586E-002
   1.66897109721957       0.287552050547084       1.402496720352586E-002
   1.68299606442310       0.284391647944662       1.402496720352586E-002
   1.69702103162662       0.281238319318727       1.402496720352586E-002
   1.71104599883015       0.278092603022946       1.402496720352586E-002
   1.72507096603368       0.274955029182344       1.402496720352586E-002
   1.73909593323720       0.271826119577972       1.402496720352586E-002
   1.75312090044073       0.268706387536949       1.402496720352586E-002
   1.76714586764425       0.265596337827887       1.402496720352586E-002
   1.78117083484778       0.262496466561696       1.402496720352586E-002
   1.79519580205130       0.259407261097760       1.402496720352586E-002
   1.80922076925483       0.256329199955484       1.402496720352586E-002
   1.82324573645836       0.253262752731201       1.402496720352586E-002
   1.83727070366188       0.250208380020418       1.402496720352586E-002
   1.85129567086541       0.247166533345391       1.402496720352586E-002
   1.86532063806893       0.244137655088004       1.402496720352586E-002
   1.87934560527246       0.241122178427924       1.402496720352586E-002
   1.89337057247598       0.238120527286018       1.402496720352586E-002
   1.90739553967951       0.235133116272975       1.402496720352586E-002
   1.92142050688304       0.232160350643129       1.402496720352586E-002
   1.93544547408656       0.229202626253426       1.402496720352586E-002
   1.94947044129009       0.226260329527492       1.402496720352586E-002
   1.96349540849361       0.223333837424780       1.402496720352586E-002
   1.97752037569714       0.220423517414722       1.402496720352586E-002
   1.99154534290066       0.217529727455859       1.402496720352586E-002
   2.00557031010419       0.214652815979884       1.402496720352586E-002
   2.01959527730772       0.211793121880548       1.402496720352586E-002
   2.03362024451124       0.208950974507373       1.402496720352586E-002
   2.04764521171477       0.206126693664104       1.402496720352586E-002
   2.06167017891829       0.203320589611856       1.402496720352586E-002
   2.07569514612182       0.200532963076865       1.402496720352586E-002
   2.08972011332534       0.197764105262801       1.402496720352586E-002
   2.10374508052887       0.195014297867556       1.402496720352586E-002
   2.11777004773240       0.192283813104449       1.402496720352586E-002
   2.13179501493592       0.189572913727764       1.402496720352586E-002
   2.14581998213945       0.186881853062548       1.402496720352586E-002
   2.15984494934297       0.184210875038606       1.402496720352586E-002
   2.17386991654650       0.181560214228583       1.402496720352586E-002
   2.18789488375003       0.178930095890093       1.402496720352586E-002
   2.20191985095355       0.176320736011772       1.402496720352586E-002
   2.21594481815708       0.173732341363204       1.402496720352586E-002
   2.22996978536060       0.171165109548614       1.402496720352586E-002
   2.24399475256413       0.168619229064254       1.402496720352586E-002
   2.25801971976765       0.166094879359387       1.402496720352586E-002
   2.27204468697118       0.163592230900780       1.402496720352586E-002
   2.28606965417471       0.161111445240620       1.402496720352586E-002
   2.30009462137823       0.158652675087767       1.402496720352586E-002
   2.31411958858176       0.156216064382230       1.402496720352586E-002
   2.32814455578528       0.153801748372808       1.402496720352586E-002
   2.34216952298881       0.151409853697763       1.402496720352586E-002
   2.35619449019233       0.149040498468472       1.402496720352586E-002
   2.37021945739586       0.146693792355923       1.402496720352586E-002
   2.38424442459939       0.144369836679994       1.402496720352586E-002
   2.39826939180291       0.142068724501395       1.402496720352586E-002
   2.41229435900644       0.139790540716195       1.402496720352586E-002
   2.42631932620996       0.137535362152820       1.402496720352586E-002
   2.44034429341349       0.135303257671445       1.402496720352586E-002
   2.45436926061701       0.133094288265668       1.402496720352586E-002
   2.46839422782054       0.130908507166379       1.402496720352586E-002
   2.48241919502407       0.128745959947716       1.402496720352586E-002
   2.49644416222759       0.126606684635036       1.402496720352586E-002
   2.51046912943112       0.124490711814770       1.402496720352586E-002
   2.52449409663464       0.122398064746102       1.402496720352586E-002
   2.53851906383817       0.120328759474345       1.402496720352586E-002
   2.55254403104169       0.118282804945947       1.402496720352586E-002
   2.56656899824522       0.116260203125013       1.402496720352586E-002
   2.58059396544875       0.114260949111251       1.402496720352586E-002
   2.59461893265227       0.112285031259265       1.402496720352586E-002
   2.60864389985580       0.110332431299081       1.402496720352586E-002
   2.62266886705932       0.108403124457826       1.402496720352586E-002
   2.63669383426285       0.106497079582469       1.402496720352586E-002
   2.65071880146637       0.104614259263530       1.402496720352586E-002
   2.66474376866990       0.102754619959668       1.402496720352586E-002
   2.67876873587343       0.100918112123064       1.402496720352586E-002
   2.69279370307695       9.910468032550450E-002  1.402496720352586E-002
   2.70681867028048       9.731426338508636E-002  1.402496720352586E-002
   2.72084363748400       9.554679449345348E-002  1.402496720352586E-002
   2.73486860468753       9.380220134348285E-002  1.402496720352586E-002
   2.74889357189106       9.208040625733710E-002  1.402496720352586E-002
   2.76291853909458       9.038132631480165E-002  1.402496720352586E-002
   2.77694350629811       8.870487348182665E-002  1.402496720352586E-002
   2.79096847350163       8.705095473919452E-002  1.402496720352586E-002
   2.80499344070516       8.541947221123596E-002  1.402496720352586E-002
   2.81901840790868       8.381032329451751E-002  1.402496720352586E-002
   2.83304337511221       8.222340078642697E-002  1.402496720352586E-002
   2.84706834231574       8.065859301358258E-002  1.402496720352586E-002
   2.86109330951926       7.911578395999476E-002  1.402496720352586E-002
   2.87511827672279       7.759485339490999E-002  1.402496720352586E-002
   2.88914324392631       7.609567700026806E-002  1.402496720352586E-002
   2.90316821112984       7.461812649770595E-002  1.402496720352586E-002
   2.91719317833336       7.316206977504242E-002  1.402496720352586E-002
   2.93121814553689       7.172737101217977E-002  1.402496720352586E-002
   2.94524311274042       7.031389080636034E-002  1.402496720352586E-002
   2.95926807994394       6.892148629671725E-002  1.402496720352586E-002
   2.97329304714747       6.755001128806026E-002  1.402496720352586E-002
   2.98731801435099       6.619931637383999E-002  1.402496720352586E-002
   3.00134298155452       6.486924905823417E-002  1.402496720352586E-002
   3.01536794875804       6.355965387730288E-002  1.402496720352586E-002
   3.02939291596157       6.227037251916002E-002  1.402496720352586E-002
   3.04341788316510       6.100124394311109E-002  1.402496720352586E-002
   3.05744285036862       5.975210449770778E-002  1.402496720352586E-002
   3.07146781757215       5.852278803767364E-002  1.402496720352586E-002
   3.08549278477567       5.731312603965407E-002  1.402496720352586E-002
   3.09951775197920       5.612294771674847E-002  1.402496720352586E-002
   3.11354271918272       5.495208013178167E-002  1.402496720352586E-002
   3.12756768638625       5.380034830927529E-002  1.402496720352586E-002
   3.14159265358978       5.266757534608014E-002  1.402496720352586E-002
   3.15561762079330       5.155358252063347E-002  1.402496720352586E-002
   3.16964258799683       5.045818940080551E-002  1.402496720352586E-002
   3.18366755520035       4.938121395030270E-002  1.402496720352586E-002
   3.19769252240388       4.832247263359547E-002  1.402496720352586E-002
   3.21171748960740       4.728178051934106E-002  1.402496720352586E-002
   3.22574245681093       4.625895138227280E-002  1.402496720352586E-002
   3.23976742401446       4.525379780352962E-002  1.402496720352586E-002
   3.25379239121798       4.426613126940038E-002  1.402496720352586E-002
   3.26781735842151       4.329576226846018E-002  1.402496720352586E-002
   3.28184232562503       4.234250038707641E-002  1.402496720352586E-002
   3.29586729282856       4.140615440326487E-002  1.402496720352586E-002
   3.30989226003209       4.048653237887677E-002  1.402496720352586E-002
   3.32391722723561       3.958344175010023E-002  1.402496720352586E-002
   3.33794219443914       3.869668941626028E-002  1.402496720352586E-002
   3.35196716164266       3.782608182690334E-002  1.402496720352586E-002
   3.36599212884619       3.697142506715406E-002  1.402496720352586E-002
   3.38001709604971       3.613252494133278E-002  1.402496720352586E-002
   3.39404206325324       3.530918705482462E-002  1.402496720352586E-002
   3.40806703045677       3.450121689419152E-002  1.402496720352586E-002
   3.42209199766029       3.370841990552033E-002  1.402496720352586E-002
   3.43611696486382       3.293060157100192E-002  1.402496720352586E-002
   3.45014193206734       3.216756748373644E-002  1.402496720352586E-002
   3.46416689927087       3.141912342076248E-002  1.402496720352586E-002
   3.47819186647439       3.068507541430817E-002  1.402496720352586E-002
   3.49221683367792       2.996522982126384E-002  1.402496720352586E-002
   3.50624180088145       2.925939339087745E-002  1.402496720352586E-002
   3.52026676808497       2.856737333067436E-002  1.402496720352586E-002
   3.53429173528850       2.788897737060504E-002  1.402496720352586E-002
   3.54831670249202       2.722401382542493E-002  1.402496720352586E-002
   3.56234166969555       2.657229165531175E-002  1.402496720352586E-002
   3.57636663689907       2.593362052472701E-002  1.402496720352586E-002
   3.59039160410260       2.530781085952912E-002  1.402496720352586E-002
   3.60441657130613       2.469467390234672E-002  1.402496720352586E-002
   3.61844153850965       2.409402176622165E-002  1.402496720352586E-002
   3.63246650571318       2.350566748653227E-002  1.402496720352586E-002
   3.64649147291670       2.292942507120829E-002  1.402496720352586E-002
   3.66051644012023       2.236510954924955E-002  1.402496720352586E-002
   3.67454140732375       2.181253701756186E-002  1.402496720352586E-002
   3.68856637452728       2.127152468612372E-002  1.402496720352586E-002
   3.70259134173081       2.074189092149895E-002  1.402496720352586E-002
   3.71661630893433       2.022345528871048E-002  1.402496720352586E-002
   3.73064127613786       1.971603859149172E-002  1.402496720352586E-002
   3.74466624334138       1.921946291093229E-002  1.402496720352586E-002
   3.75869121054491       1.873355164253589E-002  1.402496720352586E-002
   3.77271617774844       1.825812953170848E-002  1.402496720352586E-002
   3.78674114495196       1.779302270769562E-002  1.402496720352586E-002
   3.80076611215549       1.733805871598838E-002  1.402496720352586E-002
   3.81479107935901       1.689306654921792E-002  1.402496720352586E-002
   3.82881604656254       1.645787667655911E-002  1.402496720352586E-002
   3.84284101376606       1.603232107166426E-002  1.402496720352586E-002
   3.85686598096959       1.561623323914842E-002  1.402496720352586E-002
   3.87089094817312       1.520944823964804E-002  1.402496720352586E-002
   3.88491591537664       1.481180271347551E-002  1.402496720352586E-002
   3.89894088258017       1.442313490289185E-002  1.402496720352586E-002
   3.91296584978369       1.404328467302109E-002  1.402496720352586E-002
   3.92699081698722       1.367209353142916E-002  1.402496720352586E-002
   3.94101578419074       1.330940464639136E-002  1.402496720352586E-002
   3.95504075139427       1.295506286387197E-002  1.402496720352586E-002
   3.96906571859780       1.260891472324041E-002  1.402496720352586E-002
   3.98309068580132       1.227080847174814E-002  1.402496720352586E-002
   3.99711565300485       1.194059407779097E-002  1.402496720352586E-002
   4.01114062020837       1.161812324298148E-002  1.402496720352586E-002
   4.02516558741190       1.130324941305638E-002  1.402496720352586E-002
   4.03919055461543       1.099582778764392E-002  1.402496720352586E-002
   4.05321552181895       1.069571532891630E-002  1.402496720352586E-002
   4.06724048902248       1.040277076915242E-002  1.402496720352586E-002
   4.08126545622600       1.011685461723610E-002  1.402496720352586E-002
   4.09529042342953       9.837829164115013E-003  1.402496720352586E-002
   4.10931539063306       9.565558487245825E-003  1.402496720352586E-002
   4.12334035783658       9.299908454050501E-003  1.402496720352586E-002
   4.13736532504011       9.040746724409297E-003  1.402496720352586E-002
   4.15139029224363       8.787942752215514E-003  1.402496720352586E-002
   4.16541525944716       8.541367786017263E-003  1.402496720352586E-002
   4.17944022665069       8.300894868771154E-003  1.402496720352586E-002
   4.19346519385421       8.066398836733088E-003  1.402496720352586E-002
   4.20749016105774       7.837756317510797E-003  1.402496720352586E-002
   4.22151512826127       7.614845727303031E-003  1.402496720352586E-002
   4.23554009546479       7.397547267349902E-003  1.402496720352586E-002
   4.24956506266832       7.185742919618797E-003  1.402496720352586E-002
   4.26359002987184       6.979316441750116E-003  1.402496720352586E-002
   4.27761499707537       6.778153361286953E-003  1.402496720352586E-002
   4.29163996427890       6.582140969212470E-003  1.402496720352586E-002
   4.30566493148242       6.391168312818725E-003  1.402496720352586E-002
   4.31968989868595       6.205126187930261E-003  1.402496720352586E-002
   4.33371486588948       6.023907130505735E-003  1.402496720352586E-002
   4.34773983309300       5.847405407640437E-003  1.402496720352586E-002
   4.36176480029653       5.675517007992390E-003  1.402496720352586E-002
   4.37578976750005       5.508139631654506E-003  1.402496720352586E-002
   4.38981473470358       5.345172679494746E-003  1.402496720352586E-002
   4.40383970190711       5.186517241986312E-003  1.402496720352586E-002
   4.41786466911063       5.032076087549276E-003  1.402496720352586E-002
   4.43188963631416       4.881753650424899E-003  1.402496720352586E-002
   4.44591460351768       4.735456018103613E-003  1.402496720352586E-002
   4.45993957072121       4.593090918327176E-003  1.402496720352586E-002
   4.47396453792474       4.454567705685362E-003  1.402496720352586E-002
   4.48798950512826       4.319797347827056E-003  1.402496720352586E-002
   4.50201447233179       4.188692411305405E-003  1.402496720352586E-002
   4.51603943953532       4.061167047076249E-003  1.402496720352586E-002
   4.53006440673884       3.937136975668797E-003  1.402496720352586E-002
   4.54408937394237       3.816519472047052E-003  1.402496720352586E-002
   4.55811434114589       3.699233350180241E-003  1.402496720352586E-002
   4.57213930834942       3.585198947340077E-003  1.402496720352586E-002
   4.58616427555295       3.474338108142369E-003  1.402496720352586E-002
   4.60018924275647       3.366574168350054E-003  1.402496720352586E-002
   4.61421420996000       3.261831938454496E-003  1.402496720352586E-002
   4.62823917716353       3.160037687051352E-003  1.402496720352586E-002
   4.64226414436705       3.061119124027122E-003  1.402496720352586E-002
   4.65628911157058       2.965005383571953E-003  1.402496720352586E-002
   4.67031407877410       2.871627007034069E-003  1.402496720352586E-002
   4.68433904597763       2.780915925630660E-003  1.402496720352586E-002
   4.69836401318116       2.692805443029853E-003  1.402496720352586E-002
   4.71238898038468       2.607230217817870E-003  1.402496720352586E-002
   4.72641394758821       2.524126245865244E-003  1.402496720352586E-002
   4.74043891479173       2.443430842605470E-003  1.402496720352586E-002
   4.75446388199526       2.365082625239220E-003  1.402496720352586E-002
   4.76848884919879       2.289021494876781E-003  1.402496720352586E-002
   4.78251381640231       2.215188618631071E-003  1.402496720352586E-002
   4.79653878360584       2.143526411673244E-003  1.402496720352586E-002
   4.81056375080937       2.073978519262452E-003  1.402496720352586E-002
   4.82458871801289       2.006489798761056E-003  1.402496720352586E-002
   4.83861368521642       1.941006301646219E-003  1.402496720352586E-002
   4.85263865241994       1.877475255528380E-003  1.402496720352586E-002
   4.86666361962347       1.815845046186884E-003  1.402496720352586E-002
   4.88068858682700       1.756065199632585E-003  1.402496720352586E-002
   4.89471355403052       1.698086364206985E-003  1.402496720352586E-002
   4.90873852123405       1.641860292727073E-003  1.402496720352586E-002
   4.92276348843758       1.587339824684720E-003  1.402496720352586E-002
   4.93678845564110       1.534478868509196E-003  1.402496720352586E-002
   4.95081342284463       1.483232383900946E-003  1.402496720352586E-002
   4.96483839004815       1.433556364244567E-003  1.402496720352586E-002
   4.97886335725168       1.385407819108522E-003  1.402496720352586E-002
   4.99288832445521       1.338744756838848E-003  1.402496720352586E-002
   5.00691329165873       1.293526167253822E-003  1.402496720352586E-002
   5.02093825886226       1.249712004446219E-003  1.402496720352586E-002
   5.03496322606579       1.207263169699515E-003  1.402496720352586E-002
   5.04898819326931       1.166141494524104E-003  1.402496720352586E-002
   5.06301316047284       1.126309723819296E-003  1.402496720352586E-002
   5.07703812767636       1.087731499166588E-003  1.402496720352586E-002
   5.09106309487989       1.050371342259431E-003  1.402496720352586E-002
   5.10508806208342       1.014194638474436E-003  1.402496720352586E-002
   5.11911302928694       9.791676205887006E-004  1.402496720352586E-002
   5.13313799649047       9.452573526476867E-004  1.402496720352586E-002
   5.14716296369399       9.124317139878054E-004  1.402496720352586E-002
   5.16118793089752       8.806593834176395E-004  1.402496720352586E-002
   5.17521289810105       8.499098235614797E-004  1.402496720352586E-002
   5.18923786530457       8.201532653686109E-004  1.402496720352586E-002
   5.20326283250810       7.913606927915605E-004  1.402496720352586E-002
   5.21728779971163       7.635038276362877E-004  1.402496720352586E-002
   5.23131276691515       7.365551145870827E-004  1.402496720352586E-002
   5.24533773411868       7.104877064087154E-004  1.402496720352586E-002
   5.25936270132220       6.852754493281683E-004  1.402496720352586E-002
   5.27338766852573       6.608928685981056E-004  1.402496720352586E-002
   5.28741263572926       6.373151542439868E-004  1.402496720352586E-002
   5.30143760293278       6.145181469965901E-004  1.402496720352586E-002
   5.31546257013631       5.924783244114903E-004  1.402496720352586E-002
   5.32948753733984       5.711727871768669E-004  1.402496720352586E-002
   5.34351250454336       5.505792456108386E-004  1.402496720352586E-002
   5.35753747174689       5.306760063493525E-004  1.402496720352586E-002
   5.37156243895041       5.114419592254882E-004  1.402496720352586E-002
   5.38558740615394       4.928565643408751E-004  1.402496720352586E-002
   5.39961237335747       4.748998393297694E-004  1.402496720352586E-002
   5.41363734056099       4.575523468161848E-004  1.402496720352586E-002
   5.42766230776452       4.407951820643325E-004  1.402496720352586E-002
   5.44168727496804       4.246099608224697E-004  1.402496720352586E-002
   5.45571224217157       4.089788073601458E-004  1.402496720352586E-002
   5.46973720937510       3.938843426986837E-004  1.402496720352586E-002
   5.48376217657862       3.793096730346190E-004  1.402496720352586E-002
   5.49778714378215       3.652383783556999E-004  1.402496720352586E-002
   5.51181211098568       3.516545012489331E-004  1.402496720352586E-002
   5.52583707818920       3.385425359000492E-004  1.402496720352586E-002
   5.53986204539273       3.258874172836568E-004  1.402496720352586E-002
   5.55388701259625       3.136745105432532E-004  1.402496720352586E-002
   5.56791197979978       3.018896005601633E-004  1.402496720352586E-002
   5.58193694700331       2.905188817103763E-004  1.402496720352586E-002
   5.59596191420683       2.795489478081802E-004  1.402496720352586E-002
   5.60998688141036       2.689667822353876E-004  1.402496720352586E-002
   5.62401184861389       2.587597482548810E-004  1.402496720352586E-002
   5.63803681581741       2.489155795071267E-004  1.402496720352586E-002
   5.65206178302094       2.394223706882269E-004  1.402496720352586E-002
   5.66608675022446       2.302685684080201E-004  1.402496720352586E-002
   5.68011171742799       2.214429622266723E-004  1.402496720352586E-002
   5.69413668463152       2.129346758681347E-004  1.402496720352586E-002
   5.70816165183504       2.047331586087940E-004  1.402496720352586E-002
   5.72218661903857       1.968281768395847E-004  1.402496720352586E-002
   5.73621158624209       1.892098057997781E-004  1.402496720352586E-002
   5.75023655344562       1.818684214806212E-004  1.402496720352586E-002
   5.76426152064915       1.747946926969526E-004  1.402496720352586E-002
   5.77828648785267       1.679795733248780E-004  1.402496720352586E-002
   5.79231145505620       1.614142947035555E-004  1.402496720352586E-002
   5.80633642225973       1.550903581991035E-004  1.402496720352586E-002
   5.82036138946325       1.489995279286100E-004  1.402496720352586E-002
   5.83438635666678       1.431338236421972E-004  1.402496720352586E-002
   5.84841132387030       1.374855137610658E-004  1.402496720352586E-002
   5.86243629107383       1.320471085694163E-004  1.402496720352586E-002
   5.87646125827736       1.268113535581360E-004  1.402496720352586E-002
   5.89048622548088       1.217712229181023E-004  1.402496720352586E-002
   5.90451119268441       1.169199131809545E-004  1.402496720352586E-002
   5.91853615988794       1.122508370051617E-004  1.402496720352586E-002
   5.93256112709146       1.077576171052047E-004  1.402496720352586E-002
   5.94658609429499       1.034340803216820E-004  1.402496720352586E-002
   5.96061106149851       9.927425183014063E-005  1.402496720352586E-002
   5.97463602870204       9.527234948642791E-005  1.402496720352586E-002
   5.98866099590557       9.142277830635424E-005  1.402496720352586E-002
   6.00268596310909       8.772012507745803E-005  1.402496720352586E-002
   6.01671093031262       8.415915310066301E-005  1.402496720352586E-002
   6.03073589751614       8.073479705961792E-005  1.402496720352586E-002
   6.04476086471967       7.744215801551417E-005  1.402496720352586E-002
   6.05878583192320       7.427649852518006E-005  1.402496720352586E-002
   6.07281079912672       7.123323788025830E-005  1.402496720352586E-002
   6.08683576633025       6.830794746527961E-005  1.402496720352586E-002
   6.10086073353378       6.549634623245499E-005  1.402496720352586E-002
   6.11488570073730       6.279429629101937E-005  1.402496720352586E-002
   6.12891066794083       6.019779860897245E-005  1.402496720352586E-002
   6.14293563514435       5.770298882507280E-005  1.402496720352586E-002
   6.15696060234788       5.530613316895770E-005  1.402496720352586E-002
   6.17098556955141       5.300362448727407E-005  1.402496720352586E-002
   6.18501053675493       5.079197837372466E-005  1.402496720352586E-002
   6.19903550395846       4.866782940094730E-005  1.402496720352586E-002
   6.21306047116199       4.662792745216576E-005  1.402496720352586E-002
   6.22708543836551       4.466913415056740E-005  1.402496720352586E-002
   6.24111040556904       4.278841938438421E-005  1.402496720352586E-002
   6.25513537277256       4.098285792567240E-005  1.402496720352586E-002
   6.26916033997609       3.924962614080756E-005  1.402496720352586E-002
   6.28318530717962       3.758599879073374E-005  1.402496720352586E-002
   6.29721027438314       3.598934591902762E-005  1.402496720352586E-002
   6.31123524158667       3.445712982586034E-005  1.402496720352586E-002
   6.32526020879020       3.298690212596444E-005  1.402496720352586E-002
   6.33928517599372       3.157630088873552E-005  1.402496720352586E-002
   6.35331014319725       3.022304785862447E-005  1.402496720352586E-002
   6.36733511040077       2.892494575399753E-005  1.402496720352586E-002
   6.38136007760430       2.767987564267054E-005  1.402496720352586E-002
   6.39538504480783       2.648579439234479E-005  1.402496720352586E-002
   6.40941001201135       2.534073219420017E-005  1.402496720352586E-002
   6.42343497921488       2.424279015792639E-005  1.402496720352586E-002
   6.43745994641840       2.319013797649813E-005  1.402496720352586E-002
   6.45148491362193       2.218101165902794E-005  1.402496720352586E-002
   6.46550988082546       2.121371133005454E-005  1.402496720352586E-002
   6.47953484802898       2.028659909365347E-005  1.402496720352586E-002
   6.49355981523251       1.939809696078109E-005  1.402496720352586E-002
   6.50758478243604       1.854668483829094E-005  1.402496720352586E-002
   6.52160974963956       1.773089857808784E-005  1.402496720352586E-002
   6.53563471684309       1.694932808491146E-005  1.402496720352586E-002
   6.54965968404661       1.620061548126796E-005  1.402496720352586E-002
   6.56368465125014       1.548345332805489E-005  1.402496720352586E-002
   6.57770961845367       1.479658289945134E-005  1.402496720352586E-002
   6.59173458565719       1.413879251067125E-005  1.402496720352586E-002
   6.60575955286072       1.350891589720476E-005  1.402496720352586E-002
   6.61978452006425       1.290583064419856E-005  1.402496720352586E-002
   6.63380948726777       1.232845666465220E-005  1.402496720352586E-002
   6.64783445447130       1.177575472513371E-005  1.402496720352586E-002
   6.66185942167482       1.124672501774337E-005  1.402496720352586E-002
   6.67588438887835       1.074040577708043E-005  1.402496720352586E-002
   6.68990935608188       1.025587194099274E-005  1.402496720352586E-002
   6.70393432328540       9.792233853914988E-006  1.402496720352586E-002
   6.71795929048893       9.348636011625918E-006  1.402496720352586E-002
   6.73198425769245       8.924255846279810E-006  1.402496720352586E-002
   6.74600922489598       8.518302550592473E-006  1.402496720352586E-002
   6.76003419209951       8.130015940085587E-006  1.402496720352586E-002
   6.77405915930303       7.758665352318169E-006  1.402496720352586E-002
   6.78808412650656       7.403548582057256E-006  1.402496720352586E-002
   6.80210909371009       7.063990851363355E-006  1.402496720352586E-002
   6.81613406091361       6.739343813589900E-006  1.402496720352586E-002
   6.83015902811714       6.428984590318534E-006  1.402496720352586E-002
   6.84418399532066       6.132314840274773E-006  1.402496720352586E-002
   6.85820896252419       5.848759859291222E-006  1.402496720352586E-002
   6.87223392972772       5.577767710407071E-006  1.402496720352586E-002
   6.88625889693124       5.318808383214809E-006  1.402496720352586E-002
   6.90028386413477       5.071372981586332E-006  1.402496720352586E-002
   6.91430883133830       4.834972938931439E-006  1.402496720352586E-002
   6.92833379854182       4.609139260163020E-006  1.402496720352586E-002
   6.94235876574535       4.393421789563165E-006  1.402496720352586E-002
   6.95638373294887       4.187388503764746E-006  1.402496720352586E-002
   6.97040870015240       3.990624829082925E-006  1.402496720352586E-002
   6.98443366735593       3.802732982450071E-006  1.402496720352586E-002
   6.99845863455945       3.623331335227112E-006  1.402496720352586E-002
   7.01248360176298       3.452053799182869E-006  1.402496720352586E-002
   7.02650856896650       3.288549233951263E-006  1.402496720352586E-002
   7.04053353617003       3.132480875294651E-006  1.402496720352586E-002
   7.05455850337356       2.983525783519009E-006  1.402496720352586E-002
   7.06858347057708       2.841374311404264E-006  1.402496720352586E-002
   7.08260843778061       2.705729591030074E-006  1.402496720352586E-002
   7.09663340498414       2.576307038894156E-006  1.402496720352586E-002
   7.11065837218766       2.452833878736593E-006  1.402496720352586E-002
   7.12468333939119       2.335048681499679E-006  1.402496720352586E-002
   7.13870830659471       2.222700921868624E-006  1.402496720352586E-002
   7.15273327379824       2.115550550853794E-006  1.402496720352586E-002
   7.16675824100177       2.013367583890321E-006  1.402496720352586E-002
   7.18078320820529       1.915931703945649E-006  1.402496720352586E-002
   7.19480817540882       1.823031879140047E-006  1.402496720352586E-002
   7.20883314261235       1.734465994399282E-006  1.402496720352586E-002
   7.22285810981587       1.650040496672414E-006  1.402496720352586E-002
   7.23688307701940       1.569570053261226E-006  1.402496720352586E-002
   7.25090804422292       1.492877222820990E-006  1.402496720352586E-002
   7.26493301142645       1.419792138605194E-006  1.402496720352586E-002
   7.27895797862998       1.350152203539419E-006  1.402496720352586E-002
   7.29298294583350       1.283801796721876E-006  1.402496720352586E-002
   7.30700791303703       1.220591990960164E-006  1.402496720352586E-002
   7.32103288024055       1.160380280965441E-006  1.402496720352586E-002
   7.33505784744408       1.103030321836754E-006  1.402496720352586E-002
   7.34908281464761       1.048411677479335E-006  1.402496720352586E-002
   7.36310778185113       9.963995786116199E-007  1.402496720352586E-002
   7.37713274905466       9.468746900263263E-007  1.402496720352586E-002
   7.39115771625819       8.997228867812468E-007  1.402496720352586E-002
   7.40518268346171       8.548350390055890E-007  1.402496720352586E-002
   7.41920765066524       8.121068050173730E-007  1.402496720352586E-002
   7.43323261786876       7.714384324570968E-007  1.402496720352586E-002
   7.44725758507229       7.327345671521092E-007  1.402496720352586E-002
   7.46128255227582       6.959040694352399E-007  1.402496720352586E-002
   7.47530751947934       6.608598376500487E-007  1.402496720352586E-002
   7.48933248668287       6.275186385836655E-007  1.402496720352586E-002
   7.50335745388640       5.958009445765311E-007  1.402496720352586E-002
   7.51738242108992       5.656307770664943E-007  1.402496720352586E-002
   7.53140738829345       5.369355563326237E-007  1.402496720352586E-002
   7.54543235549697       5.096459572117905E-007  1.402496720352586E-002
   7.55945732270050       4.836957705685381E-007  1.402496720352586E-002
   7.57348228990403       4.590217703060307E-007  1.402496720352586E-002
   7.58750725710755       4.355635857129251E-007  1.402496720352586E-002
   7.60153222431108       4.132635789478757E-007  1.402496720352586E-002
   7.61555719151460       3.920667274700286E-007  1.402496720352586E-002
   7.62958215871813       3.719205112303415E-007  1.402496720352586E-002
   7.64360712592166       3.527748044448331E-007  1.402496720352586E-002
   7.65763209312518       3.345817717769725E-007  1.402496720352586E-002
   7.67165706032871       3.172957687623195E-007  1.402496720352586E-002
   7.68568202753224       3.008732463142757E-007  1.402496720352586E-002
   7.69970699473576       2.852726591553639E-007  1.402496720352586E-002
   7.71373196193929       2.704543780238610E-007  1.402496720352586E-002
   7.72775692914281       2.563806055108351E-007  1.402496720352586E-002
   7.74178189634634       2.430152953877166E-007  1.402496720352586E-002
   7.75580686354987       2.303240752894515E-007  1.402496720352586E-002
   7.76983183075339       2.182741726230525E-007  1.402496720352586E-002
   7.78385679795692       2.068343435759785E-007  1.402496720352586E-002
   7.79788176516045       1.959748051032516E-007  1.402496720352586E-002
   7.81190673236397       1.856671697765473E-007  1.402496720352586E-002
   7.82593169956750       1.758843833826972E-007  1.402496720352586E-002
   7.83995666677102       1.666006651630988E-007  1.402496720352586E-002
   7.85398163397455       1.577914505894614E-007  1.402496720352586E-002
   7.86800660117808       1.494333365751211E-007  1.402496720352586E-002
   7.88203156838160       1.415040290248455E-007  1.402496720352586E-002
   7.89605653558513       1.339822926295965E-007  1.402496720352586E-002
   7.91008150278866       1.268479028161851E-007  1.402496720352586E-002
   7.92410646999218       1.200815997650626E-007  1.402496720352586E-002
   7.93813143719571       1.136650444127296E-007  1.402496720352586E-002
   7.95215640439923       1.075807763583498E-007  1.402496720352586E-002
   7.96618137160276       1.018121735971688E-007  1.402496720352586E-002
   7.98020633880629       9.634341400624583E-008  1.402496720352586E-002
   7.99423130600981       9.115943851081341E-008  1.402496720352586E-002
   8.00825627321334       8.624591586230172E-008  1.402496720352586E-002
   8.02228124041686       8.158920896167684E-008  1.402496720352586E-002
   8.03630620762039       7.717634266428228E-008  1.402496720352586E-002
   8.05033117482391       7.299497300481239E-008  1.402496720352586E-002
   8.06435614202744       6.903335778340658E-008  1.402496720352586E-002
   8.07838110923096       6.528032845613267E-008  1.402496720352586E-002
   8.09240607643449       6.172526327532249E-008  1.402496720352586E-002
   8.10643104363801       5.835806162734674E-008  1.402496720352586E-002
   8.12045601084154       5.516911951745616E-008  1.402496720352586E-002
   8.13448097804507       5.214930615329443E-008  1.402496720352586E-002
   8.14850594524859       4.928994158058697E-008  1.402496720352586E-002
   8.16253091245212       4.658277532634376E-008  1.402496720352586E-002
   8.17655587965564       4.401996600668440E-008  1.402496720352586E-002
   8.19058084685917       4.159406185809690E-008  1.402496720352586E-002
   8.20460581406269       3.929798215258154E-008  1.402496720352586E-002
   8.21863078126622       3.712499945871786E-008  1.402496720352586E-002
   8.23265574846974       3.506872271221209E-008  1.402496720352586E-002
   8.24668071567327       3.312308106095429E-008  1.402496720352586E-002
   8.26070568287679       3.128230845102659E-008  1.402496720352586E-002
   8.27473065008032       2.954092892146417E-008  1.402496720352586E-002
   8.28875561728384       2.789374257688366E-008  1.402496720352586E-002
   8.30278058448737       2.633581220835326E-008  1.402496720352586E-002
   8.31680555169089       2.486245053409245E-008  1.402496720352586E-002
   8.33083051889442       2.346920803275954E-008  1.402496720352586E-002
   8.34485548609794       2.215186134320632E-008  1.402496720352586E-002
   8.35888045330147       2.090640220566233E-008  1.402496720352586E-002
   8.37290542050500       1.972902692035001E-008  1.402496720352586E-002
   8.38693038770852       1.861612630053127E-008  1.402496720352586E-002
   8.40095535491205       1.756427609794851E-008  1.402496720352586E-002
   8.41498032211557       1.657022787954640E-008  1.402496720352586E-002
   8.42900528931910       1.563090033524843E-008  1.402496720352586E-002
   8.44303025652262       1.474337099741717E-008  1.402496720352586E-002
   8.45705522372615       1.390486835344566E-008  1.402496720352586E-002
   8.47108019092967       1.311276433371630E-008  1.402496720352586E-002
   8.48510515813320       1.236456715792028E-008  1.402496720352586E-002
   8.49913012533672       1.165791452345658E-008  1.402496720352586E-002
   8.51315509254025       1.099056712032848E-008  1.402496720352586E-002
   8.52718005974377       1.036040245762530E-008  1.402496720352586E-002
   8.54120502694730       9.765408987319610E-009  1.402496720352586E-002
   8.55522999415082       9.203680511728690E-009  1.402496720352586E-002
   8.56925496135435       8.673410861580651E-009  1.402496720352586E-002
   8.58327992855788       8.172888832194271E-009  1.402496720352586E-002
   8.59730489576140       7.700493365826915E-009  1.402496720352586E-002
   8.61132986296493       7.254688968768652E-009  1.402496720352586E-002
   8.62535483016845       6.834021352261322E-009  1.402496720352586E-002
   8.63937979737198       6.437113286803049E-009  1.402496720352586E-002
   8.65340476457550       6.062660659860280E-009  1.402496720352586E-002
   8.66742973177903       5.709428727450718E-009  1.402496720352586E-002
   8.68145469898255       5.376248550485025E-009  1.402496720352586E-002
   8.69547966618608       5.062013607161183E-009  1.402496720352586E-002
   8.70950463338960       4.765676573094578E-009  1.402496720352586E-002
   8.72352960059313       4.486246261239548E-009  1.402496720352586E-002
   8.73755456779665       4.222784714015668E-009  1.402496720352586E-002
   8.75157953500018       3.974404440393944E-009  1.402496720352586E-002
   8.76560450220370       3.740265791025555E-009  1.402496720352586E-002
   8.77962946940723       3.519574464809768E-009  1.402496720352586E-002
   8.79365443661075       3.311579140597735E-009  1.402496720352586E-002
   8.80767940381428       3.115569228016286E-009  1.402496720352586E-002
   8.82170437101781       2.930872731671171E-009  1.402496720352586E-002
   8.83572933822133       2.756854223252141E-009  1.402496720352586E-002
   8.84975430542486       2.592912916314433E-009  1.402496720352586E-002
   8.86377927262838       2.438480838752002E-009  1.402496720352586E-002
   8.87780423983191       2.293021098208317E-009  1.402496720352586E-002
   8.89182920703543       2.156026235891130E-009  1.402496720352586E-002
   8.90585417423896       2.027016664468102E-009  1.402496720352586E-002
   8.91987914144248       1.905539185922143E-009  1.402496720352586E-002
   8.93390410864601       1.791165585437358E-009  1.402496720352586E-002
   8.94792907584953       1.683491297571291E-009  1.402496720352586E-002
   8.96195404305306       1.582134141144560E-009  1.402496720352586E-002
   8.97597901025658       1.486733119447535E-009  1.402496720352586E-002
   8.99000397746011       1.396947282524078E-009  1.402496720352586E-002
   9.00402894466363       1.312454648446064E-009  1.402496720352586E-002
   9.01805391186716       1.232951180638771E-009  1.402496720352586E-002
   9.03207887907068       1.158149818457394E-009  1.402496720352586E-002
   9.04610384627421       1.087779558348480E-009  1.402496720352586E-002
   9.06012881347774       1.021584583057791E-009  1.402496720352586E-002
   9.07415378068126       9.593234364678033E-010  1.402496720352586E-002
   9.08817874788479       9.007682417645050E-010  1.402496720352586E-002
   9.10220371508831       8.457039607439186E-010  1.402496720352586E-002
   9.11622868229184       7.939276921748419E-010  1.402496720352586E-002
   9.13025364949536       7.452480072351507E-010  1.402496720352586E-002
   9.14427861669889       6.994843201355574E-010  1.402496720352586E-002
   9.15830358390241       6.564662921364055E-010  1.402496720352586E-002
   9.17232855110594       6.160332672509764E-010  1.402496720352586E-002
   9.18635351830946       5.780337380121567E-010  1.402496720352586E-002
   9.20037848551299       5.423248397591436E-010  1.402496720352586E-002
   9.21440345271651       5.087718719767385E-010  1.402496720352586E-002
   9.22842841992004       4.772478452922315E-010  1.402496720352586E-002
   9.24245338712356       4.476330528038647E-010  1.402496720352586E-002
   9.25647835432709       4.198146644805854E-010  1.402496720352586E-002
   9.27050332153062       3.936863434354892E-010  1.402496720352586E-002
   9.28452828873414       3.691478829349711E-010  1.402496720352586E-002
   9.29855325593767       3.461048630624848E-010  1.402496720352586E-002
   9.31257822314119       3.244683260099147E-010  1.402496720352586E-002
   9.32660319034472       3.041544690211046E-010  1.402496720352586E-002
   9.34062815754824       2.850843540611769E-010  1.402496720352586E-002
   9.35465312475177       2.671836333319856E-010  1.402496720352586E-002
   9.36867809195529       2.503822897984967E-010  1.402496720352586E-002
   9.38270305915882       2.346143919332339E-010  1.402496720352586E-002
   9.39672802636234       2.198178619261815E-010  1.402496720352586E-002
   9.41075299356587       2.059342566458481E-010  1.402496720352586E-002
   9.42477796076939       1.929085606736474E-010  1.402496720352586E-002
   9.43880292797292       1.806889907684372E-010  1.402496720352586E-002
   9.45282789517644       1.692268111510017E-010  1.402496720352586E-002
   9.46685286237997       1.584761590296372E-010  1.402496720352586E-002
   9.48087782958349       1.483938798178232E-010  1.402496720352586E-002
   9.49490279678702       1.389393715232764E-010  1.402496720352586E-002
   9.50892776399055       1.300744378146506E-010  1.402496720352586E-002
   9.52295273119407       1.217631492977435E-010  1.402496720352586E-002
   9.53697769839760       1.139717125574050E-010  1.402496720352586E-002
   9.55100266560112       1.066683465444599E-010  1.402496720352586E-002
   9.56502763280465       9.982316590893157E-011  1.402496720352586E-002
   9.57905260000817       9.340807090171593E-011  1.402496720352586E-002
   9.59307756721170       8.739664348666918E-011  1.402496720352586E-002
   9.60710253441522       8.176404932390418E-011  1.402496720352586E-002
   9.62112750161875       7.648694530295605E-011  1.402496720352586E-002
   9.63515246882227       7.154339232144412E-011  1.402496720352586E-002
   9.64917743602580       6.691277302097272E-011  1.402496720352586E-002
   9.66320240322932       6.257571420729377E-011  1.402496720352586E-002
   9.67722737043285       5.851401369627098E-011  1.402496720352586E-002
   9.69125233763637       5.471057134095203E-011  1.402496720352586E-002
   9.70527730483990       5.114932400811760E-011  1.402496720352586E-002
   9.71930227204343       4.781518428507338E-011  1.402496720352586E-002
   9.73332723924695       4.469398270920547E-011  1.402496720352586E-002
   9.74735220645048       4.177241332396787E-011  1.402496720352586E-002
   9.76137717365400       3.903798237554837E-011  1.402496720352586E-002
   9.77540214085753       3.647895997448002E-011  1.402496720352586E-002
   9.78942710806105       3.408433455597422E-011  1.402496720352586E-002
   9.80345207526458       3.184376998175982E-011  1.402496720352586E-002
   9.81747704246810       2.974756513475149E-011  1.402496720352586E-002
   9.83150200967163       2.778661586596649E-011  1.402496720352586E-002
   9.84552697687515       2.595237916077600E-011  1.402496720352586E-002
   9.85955194407868       2.423683939884274E-011  1.402496720352586E-002
   9.87357691128220       2.263247658898204E-011  1.402496720352586E-002
   9.88760187848573       2.113223646670034E-011  1.402496720352586E-002
   9.90162684568925       1.972950234834257E-011  1.402496720352586E-002
   9.91565181289278       1.841806864162573E-011  1.402496720352586E-002
   9.92967678009630       1.719211591787224E-011  1.402496720352586E-002
   9.94370174729983       1.604618745649932E-011  1.402496720352586E-002
   9.95772671450336       1.497516717728144E-011  1.402496720352586E-002
   9.97175168170688       1.397425888059853E-011  1.402496720352586E-002
   9.98577664891041       1.303896672032817E-011  1.402496720352586E-002
   9.99980161611393       1.216507683824322E-011  1.402496720352586E-002
   10.0138265833175       1.134864009275753E-011  1.402496720352586E-002
   10.0278515505210       1.058595581862277E-011  1.402496720352586E-002
   10.0418765177245       9.873556557743306E-012  1.402496720352586E-002
   10.0559014849280       9.208193704639626E-012  1.402496720352586E-002
   10.0699264521316       8.586824013276543E-012  1.402496720352586E-002
   10.0839514193351       8.006596914983083E-012  1.402496720352586E-002
   10.0979763865386       7.464842600035123E-012  1.402496720352586E-002
   10.1120013537421       6.959060818164741E-012  1.402496720352586E-002
   10.1260263209457       6.486910355800700E-012  1.402496720352586E-002
   10.1400512881492       6.046199150249208E-012  1.402496720352586E-002
   10.1540762553527       5.634875003293628E-012  1.402496720352586E-002
   10.1681012225562       5.251016858837922E-012  1.402496720352586E-002
   10.1821261897598       4.892826611244948E-012  1.402496720352586E-002
   10.1961511569633       4.558621412934888E-012  1.402496720352586E-002
   10.2101761241668       4.246826451617616E-012  1.402496720352586E-002
   10.2242010913703       3.955968169239389E-012  1.402496720352586E-002
   10.2382260585739       3.684667896337244E-012  1.402496720352586E-002
   10.2522510257774       3.431635877015339E-012  1.402496720352586E-002
   10.2662759929809       3.195665661195300E-012  1.402496720352586E-002
   10.2803009601844       2.975628842147776E-012  1.402496720352586E-002
   10.2943259273880       2.770470118592514E-012  1.402496720352586E-002
   10.3083508945915       2.579202661862043E-012  1.402496720352586E-002
   10.3223758617950       2.400903769762958E-012  1.402496720352586E-002
   10.3364008289985       2.234710789844019E-012  1.402496720352586E-002
   10.3504257962021       2.079817295794083E-012  1.402496720352586E-002
   10.3644507634056       1.935469501649119E-012  1.402496720352586E-002
   10.3784757306091       1.800962899389299E-012  1.402496720352586E-002
   10.3925006978126       1.675639106357586E-012  1.402496720352586E-002
   10.4065256650162       1.558882909732855E-012  1.402496720352586E-002
   10.4205506322197       1.450119496046276E-012  1.402496720352586E-002
   10.4345755994232       1.348811854442120E-012  1.402496720352586E-002
   10.4486005666267       1.254458343055441E-012  1.402496720352586E-002
   10.4626255338303       1.166590408511678E-012  1.402496720352586E-002
   10.4766505010338       1.084770449149428E-012  1.402496720352586E-002
   10.4906754682373       1.008589813129065E-012  1.402496720352586E-002
   10.5047004354408       9.376669231190159E-013  1.402496720352586E-002
   10.5187254026444       8.716455197496811E-013  1.402496720352586E-002
   10.5327503698479       8.101930164942222E-013  1.402496720352586E-002
   10.5467753370514       7.529989590773426E-013  1.402496720352586E-002
   10.5608003042549       6.997735829291771E-013  1.402496720352586E-002
   10.5748252714585       6.502464625930281E-013  1.402496720352586E-002
   10.5888502386620       6.041652473644169E-013  1.402496720352586E-002
   10.6028752058655       5.612944777858110E-013  1.402496720352586E-002
   10.6169001730690       5.214144779479908E-013  1.402496720352586E-002
   10.6309251402726       4.843203188562221E-013  1.402496720352586E-002
   10.6449501074761       4.498208484085152E-013  1.402496720352586E-002
   10.6589750746796       4.177377838051254E-013  1.402496720352586E-002
   10.6730000418831       3.879048624643472E-013  1.402496720352586E-002
   10.6870250090867       3.601670477601140E-013  1.402496720352586E-002
   10.7010499762902       3.343797861232244E-013  1.402496720352586E-002
   10.7150749434937       3.104083122607017E-013  1.402496720352586E-002
   10.7290999106972       2.881269994477835E-013  1.402496720352586E-002
   10.7431248779008       2.674187520350336E-013  1.402496720352586E-002
   10.7571498451043       2.481744374898003E-013  1.402496720352586E-002
   10.7711748123078       2.302923554572751E-013  1.402496720352586E-002
   10.7851997795113       2.136777414824839E-013  1.402496720352586E-002
   10.7992247467149       1.982423031811925E-013  1.402496720352586E-002
   10.8132497139184       1.839037867854082E-013  1.402496720352586E-002
   10.8272746811219       1.705855721186292E-013  1.402496720352586E-002
   10.8412996483254       1.582162941774754E-013  1.402496720352586E-002
   10.8553246155290       1.467294896105200E-013  1.402496720352586E-002
   10.8693495827325       1.360632664922979E-013  1.402496720352586E-002
   10.8833745499360       1.261599958911197E-013  1.402496720352586E-002
   10.8973995171396       1.169660238237929E-013  1.402496720352586E-002
   10.9114244843431       1.084314022790281E-013  1.402496720352586E-002
   10.9254494515466       1.005096380745619E-013  1.402496720352586E-002
   10.9394744187501       9.315745839112362E-014  1.402496720352586E-002
   10.9534993859537       8.633459189969366E-014  1.402496720352586E-002
   10.9675243531572       8.000356446724753E-014  1.402496720352586E-002
   10.9815493203607       7.412950849072439E-014  1.402496720352586E-002
   10.9955742875642       6.867998496945351E-014  1.402496720352586E-002
   11.0095992547678       6.362481748304240E-014  1.402496720352586E-002
   11.0236242219713       5.893593729496160E-014  1.402496720352586E-002
   11.0376491891748       5.458723885196306E-014  1.402496720352586E-002
   11.0516741563783       5.055444499627120E-014  1.402496720352586E-002
   11.0656991235819       4.681498125135266E-014  1.402496720352586E-002
   11.0797240907854       4.334785858318996E-014  1.402496720352586E-002
   11.0937490579889       4.013356407752156E-014  1.402496720352586E-002
   11.1077740251924       3.715395900962949E-014  1.402496720352586E-002
   11.1217989923960       3.439218381709424E-014  1.402496720352586E-002
   11.1358239595995       3.183256951764112E-014  1.402496720352586E-002
   11.1498489268030       2.946055514390557E-014  1.402496720352586E-002
   11.1638738940065       2.726261079476379E-014  1.402496720352586E-002
   11.1778988612101       2.522616592892992E-014  1.402496720352586E-002
   11.1919238284136       2.333954255092309E-014  1.402496720352586E-002
   11.2059487956171       2.159189296235167E-014  1.402496720352586E-002
   11.2199737628206       1.997314177285421E-014  1.402496720352586E-002
   11.2339987300242       1.847393188505885E-014  1.402496720352586E-002
   11.2480236972277       1.708557418666517E-014  1.402496720352586E-002
   11.2620486644312       1.580000070029425E-014  1.402496720352586E-002
   11.2760736316347       1.460972095816724E-014  1.402496720352586E-002
   11.2900985988383       1.350778138403068E-014  1.402496720352586E-002
   11.3041235660418       1.248772747911818E-014  1.402496720352586E-002
   11.3181485332453       1.154356862237810E-014  1.402496720352586E-002
   11.3321735004488       1.066974530777159E-014  1.402496720352586E-002
   11.3461984676524       9.861098653203488E-015  1.402496720352586E-002
   11.3602234348559       9.112842026644529E-015  1.402496720352586E-002
   11.3742484020594       8.420534645285570E-015  1.402496720352586E-002
   11.3882733692629       7.780057013176778E-015  1.402496720352586E-002
   11.4022983364665       7.187588071790030E-015  1.402496720352586E-002
   11.4163233036700       6.639583946342672E-015  1.402496720352586E-002
   11.4303482708735       6.132758178569217E-015  1.402496720352586E-002
   11.4443732380770       5.664063343964013E-015  1.402496720352586E-002
   11.4583982052806       5.230673958370680E-015  1.402496720352586E-002
   11.4724231724841       4.829970585197468E-015  1.402496720352586E-002
   11.4864481396876       4.459525060520389E-015  1.402496720352586E-002
   11.5004731068911       4.117086758921102E-015  1.402496720352586E-002
   11.5144980740947       3.800569828126104E-015  1.402496720352586E-002
   11.5285230412982       3.508041325385420E-015  1.402496720352586E-002
   11.5425480085017       3.237710193079055E-015  1.402496720352586E-002
   11.5565729757052       2.987917015286437E-015  1.402496720352586E-002
   11.5705979429088       2.757124501020135E-015  1.402496720352586E-002
   11.5846229101123       2.543908643524862E-015  1.402496720352586E-002
   11.5986478773158       2.346950508497769E-015  1.402496720352586E-002
   11.6126728445193       2.165028607308804E-015  1.402496720352586E-002
   11.6266978117229       1.997011814307144E-015  1.402496720352586E-002
   11.6407227789264       1.841852790106211E-015  1.402496720352586E-002
   11.6547477461299       1.698581875356278E-015  1.402496720352586E-002
   11.6687727133334       1.566301421955747E-015  1.402496720352586E-002
   11.6827976805370       1.444180530928635E-015  1.402496720352586E-002
   11.6968226477405       1.331450168319253E-015  1.402496720352586E-002
   11.7108476149440       1.227398632434524E-015  1.402496720352586E-002
   11.7248725821475       1.131367347610557E-015  1.402496720352586E-002
   11.7388975493511       1.042746961400137E-015  1.402496720352586E-002
   11.7529225165546       9.609737236819929E-016  1.402496720352586E-002
   11.7669474837581       8.855261276870026E-016  1.402496720352586E-002
   11.7809724509616       8.159217943296877E-016  1.402496720352586E-002
   11.7949974181652       7.517145825307510E-016  1.402496720352586E-002
   11.8090223853687       6.924919094259359E-016  1.402496720352586E-002
   11.8230473525722       6.378722654825147E-016  1.402496720352586E-002
   11.8370723197757       5.875029105940083E-016  1.402496720352586E-002
   11.8510972869793       5.410577382008898E-016  1.402496720352586E-002
   11.8651222541828       4.982352953948250E-016  1.402496720352586E-002
   11.8791472213863       4.587569478112940E-016  1.402496720352586E-002
   11.8931721885898       4.223651789042856E-016  1.402496720352586E-002
   11.9071971557934       3.888220139310037E-016  1.402496720352586E-002
   11.9212221229969       3.579075596580626E-016  1.402496720352586E-002
   11.9352470902004       3.294186514367321E-016  1.402496720352586E-002
   11.9492720574039       3.031675998868134E-016  1.402496720352586E-002
   11.9632970246075       2.789810299795688E-016  1.402496720352586E-002
   11.9773219918110       2.566988058224965E-016  1.402496720352586E-002
   11.9913469590145       2.361730349256401E-016  1.402496720352586E-002
   12.0053719262181       2.172671461724555E-016  1.402496720352586E-002
   12.0193968934216       1.998550361307290E-016  1.402496720352586E-002
   12.0334218606251       1.838202787225960E-016  1.402496720352586E-002
   12.0474468278286       1.690553936293583E-016  1.402496720352586E-002
   12.0614717950322       1.554611691383137E-016  1.402496720352586E-002
   12.0754967622357       1.429460354471558E-016  1.402496720352586E-002
   12.0895217294392       1.314254847279545E-016  1.402496720352586E-002
   12.1035466966427       1.208215345190579E-016  1.402496720352586E-002
   12.1175716638463       1.110622312607444E-016  1.402496720352586E-002
   12.1315966310498       1.020811910204013E-016  1.402496720352586E-002
   12.1456215982533       9.381717466667567E-017  1.402496720352586E-002
   12.1596465654568       8.621369495051938E-017  1.402496720352586E-002
   12.1736715326604       7.921865313543588E-017  1.402496720352586E-002
   12.1876964998639       7.278400299048295E-017  1.402496720352586E-002
   12.2017214670674       6.686544011860249E-017  1.402496720352586E-002
   12.2157464342709       6.142211474053271E-017  1.402496720352586E-002
   12.2297714014745       5.641636619167663E-017  1.402496720352586E-002
   12.2437963686780       5.181347751656462E-017  1.402496720352586E-002
   12.2578213358815       4.758144866373564E-017  1.402496720352586E-002
   12.2718463030850       4.369078689350236E-017  1.402496720352586E-002
   12.2858712702886       4.011431311286416E-017  1.402496720352586E-002
   12.2998962374921       3.682698294625862E-017  1.402496720352586E-002
   12.3139212046956       3.380572143848653E-017  1.402496720352586E-002
   12.3279461718991       3.102927036742566E-017  1.402496720352586E-002
   12.3419711391027       2.847804721957341E-017  1.402496720352586E-002
   12.3559961063062       2.613401495139832E-017  1.402496720352586E-002
   12.3700210735097       2.398056172435434E-017  1.402496720352586E-002
   12.3840460407132       2.200238986156195E-017  1.402496720352586E-002
   12.3980710079168       2.018541332994416E-017  1.402496720352586E-002
   12.4120959751203       1.851666310330688E-017  1.402496720352586E-002
   12.4261209423238       1.698419980979583E-017  1.402496720352586E-002
   12.4401459095273       1.557703311159041E-017  1.402496720352586E-002
   12.4541708767309       1.428504730587203E-017  1.402496720352586E-002
   12.4681958439344       1.309893267426878E-017  1.402496720352586E-002
   12.4822208111379       1.201012214333024E-017  1.402496720352586E-002
   12.4962457783414       1.101073285134942E-017  1.402496720352586E-002
   12.5102707455450       1.009351224719277E-017  1.402496720352586E-002
   12.5242957127485       9.251788374909217E-018  1.402496720352586E-002
   12.5383206799520       8.479424023921377E-018  1.402496720352586E-002
   12.5523456471555       7.770774448713371E-018  1.402496720352586E-002
   12.5663706143591       7.120648384249827E-018  1.402496720352586E-002
   12.5803955815626       6.524272104031688E-018  1.402496720352586E-002
   12.5944205487661       5.977256286826946E-018  1.402496720352586E-002
   12.6084455159696       5.475565475824734E-018  1.402496720352586E-002
   12.6224704831732       5.015489930355293E-018  1.402496720352586E-002
   12.6364954503767       4.593619685485922E-018  1.402496720352586E-002
   12.6505204175802       4.206820648842054E-018  1.402496720352586E-002
   12.6645453847837       3.852212576989479E-018  1.402496720352586E-002
   12.6785703519873       3.527148785728560E-018  1.402496720352586E-002
   12.6925953191908       3.229197459766764E-018  1.402496720352586E-002
   12.7066202863943       2.956124437514186E-018  1.402496720352586E-002
   12.7206452535978       2.705877356254799E-018  1.402496720352586E-002
   12.7346702208014       2.476571051736732E-018  1.402496720352586E-002
   12.7486951880049       2.266474114353462E-018  1.402496720352586E-002
   12.7627201552084       2.073996511602153E-018  1.402496720352586E-002
   12.7767451224119       1.897678193452631E-018  1.402496720352586E-002
   12.7907700896155       1.736178603680323E-018  1.402496720352586E-002
   12.8047950568190       1.588267026151157E-018  1.402496720352586E-002
   12.8188200240225       1.452813700529646E-018  1.402496720352586E-002
   12.8328449912260       1.328781646947947E-018  1.402496720352586E-002
   12.8468699584296       1.215219143855187E-018  1.402496720352586E-002
   12.8608949256331       1.111252807590035E-018  1.402496720352586E-002
   12.8749198928366       1.016081226214200E-018  1.402496720352586E-002
   12.8889448600401       9.289691038332650E-019  1.402496720352586E-002
   12.9029698272437       8.492418750378796E-019  1.402496720352586E-002
   12.9169947944472       7.762807522441960E-019  1.402496720352586E-002
   12.9310197616507       7.095181716163025E-019  1.402496720352586E-002
   12.9450447288542       6.484336059347815E-019  1.402496720352586E-002
   12.9590696960578       5.925497152501445E-019  1.402496720352586E-002
   12.9730946632613       5.414288084441100E-019  1.402496720352586E-002
   12.9871196304648       4.946695909295092E-019  1.402496720352586E-002
   13.0011445976683       4.519041756648682E-019  1.402496720352586E-002
   13.0151695648719       4.127953364541413E-019  1.402496720352586E-002
   13.0291945320754       3.770339841578748E-019  1.402496720352586E-002
   13.0432194992789       3.443368479692438E-019  1.402496720352586E-002
   13.0572444664824       3.144443453170056E-019  1.402496720352586E-002
   13.0712694336860       2.871186252566200E-019  1.402496720352586E-002
   13.0852944008895       2.621417714085961E-019  1.402496720352586E-002
   13.0993193680930       2.393141516077875E-019  1.402496720352586E-002
   13.1133443352965       2.184529024456176E-019  1.402496720352586E-002
   13.1273693025001       1.993905378259646E-019  1.402496720352586E-002
   13.1413942697036       1.819736715206473E-019  1.402496720352586E-002
   13.1554192369071       1.660618445079458E-019  1.402496720352586E-002
   13.1694442041107       1.515264486123698E-019  1.402496720352586E-002
   13.1834691713142       1.382497386410681E-019  1.402496720352586E-002
   13.1974941385177       1.261239258360500E-019  1.402496720352586E-002
   13.2115191057212       1.150503460361395E-019  1.402496720352586E-002
   13.2255440729248       1.049386964718721E-019  1.402496720352586E-002
   13.2395690401283       9.570633560415687E-020  1.402496720352586E-002
   13.2535940073318       8.727764086645842E-020  1.402496720352586E-002
   13.2676189745353       7.958341958371296E-020  1.402496720352586E-002
   13.2816439417389       7.256036872184864E-020  1.402496720352586E-002
   13.2956689089424       6.615057947218212E-020  1.402496720352586E-002
   13.3096938761459       6.030108299757235E-020  1.402496720352586E-002
   13.3237188433494       5.496343396407696E-020  1.402496720352586E-002
   13.3377438105530       5.009332875511986E-020  1.402496720352586E-002
   13.3517687777565       4.565025551658837E-020  1.402496720352586E-002
   13.3657937449600       4.159717341264240E-020  1.402496720352586E-002
   13.3798187121635       3.790021868483252E-020  1.402496720352586E-002
   13.3938436793671       3.452843530292570E-020  1.402496720352586E-002
   13.4078686465706       3.145352817591329E-020  1.402496720352586E-002
   13.4218936137741       2.864963705729944E-020  1.402496720352586E-002
   13.4359185809776       2.609312943107409E-020  1.402496720352586E-002
   13.4499435481812       2.376241080481433E-020  1.402496720352586E-002
   13.4639685153847       2.163775096511682E-020  1.402496720352586E-002
   13.4779934825882       1.970112486892257E-020  1.402496720352586E-002
   13.4920184497917       1.793606695309475E-020  1.402496720352586E-002
   13.5060434169953       1.632753774460462E-020  1.402496720352586E-002
   13.5200683841988       1.486180174557198E-020  1.402496720352586E-002
   13.5340933514023       1.352631565185078E-020  1.402496720352586E-002
   13.5481183186058       1.230962604142659E-020  1.402496720352586E-002
   13.5621432858094       1.120127574017113E-020  1.402496720352586E-002
   13.5761682530129       1.019171813796481E-020  1.402496720352586E-002
   13.5901932202164       9.272238788336242E-021  1.402496720352586E-002
   13.6042181874199       8.434883679988251E-021  1.402496720352586E-002
   13.6182431546235       7.672393619295993E-021  1.402496720352586E-002
   13.6322681218270       6.978144209423944E-021  1.402496720352586E-002
   13.6462930890305       6.346090954457534E-021  1.402496720352586E-002
   13.6603180562340       5.770719056187893E-021  1.402496720352586E-002
   13.6743430234376       5.246997507206912E-021  1.402496720352586E-002
   13.6883679906411       4.770337117028682E-021  1.402496720352586E-002
   13.7023929578446       4.336552138290135E-021  1.402496720352586E-002
   13.7164179250481       3.941825187918128E-021  1.402496720352586E-002
   13.7304428922517       3.582675183691663E-021  1.402496720352586E-002
   13.7444678594552       3.255928040054925E-021  1.402496720352586E-002
   13.7584928266587       2.958689888528085E-021  1.402496720352586E-002
   13.7725177938622       2.688322607773875E-021  1.402496720352586E-002
   13.7865427610658       2.442421466453687E-021  1.402496720352586E-002
   13.8005677282693       2.218794698582739E-021  1.402496720352586E-002
   13.8145926954728       2.015444846290984E-021  1.402496720352586E-002
   13.8286176626763       1.830551718829917E-021  1.402496720352586E-002
   13.8426426298799       1.662456829436383E-021  1.402496720352586E-002
   13.8566675970834       1.509649183371456E-021  1.402496720352586E-002
   13.8706925642869       1.370752301180694E-021  1.402496720352586E-002
   13.8847175314904       1.244512371053261E-021  1.402496720352586E-002
   13.8987424986940       1.129787433166058E-021  1.402496720352586E-002
   13.9127674658975       1.025537507151521E-021  1.402496720352586E-002
   13.9267924331010       9.308155813885958E-022  1.402496720352586E-002
   13.9408174003045       8.447593897413414E-022  1.402496720352586E-002
   13.9548423675081       7.665839077122747E-022  1.402496720352586E-002
   13.9688673347116       6.955745057858403E-022  1.402496720352586E-002
   13.9828923019151       6.310807030560849E-022  1.402496720352586E-002
   13.9969172691186       5.725104691020825E-022  1.402496720352586E-002
   14.0109422363222       5.193250265326428E-022  1.402496720352586E-002
   14.0249672035257       4.710341107025384E-022  1.402496720352586E-002
   14.0389921707292       4.271916468374789E-022  1.402496720352586E-002
   14.0530171379327       3.873918082231634E-022  1.402496720352586E-002
   14.0670421051363       3.512654222417039E-022  1.402496720352586E-002
   14.0810670723398       3.184766939005831E-022  1.402496720352586E-002
   14.0950920395433       2.887202191176721E-022  1.402496720352586E-002
   14.1091170067468       2.617182624210188E-022  1.402496720352586E-002
   14.1231419739504       2.372182759129106E-022  1.402496720352586E-002
   14.1371669411539       2.149906383514851E-022  1.402496720352586E-002
   14.1511919083574       1.948265950353919E-022  1.402496720352586E-002
   14.1652168755609       1.765363808525557E-022  1.402496720352586E-002
   14.1792418427645       1.599475103858486E-022  1.402496720352586E-002
   14.1932668099680       1.449032203689303E-022  1.402496720352586E-002
   14.2072917771715       1.312610510655063E-022  1.402496720352586E-002
   14.2213167443750       1.188915543152641E-022  1.402496720352586E-002
   14.2353417115786       1.076771170589282E-022  1.402496720352586E-002
   14.2493666787821       9.751089013190482E-023  1.402496720352586E-002
   14.2633916459856       8.829581300869118E-023  1.402496720352586E-002
   14.2774166131891       7.994372599576468E-023  1.402496720352586E-002
   14.2914415803927       7.237456211568862E-023  1.402496720352586E-002
   14.3054665475962       6.551561160563431E-023  1.402496720352586E-002
   14.3194915147997       5.930085257499925E-023  1.402496720352586E-002
   14.3335164820033       5.367034193432832E-023  1.402496720352586E-002
   14.3475414492068       4.856966122593908E-023  1.402496720352586E-002
   14.3615664164103       4.394941245978758E-023  1.402496720352586E-002
   14.3755913836138       3.976475948999627E-023  1.402496720352586E-002
   14.3896163508174       3.597501086172826E-023  1.402496720352586E-002
   14.4036413180209       3.254324041790169E-023  1.402496720352586E-002
   14.4176662852244       2.943594228362978E-023  1.402496720352586E-002
   14.4316912524279       2.662271714590064E-023  1.402496720352586E-002
   14.4457162196315       2.407598701941891E-023  1.402496720352586E-002
   14.4597411868350       2.177073593894495E-023  1.402496720352586E-002
   14.4737661540385       1.968427424599137E-023  1.402496720352586E-002
   14.4877911212420       1.779602434526230E-023  1.402496720352586E-002
   14.5018160884456       1.608732599548180E-023  1.402496720352586E-002
   14.5158410556491       1.454125937185532E-023  1.402496720352586E-002
   14.5298660228526       1.314248429477315E-023  1.402496720352586E-002
   14.5438909900561       1.187709416284592E-023  1.402496720352586E-002
   14.5579159572597       1.073248325915859E-023  1.402496720352586E-002
   14.5719409244632       9.697226218850219E-024  1.402496720352586E-002
   14.5859658916667       8.760968554789253E-024  1.402496720352586E-002
   14.5999908588702       7.914327237140928E-024  1.402496720352586E-002
   14.6140158260738       7.148800412856227E-024  1.402496720352586E-002
   14.6280407932773       6.456685433327408E-024  1.402496720352586E-002
   14.6420657604808       5.831004433353567E-024  1.402496720352586E-002
   14.6560907276843       5.265436772789620E-024  1.402496720352586E-002
   14.6701156948879       4.754257714393809E-024  1.402496720352586E-002
   14.6841406620914       4.292282767987286E-024  1.402496720352586E-002
   14.6981656292949       3.874817182577096E-024  1.402496720352586E-002
   14.7121905964984       3.497610115021307E-024  1.402496720352586E-002
   14.7262155637020       3.156813046540952E-024  1.402496720352586E-002
   14.7402405309055       2.848942057275899E-024  1.402496720352586E-002
   14.7542654981090       2.570843604485908E-024  1.402496720352586E-002
   14.7682904653125       2.319663482219131E-024  1.402496720352586E-002
   14.7823154325161       2.092818669593837E-024  1.402496720352586E-002
   14.7963403997196       1.887971801521316E-024  1.402496720352586E-002
   14.8103653669231       1.703008019975694E-024  1.402496720352586E-002
   14.8243903341266       1.536013986001725E-024  1.402496720352586E-002
   14.8384153013302       1.385258852743107E-024  1.402496720352586E-002
   14.8524402685337       1.249177018046937E-024  1.402496720352586E-002
   14.8664652357372       1.126352491819661E-024  1.402496720352586E-002
   14.8804902029407       1.015504728422017E-024  1.402496720352586E-002
   14.8945151701443       9.154757881326576E-025  1.402496720352586E-002
   14.9085401373478       8.252187042028551E-025  1.402496720352586E-002
   14.9225651045513       7.437869433824409E-025  1.402496720352586E-002
   14.9365900717548       6.703248581201942E-025  1.402496720352586E-002
   14.9506150389584       6.040590380249124E-025  1.402496720352586E-002
   14.9646400061619       5.442904766998430E-025  1.402496720352586E-002
   14.9786649733654       4.903874778114746E-025  1.402496720352586E-002
   14.9926899405689       4.417792312933132E-025  1.402496720352586E-002
   15.0067149077725       3.979499969808324E-025  1.402496720352586E-002
   15.0207398749760       3.584338387832987E-025  1.402496720352586E-002
   15.0347648421795       3.228098577750793E-025  1.402496720352586E-002
   15.0487898093830       2.906978773812102E-025  1.402496720352586E-002
   15.0628147765866       2.617545381840291E-025  1.402496720352586E-002
   15.0768397437901       2.356697638290608E-025  1.402496720352586E-002
   15.0908647109936       2.121635630960025E-025  1.402496720352586E-002
   15.1048896781971       1.909831364573844E-025  1.402496720352586E-002
   15.1189146454007       1.719002584037209E-025  1.402496720352586E-002
   15.1329396126042       1.547089094970625E-025  1.402496720352586E-002
   15.1469645798077       1.392231345497778E-025  1.402496720352586E-002
   15.1609895470112       1.252751055348667E-025  1.402496720352586E-002
   15.1750145142148       1.127133698388569E-025  1.402496720352586E-002
   15.1890394814183       1.014012662869916E-025  1.402496720352586E-002
   15.2030644486218       9.121549302025536E-026  1.402496720352586E-002
   15.2170894158253       8.204481280016642E-026  1.402496720352586E-002
   15.2311143830289       7.378888267440990E-026  1.402496720352586E-002
   15.2451393502324       6.635719616706627E-026  1.402496720352586E-002
   15.2591643174359       5.966812727312640E-026  1.402496720352586E-002
   15.2731892846394       5.364806654868571E-026  1.402496720352586E-002
   15.2872142518430       4.823064050540847E-026  1.402496720352586E-002
   15.3012392190465       4.335600634921262E-026  1.402496720352586E-002
   15.3152641862500       3.897021485663145E-026  1.402496720352586E-002
   15.3292891534535       3.502463486519180E-026  1.402496720352586E-002
   15.3433141206571       3.147543347291671E-026  1.402496720352586E-002
   15.3573390878606       2.828310660272978E-026  1.402496720352586E-002
   15.3713640550641       2.541205509546354E-026  1.402496720352586E-002
   15.3853890222676       2.283020195529542E-026  1.402496720352586E-002
   15.3994139894712       2.050864678819107E-026  1.402496720352586E-002
   15.4134389566747       1.842135385139034E-026  1.402496720352586E-002
   15.4274639238782       1.654487047376919E-026  1.402496720352586E-002
   15.4414888910818       1.485807291641893E-026  1.402496720352586E-002
   15.4555138582853       1.334193702299218E-026  1.402496720352586E-002
   15.4695388254888       1.197933126304662E-026  1.402496720352586E-002
   15.4835637926923       1.075483000123423E-026  1.402496720352586E-002
   15.4975887598959       9.654545033021100E-027  1.402496720352586E-002
   15.5116137270994       8.665973615703972E-027  1.402496720352586E-002
   15.5256386943029       7.777861393691126E-027  1.402496720352586E-002
   15.5396636615064       6.980078771012926E-027  1.402496720352586E-002
   15.5536886287100       6.263509423346308E-027  1.402496720352586E-002
   15.5677135959135       5.619949767873530E-027  1.402496720352586E-002
   15.5817385631170       5.042018323290317E-027  1.402496720352586E-002
   15.5957635303205       4.523073995383100E-027  1.402496720352586E-002
   15.6097884975241       4.057142416830537E-027  1.402496720352586E-002
   15.6238134647276       3.638849554194187E-027  1.402496720352586E-002
   15.6378384319311       3.263361871286569E-027  1.402496720352586E-002
   15.6518633991346       2.926332407016497E-027  1.402496720352586E-002
   15.6658883663382       2.623852188101338E-027  1.402496720352586E-002
   15.6799133335417       2.352406453336942E-027  1.402496720352586E-002
   15.6939383007452       2.108835216997626E-027  1.402496720352586E-002
