   
  PADE SELF ENERGY DATA ick=           1
  order   Im[sigma(0)] 
           1 -0.235691662249531     
           2 -0.228718651415431     
           3 -0.225821897698428     
           4 -0.201486868018868     
           5 -0.199102860536461     
           6 -0.194333194016861     
           7 -0.185232766768383     
           8 -0.185735555279401     
           9 -0.185110275971866     
          10 -0.183787191129040     
          11 -0.183865042056335     
          12 -0.184186927193792     
          13 -0.184086932157751     
          14 -0.184105077179641     
          15 -0.184083209300281     
          16 -0.184079090521709     
          17 -0.184083354058457     
          18 -0.184081532680595     
          19 -0.184079835029038     
          20 -0.184081435889463     
          21 -0.184079706687346     
          22 -0.184081254924930     
          23 -0.184087183633935     
          24 -0.184081726918017     
          25 -0.184066715228042     
          26 -0.184084839148820     
          27 -0.184073401373705     
          28 -0.184082711190867     
          29 -0.184077509544255     
          30 -0.184083169099387     
          31 -0.184083374870827     
          32 -0.184082922417511     
          33 -0.184084098980746     
          34 -0.184081967265348     
          35 -0.184084416243653     
          36 -0.184081311261350     
          37 -0.184083976872904     
          38 -0.184080373442427     
          39 -0.184083338602990     
          40 -0.184076107106310     
   
   
  PADE SELF ENERGY DATA ick=           2
  order   Im[sigma(0)] 
           1 -0.235901707179037     
           2 -0.229357849010271     
           3 -0.226774490858172     
           4 -0.203013770792548     
           5 -0.200640315597187     
           6 -0.197351856840688     
           7 -0.187892829036400     
           8 -0.187744890544214     
           9 -0.187178493128524     
          10 -0.186024135040505     
          11 -0.186055724492655     
          12 -0.186102174443726     
          13 -0.186066764041373     
          14 -0.186027872765550     
          15 -0.186077243159894     
          16 -0.186063952095771     
          17 -0.186061187393085     
          18 -0.186066326715663     
          19 -0.185972429159730     
          20 -0.186081159564573     
          21 -0.185514135750810     
          22 -0.185530893760455     
          23 -0.185530101632525     
          24 -0.185921315200675     
          25 -0.185440974336210     
          26 -0.185799029064644     
          27 -0.185579581732354     
          28 -0.185850042113418     
          29 -0.185868803856032     
          30 -0.185851227826802     
          31 -0.185764374777451     
          32 -0.185912291280078     
          33 -0.185775818860865     
          34 -0.185873230715252     
          35 -0.185793499991986     
          36 -0.185074506963031     
          37 -0.185752166326851     
          38 -0.185402090364522     
          39 -0.185701385460558     
          40 -0.185376111492185     
   
   
  PADE SELF ENERGY DATA ick=           3
  order   Im[sigma(0)] 
           1 -0.235413237550186     
           2 -0.228008973777642     
           3 -0.224808310247751     
           4 -0.199507163655518     
           5 -0.197029219234118     
           6 -0.190909391827741     
           7 -0.181726883974580     
           8 -0.182924750324236     
           9 -0.182207836714343     
          10 -0.180571032606024     
          11 -0.180652063583445     
          12 -0.180919004777978     
          13 -0.180839575060009     
          14 -0.180826876531832     
          15 -0.180839956354914     
          16 -0.180849031285784     
          17 -0.180891554271579     
          18 -0.180851293560786     
          19 -0.180533520651300     
          20 -0.180839692547098     
          21 -0.180837400138136     
          22 -0.180822428083635     
          23 -0.180836146020411     
          24 -0.180886321668519     
          25 -0.180767259952522     
          26 -0.180881171849579     
          27 -0.180786935840028     
          28 -0.180897408190299     
          29 -0.180902763822028     
          30 -0.180897559513742     
          31 -0.180902677784501     
          32 -0.180921952111194     
          33 -0.180901031386114     
          34 -0.180947683214466     
          35 -0.180903066102389     
          36 -0.181015529335870     
          37 -0.180911928875273     
          38 -0.180924126889055     
          39 -0.180989051416059     
          40 -0.180946125301655     
   
   
  PADE SELF ENERGY DATA ick=           4
  order   Im[sigma(0)] 
           1 -0.235738100914427     
           2 -0.229537766954257     
           3 -0.227278549160766     
           4 -0.202790346579002     
           5 -0.200061099394728     
           6 -0.197992844341611     
           7 -0.183359441525717     
           8 -0.185491260088417     
           9 -0.184804147681353     
          10 -0.183386030541133     
          11 -0.183474549536408     
          12 -0.183773525465051     
          13 -0.183689882938646     
          14 -0.183684814249952     
          15 -0.183690745884042     
          16 -0.183684121146130     
          17 -0.183696966526231     
          18 -0.183686832007265     
          19 -0.183399924894993     
          20 -0.183571458501611     
          21 -0.183405108032243     
          22 -0.183593895647995     
          23 -0.183649906765664     
          24 -0.183680840467537     
          25 -0.183530894944325     
          26 -0.183612835791724     
          27 -0.183503295947306     
          28 -0.183693473850112     
          29 -0.183416713194543     
          30 -0.183691068490422     
          31 -0.183847398940494     
          32 -0.183691827472618     
          33 -0.183714095406233     
          34 -0.183690598012804     
          35 -0.183693493259696     
          36 -0.183691893847074     
          37 -0.183697572628689     
          38 -0.183691989699381     
          39 -0.183688309491003     
          40 -0.183697940477617     
   
   
  PADE SELF ENERGY DATA ick=           5
  order   Im[sigma(0)] 
           1 -0.235996732411288     
           2 -0.229082066862098     
           3 -0.226161602207162     
           4 -0.202661831914577     
           5 -0.200515777615685     
           6 -0.194277635950722     
           7 -0.186354556663561     
           8 -0.188574881756495     
           9 -0.187962913188485     
          10 -0.186558663710551     
          11 -0.186632804853236     
          12 -0.186886182063211     
          13 -0.186802932882224     
          14 -0.186808200296505     
          15 -0.186802745666562     
          16 -0.186798352105253     
          17 -0.186798489034351     
          18 -0.186798829507861     
          19 -0.186796850925752     
          20 -0.186799999126794     
          21 -0.186796598831487     
          22 -0.186796776870981     
          23 -0.186796592705757     
          24 -0.186797888788032     
          25 -0.186796187099427     
          26 -0.186797787514892     
          27 -0.186797382988681     
          28 -0.186797361416701     
          29 -0.186797654335013     
          30 -0.186797153543901     
          31 -0.186799440428722     
          32 -0.186797091597125     
          33 -0.186798275509688     
          34 -0.186798350468052     
          35 -0.186798191292360     
          36 -0.186804635646277     
          37 -0.186798253478144     
          38 -0.186806210288318     
          39 -0.186799535439567     
          40 -0.186807166648074     
   
   
  PADE SELF ENERGY DATA ick=           6
  order   Im[sigma(0)] 
           1 -0.234782090276960     
           2 -0.226917801831499     
           3 -0.223467819133329     
           4 -0.196164881076631     
           5 -0.193406742912700     
           6 -0.187256636730306     
           7 -0.178546456397654     
           8 -0.179851042448563     
           9 -0.179256765634337     
          10 -0.177926072970777     
          11 -0.178001748916351     
          12 -0.178223530778153     
          13 -0.178144848722404     
          14 -0.178140607440349     
          15 -0.178144863674824     
          16 -0.178130915297757     
          17 -0.178170372694885     
          18 -0.178141383376803     
          19 -0.178033475533056     
          20 -0.178129471623001     
          21 -0.177959126619328     
          22 -0.178148372780337     
          23 -0.177951237890777     
          24 -0.177998110000628     
          25 -0.177948323466755     
          26 -0.178017736441510     
          27 -0.177981406433421     
          28 -0.178028192330219     
          29 -0.177985968068136     
          30 -0.178003916513203     
          31 -0.177985975870877     
          32 -0.177945938859554     
          33 -0.177981955101235     
          34 -0.178057789419134     
          35 -0.177974604346953     
          36 -0.178256141809684     
          37 -0.178072585578906     
          38 -0.178261574299564     
          39 -0.178028248625221     
          40 -0.178263324939793     
   
