  ick  Kcx(ick)   Kcy(ick)   degeneracy
   1 -1.570796  -1.570796      4
   2 -1.570796   0.000000      4
   3 -1.570796   3.141593      4
   4  0.000000   0.000000      1
   5  0.000000   3.141593      2
   6  3.141593   3.141593      1
   
   7 -1.570796   1.570796
   8  0.000000  -1.570796
   9  0.000000   1.570796
  10  1.570796  -1.570796
  11  1.570796   0.000000
  12  1.570796   1.570796
  13  1.570796   3.141593
  14  3.141593  -1.570796
  15  3.141593   0.000000
  16  3.141593   1.570796
