-.720347E+01 0.192763E-05 0.963546E+00
-.635311E+01 0.811204E-05 0.750507E+00
-.568144E+01 0.244136E-04 0.601129E+00
-.513741E+01 0.602816E-04 0.492361E+00
-.468773E+01 0.129394E-03 0.410713E+00
-.430975E+01 0.249175E-03 0.347866E+00
-.398754E+01 0.439208E-03 0.298460E+00
-.370955E+01 0.718874E-03 0.258919E+00
-.346724E+01 0.110493E-02 0.226781E+00
-.325411E+01 0.160977E-02 0.200308E+00
-.306516E+01 0.224073E-02 0.178243E+00
-.289646E+01 0.300036E-02 0.159658E+00
-.274491E+01 0.388729E-02 0.143858E+00
-.260800E+01 0.489726E-02 0.130314E+00
-.248367E+01 0.602407E-02 0.118616E+00
-.237026E+01 0.726027E-02 0.108443E+00
-.226636E+01 0.859768E-02 0.995405E-01
-.217082E+01 0.100277E-01 0.917062E-01
-.208265E+01 0.115415E-01 0.847755E-01
-.200101E+01 0.131304E-01 0.786148E-01
-.192520E+01 0.147855E-01 0.731141E-01
-.185460E+01 0.164984E-01 0.681823E-01
-.178867E+01 0.182609E-01 0.637438E-01
-.172697E+01 0.200652E-01 0.597348E-01
-.166908E+01 0.219042E-01 0.561018E-01
-.161465E+01 0.237713E-01 0.527991E-01
-.156338E+01 0.256606E-01 0.497880E-01
-.151499E+01 0.275668E-01 0.470351E-01
-.146923E+01 0.294857E-01 0.445118E-01
-.142590E+01 0.314133E-01 0.421932E-01
-.138479E+01 0.333469E-01 0.400578E-01
-.134573E+01 0.352840E-01 0.380869E-01
-.130856E+01 0.372233E-01 0.362640E-01
-.127316E+01 0.391636E-01 0.345746E-01
-.123937E+01 0.411046E-01 0.330061E-01
-.120711E+01 0.430464E-01 0.315473E-01
-.117625E+01 0.449897E-01 0.301881E-01
-.114670E+01 0.469353E-01 0.289197E-01
-.111838E+01 0.488848E-01 0.277342E-01
-.109121E+01 0.508397E-01 0.266247E-01
-.106511E+01 0.528020E-01 0.255847E-01
-.104002E+01 0.547740E-01 0.246085E-01
-.101587E+01 0.567578E-01 0.236912E-01
-.992616E+00 0.587562E-01 0.228280E-01
-.970198E+00 0.607718E-01 0.220149E-01
-.948570E+00 0.628074E-01 0.212480E-01
-.927688E+00 0.648659E-01 0.205239E-01
-.907509E+00 0.669504E-01 0.198396E-01
-.887996E+00 0.690640E-01 0.191921E-01
-.869114E+00 0.712098E-01 0.185790E-01
-.850828E+00 0.733911E-01 0.179978E-01
-.833108E+00 0.756113E-01 0.174464E-01
-.815926E+00 0.778736E-01 0.169227E-01
-.799254E+00 0.801817E-01 0.164251E-01
-.783068E+00 0.825389E-01 0.159518E-01
-.767343E+00 0.849489E-01 0.155013E-01
-.752058E+00 0.874153E-01 0.150721E-01
-.737192E+00 0.899420E-01 0.146630E-01
-.722726E+00 0.925328E-01 0.142727E-01
-.708641E+00 0.951915E-01 0.139001E-01
-.694920E+00 0.979221E-01 0.135442E-01
-.681547E+00 0.100729E+00 0.132040E-01
-.668507E+00 0.103616E+00 0.128787E-01
-.655785E+00 0.106587E+00 0.125674E-01
-.643368E+00 0.109647E+00 0.122693E-01
-.631242E+00 0.112801E+00 0.119836E-01
-.619397E+00 0.116052E+00 0.117099E-01
-.607819E+00 0.119406E+00 0.114473E-01
-.596498E+00 0.122866E+00 0.111953E-01
-.585425E+00 0.126439E+00 0.109535E-01
-.574588E+00 0.130127E+00 0.107212E-01
-.563979E+00 0.133937E+00 0.104980E-01
-.553589E+00 0.137873E+00 0.102834E-01
-.543410E+00 0.141939E+00 0.100770E-01
-.533433E+00 0.146140E+00 0.987847E-02
-.523651E+00 0.150480E+00 0.968738E-02
-.514056E+00 0.154963E+00 0.950338E-02
-.504641E+00 0.159594E+00 0.932615E-02
-.495401E+00 0.164376E+00 0.915538E-02
-.486329E+00 0.169311E+00 0.899079E-02
-.477418E+00 0.174404E+00 0.883208E-02
-.468663E+00 0.179655E+00 0.867901E-02
-.460058E+00 0.185066E+00 0.853133E-02
-.451598E+00 0.190639E+00 0.838881E-02
-.443279E+00 0.196373E+00 0.825123E-02
-.435094E+00 0.202268E+00 0.811837E-02
-.427040E+00 0.208322E+00 0.799006E-02
-.419113E+00 0.214532E+00 0.786609E-02
-.411307E+00 0.220896E+00 0.774630E-02
-.403619E+00 0.227410E+00 0.763052E-02
-.396044E+00 0.234067E+00 0.751859E-02
-.388580E+00 0.240863E+00 0.741036E-02
-.381223E+00 0.247790E+00 0.730569E-02
-.373968E+00 0.254841E+00 0.720445E-02
-.366813E+00 0.262008E+00 0.710649E-02
-.359754E+00 0.269282E+00 0.701172E-02
-.352788E+00 0.276656E+00 0.691999E-02
-.345913E+00 0.284119E+00 0.683122E-02
-.339125E+00 0.291661E+00 0.674529E-02
-.332421E+00 0.299275E+00 0.666210E-02
-.325800E+00 0.306950E+00 0.658155E-02
-.319257E+00 0.314677E+00 0.650356E-02
-.312792E+00 0.322447E+00 0.642804E-02
-.306400E+00 0.330251E+00 0.635491E-02
-.300081E+00 0.338081E+00 0.628408E-02
-.293831E+00 0.345928E+00 0.621549E-02
-.287649E+00 0.353786E+00 0.614906E-02
-.281533E+00 0.361647E+00 0.608472E-02
-.275479E+00 0.369505E+00 0.602241E-02
-.269487E+00 0.377353E+00 0.596207E-02
-.263555E+00 0.385185E+00 0.590363E-02
-.257679E+00 0.392997E+00 0.584703E-02
-.251860E+00 0.400784E+00 0.579224E-02
-.246094E+00 0.408540E+00 0.573918E-02
-.240381E+00 0.416263E+00 0.568782E-02
-.234718E+00 0.423949E+00 0.563810E-02
-.229104E+00 0.431594E+00 0.558998E-02
-.223538E+00 0.439196E+00 0.554342E-02
-.218017E+00 0.446752E+00 0.549837E-02
-.212540E+00 0.454260E+00 0.545479E-02
-.207107E+00 0.461718E+00 0.541265E-02
-.201715E+00 0.469125E+00 0.537192E-02
-.196362E+00 0.476479E+00 0.533254E-02
-.191049E+00 0.483779E+00 0.529450E-02
-.185773E+00 0.491023E+00 0.525776E-02
-.180533E+00 0.498211E+00 0.522229E-02
-.175328E+00 0.505343E+00 0.518806E-02
-.170157E+00 0.512417E+00 0.515504E-02
-.165018E+00 0.519432E+00 0.512321E-02
-.159910E+00 0.526390E+00 0.509254E-02
-.154832E+00 0.533289E+00 0.506301E-02
-.149783E+00 0.540129E+00 0.503459E-02
-.144763E+00 0.546909E+00 0.500726E-02
-.139769E+00 0.553631E+00 0.498100E-02
-.134800E+00 0.560293E+00 0.495579E-02
-.129857E+00 0.566896E+00 0.493161E-02
-.124937E+00 0.573440E+00 0.490845E-02
-.120039E+00 0.579924E+00 0.488628E-02
-.115164E+00 0.586349E+00 0.486508E-02
-.110309E+00 0.592714E+00 0.484485E-02
-.105474E+00 0.599020E+00 0.482557E-02
-.100657E+00 0.605267E+00 0.480723E-02
-.958590E-01 0.611453E+00 0.478980E-02
-.910775E-01 0.617580E+00 0.477328E-02
-.863121E-01 0.623647E+00 0.475766E-02
-.815619E-01 0.629654E+00 0.474292E-02
-.768260E-01 0.635601E+00 0.472906E-02
-.721035E-01 0.641487E+00 0.471607E-02
-.673936E-01 0.647311E+00 0.470392E-02
-.626954E-01 0.653075E+00 0.469263E-02
-.580080E-01 0.658776E+00 0.468217E-02
-.533308E-01 0.664415E+00 0.467255E-02
-.486627E-01 0.669991E+00 0.466375E-02
-.440030E-01 0.675503E+00 0.465577E-02
-.393509E-01 0.680951E+00 0.464861E-02
-.347055E-01 0.686332E+00 0.464225E-02
-.300661E-01 0.691647E+00 0.463669E-02
-.254318E-01 0.696894E+00 0.463194E-02
-.208019E-01 0.702073E+00 0.462799E-02
-.161756E-01 0.707181E+00 0.462482E-02
-.115520E-01 0.712217E+00 0.462246E-02
-.693043E-02 0.717179E+00 0.462088E-02
-.231001E-02 0.722067E+00 0.462009E-02
0.231001E-02 0.726878E+00 0.462009E-02
0.693043E-02 0.731609E+00 0.462088E-02
0.115520E-01 0.736260E+00 0.462246E-02
0.161756E-01 0.740827E+00 0.462482E-02
0.208019E-01 0.745309E+00 0.462799E-02
0.254318E-01 0.749702E+00 0.463194E-02
0.300661E-01 0.754005E+00 0.463669E-02
0.347055E-01 0.758213E+00 0.464225E-02
0.393509E-01 0.762324E+00 0.464861E-02
0.440030E-01 0.766336E+00 0.465577E-02
0.486627E-01 0.770243E+00 0.466375E-02
0.533308E-01 0.774044E+00 0.467255E-02
0.580080E-01 0.777734E+00 0.468217E-02
0.626954E-01 0.781310E+00 0.469263E-02
0.673936E-01 0.784767E+00 0.470392E-02
0.721035E-01 0.788101E+00 0.471607E-02
0.768260E-01 0.791309E+00 0.472906E-02
0.815619E-01 0.794385E+00 0.474292E-02
0.863121E-01 0.797326E+00 0.475766E-02
0.910775E-01 0.800127E+00 0.477328E-02
0.958590E-01 0.802783E+00 0.478980E-02
0.100657E+00 0.805290E+00 0.480723E-02
0.105474E+00 0.807642E+00 0.482557E-02
0.110309E+00 0.809836E+00 0.484485E-02
0.115164E+00 0.811865E+00 0.486508E-02
0.120039E+00 0.813727E+00 0.488628E-02
0.124937E+00 0.815415E+00 0.490845E-02
0.129857E+00 0.816926E+00 0.493161E-02
0.134800E+00 0.818255E+00 0.495579E-02
0.139769E+00 0.819398E+00 0.498100E-02
0.144763E+00 0.820351E+00 0.500726E-02
0.149783E+00 0.821110E+00 0.503459E-02
0.154832E+00 0.821672E+00 0.506301E-02
0.159910E+00 0.822032E+00 0.509254E-02
0.165018E+00 0.822189E+00 0.512321E-02
0.170157E+00 0.822139E+00 0.515504E-02
0.175328E+00 0.821881E+00 0.518806E-02
0.180533E+00 0.821412E+00 0.522229E-02
0.185773E+00 0.820731E+00 0.525776E-02
0.191049E+00 0.819837E+00 0.529450E-02
0.196362E+00 0.818729E+00 0.533254E-02
0.201715E+00 0.817407E+00 0.537192E-02
0.207107E+00 0.815870E+00 0.541265E-02
0.212540E+00 0.814119E+00 0.545479E-02
0.218017E+00 0.812155E+00 0.549837E-02
0.223538E+00 0.809979E+00 0.554342E-02
0.229104E+00 0.807593E+00 0.558998E-02
0.234718E+00 0.804997E+00 0.563810E-02
0.240381E+00 0.802195E+00 0.568782E-02
0.246094E+00 0.799189E+00 0.573918E-02
0.251860E+00 0.795980E+00 0.579224E-02
0.257679E+00 0.792573E+00 0.584703E-02
0.263555E+00 0.788968E+00 0.590363E-02
0.269487E+00 0.785170E+00 0.596207E-02
0.275479E+00 0.781182E+00 0.602241E-02
0.281533E+00 0.777007E+00 0.608472E-02
0.287649E+00 0.772647E+00 0.614906E-02
0.293831E+00 0.768107E+00 0.621549E-02
0.300081E+00 0.763389E+00 0.628408E-02
0.306400E+00 0.758496E+00 0.635491E-02
0.312792E+00 0.753432E+00 0.642804E-02
0.319257E+00 0.748200E+00 0.650356E-02
0.325800E+00 0.742802E+00 0.658155E-02
0.332421E+00 0.737243E+00 0.666210E-02
0.339125E+00 0.731523E+00 0.674529E-02
0.345913E+00 0.725647E+00 0.683122E-02
0.352788E+00 0.719617E+00 0.691999E-02
0.359754E+00 0.713434E+00 0.701172E-02
0.366813E+00 0.707103E+00 0.710649E-02
0.373968E+00 0.700623E+00 0.720445E-02
0.381223E+00 0.693999E+00 0.730569E-02
0.388580E+00 0.687231E+00 0.741036E-02
0.396044E+00 0.680321E+00 0.751859E-02
0.403619E+00 0.673271E+00 0.763052E-02
0.411307E+00 0.666083E+00 0.774630E-02
0.419113E+00 0.658757E+00 0.786609E-02
0.427040E+00 0.651295E+00 0.799006E-02
0.435094E+00 0.643697E+00 0.811837E-02
0.443279E+00 0.635966E+00 0.825123E-02
0.451598E+00 0.628100E+00 0.838881E-02
0.460058E+00 0.620102E+00 0.853133E-02
0.468663E+00 0.611972E+00 0.867901E-02
0.477418E+00 0.603709E+00 0.883208E-02
0.486329E+00 0.595315E+00 0.899079E-02
0.495401E+00 0.586790E+00 0.915538E-02
0.504641E+00 0.578134E+00 0.932615E-02
0.514056E+00 0.569347E+00 0.950338E-02
0.523651E+00 0.560430E+00 0.968738E-02
0.533433E+00 0.551382E+00 0.987847E-02
0.543410E+00 0.542204E+00 0.100770E-01
0.553589E+00 0.532897E+00 0.102834E-01
0.563979E+00 0.523461E+00 0.104980E-01
0.574588E+00 0.513896E+00 0.107212E-01
0.585425E+00 0.504204E+00 0.109535E-01
0.596498E+00 0.494385E+00 0.111953E-01
0.607819E+00 0.484442E+00 0.114473E-01
0.619397E+00 0.474374E+00 0.117099E-01
0.631242E+00 0.464186E+00 0.119836E-01
0.643368E+00 0.453880E+00 0.122693E-01
0.655785E+00 0.443459E+00 0.125674E-01
0.668507E+00 0.432928E+00 0.128787E-01
0.681547E+00 0.422291E+00 0.132040E-01
0.694920E+00 0.411555E+00 0.135442E-01
0.708641E+00 0.400727E+00 0.139001E-01
0.722726E+00 0.389815E+00 0.142727E-01
0.737192E+00 0.378830E+00 0.146630E-01
0.752058E+00 0.367782E+00 0.150721E-01
0.767343E+00 0.356686E+00 0.155013E-01
0.783068E+00 0.345554E+00 0.159518E-01
0.799254E+00 0.334404E+00 0.164251E-01
0.815926E+00 0.323254E+00 0.169227E-01
0.833108E+00 0.312124E+00 0.174464E-01
0.850828E+00 0.301036E+00 0.179978E-01
0.869114E+00 0.290012E+00 0.185790E-01
0.887996E+00 0.279077E+00 0.191921E-01
0.907509E+00 0.268256E+00 0.198396E-01
0.927688E+00 0.257573E+00 0.205239E-01
0.948570E+00 0.247052E+00 0.212480E-01
0.970198E+00 0.236718E+00 0.220149E-01
0.992616E+00 0.226592E+00 0.228280E-01
0.101587E+01 0.216693E+00 0.236912E-01
0.104002E+01 0.207037E+00 0.246085E-01
0.106511E+01 0.197636E+00 0.255847E-01
0.109121E+01 0.188499E+00 0.266247E-01
0.111838E+01 0.179631E+00 0.277342E-01
0.114670E+01 0.171032E+00 0.289197E-01
0.117625E+01 0.162698E+00 0.301881E-01
0.120711E+01 0.154624E+00 0.315473E-01
0.123937E+01 0.146797E+00 0.330061E-01
0.127316E+01 0.139206E+00 0.345746E-01
0.130856E+01 0.131835E+00 0.362640E-01
0.134573E+01 0.124668E+00 0.380869E-01
0.138479E+01 0.117685E+00 0.400578E-01
0.142590E+01 0.110871E+00 0.421932E-01
0.146923E+01 0.104205E+00 0.445118E-01
0.151499E+01 0.976716E-01 0.470351E-01
0.156338E+01 0.912549E-01 0.497880E-01
0.161465E+01 0.849422E-01 0.527991E-01
0.166908E+01 0.787239E-01 0.561018E-01
0.172697E+01 0.725948E-01 0.597348E-01
0.178867E+01 0.665549E-01 0.637438E-01
0.185460E+01 0.606104E-01 0.681823E-01
0.192520E+01 0.547739E-01 0.731141E-01
0.200101E+01 0.490655E-01 0.786148E-01
0.208265E+01 0.435120E-01 0.847755E-01
0.217082E+01 0.381468E-01 0.917062E-01
0.226636E+01 0.330085E-01 0.995405E-01
0.237026E+01 0.281388E-01 0.108443E+00
0.248367E+01 0.235805E-01 0.118616E+00
0.260800E+01 0.193749E-01 0.130314E+00
0.274491E+01 0.155586E-01 0.143858E+00
0.289646E+01 0.121623E-01 0.159658E+00
0.306516E+01 0.920796E-02 0.178243E+00
0.325411E+01 0.670835E-02 0.200308E+00
0.346724E+01 0.466480E-02 0.226781E+00
0.370955E+01 0.306510E-02 0.258919E+00
0.398754E+01 0.188026E-02 0.298460E+00
0.430975E+01 0.106192E-02 0.347866E+00
0.468773E+01 0.543431E-03 0.410713E+00
0.513741E+01 0.247249E-03 0.492361E+00
0.568144E+01 0.974838E-04 0.601129E+00
0.635311E+01 0.319316E-04 0.750507E+00
0.720347E+01 0.795303E-05 0.963546E+00
