-.720347E+01 0.211079E-05 0.963546E+00
-.635311E+01 0.912447E-05 0.750507E+00
-.568144E+01 0.278938E-04 0.601129E+00
-.513741E+01 0.695973E-04 0.492361E+00
-.468773E+01 0.150511E-03 0.410713E+00
-.430975E+01 0.291609E-03 0.347866E+00
-.398754E+01 0.517092E-03 0.298460E+00
-.370955E+01 0.852275E-03 0.258919E+00
-.346724E+01 0.132148E-02 0.226781E+00
-.325411E+01 0.194647E-02 0.200308E+00
-.306516E+01 0.274575E-02 0.178243E+00
-.289646E+01 0.373435E-02 0.159658E+00
-.274491E+01 0.492416E-02 0.143858E+00
-.260800E+01 0.632429E-02 0.130314E+00
-.248367E+01 0.794134E-02 0.118616E+00
-.237026E+01 0.977972E-02 0.108443E+00
-.226636E+01 0.118417E-01 0.995405E-01
-.217082E+01 0.141277E-01 0.917062E-01
-.208265E+01 0.166361E-01 0.847755E-01
-.200101E+01 0.193636E-01 0.786148E-01
-.192520E+01 0.223054E-01 0.731141E-01
-.185460E+01 0.254553E-01 0.681823E-01
-.178867E+01 0.288062E-01 0.637438E-01
-.172697E+01 0.323499E-01 0.597348E-01
-.166908E+01 0.360783E-01 0.561018E-01
-.161465E+01 0.399830E-01 0.527991E-01
-.156338E+01 0.440558E-01 0.497880E-01
-.151499E+01 0.482893E-01 0.470351E-01
-.146923E+01 0.526768E-01 0.445118E-01
-.142590E+01 0.572128E-01 0.421932E-01
-.138479E+01 0.618929E-01 0.400578E-01
-.134573E+01 0.667142E-01 0.380869E-01
-.130856E+01 0.716752E-01 0.362640E-01
-.127316E+01 0.767758E-01 0.345746E-01
-.123937E+01 0.820175E-01 0.330061E-01
-.120711E+01 0.874034E-01 0.315473E-01
-.117625E+01 0.929380E-01 0.301881E-01
-.114670E+01 0.986271E-01 0.289197E-01
-.111838E+01 0.104478E+00 0.277342E-01
-.109121E+01 0.110499E+00 0.266247E-01
-.106511E+01 0.116701E+00 0.255847E-01
-.104002E+01 0.123094E+00 0.246085E-01
-.101587E+01 0.129690E+00 0.236912E-01
-.992616E+00 0.136503E+00 0.228280E-01
-.970198E+00 0.143548E+00 0.220149E-01
-.948570E+00 0.150839E+00 0.212480E-01
-.927688E+00 0.158392E+00 0.205239E-01
-.907509E+00 0.166226E+00 0.198396E-01
-.887996E+00 0.174357E+00 0.191921E-01
-.869114E+00 0.182806E+00 0.185790E-01
-.850828E+00 0.191591E+00 0.179978E-01
-.833108E+00 0.200732E+00 0.174464E-01
-.815926E+00 0.210251E+00 0.169227E-01
-.799254E+00 0.220169E+00 0.164251E-01
-.783068E+00 0.230506E+00 0.159518E-01
-.767343E+00 0.241285E+00 0.155013E-01
-.752058E+00 0.252526E+00 0.150721E-01
-.737192E+00 0.264251E+00 0.146630E-01
-.722726E+00 0.276478E+00 0.142727E-01
-.708641E+00 0.289227E+00 0.139001E-01
-.694920E+00 0.302515E+00 0.135442E-01
-.681547E+00 0.316356E+00 0.132040E-01
-.668507E+00 0.330762E+00 0.128787E-01
-.655785E+00 0.345741E+00 0.125674E-01
-.643368E+00 0.361297E+00 0.122693E-01
-.631242E+00 0.377429E+00 0.119836E-01
-.619397E+00 0.394132E+00 0.117099E-01
-.607819E+00 0.411391E+00 0.114473E-01
-.596498E+00 0.429188E+00 0.111953E-01
-.585425E+00 0.447496E+00 0.109535E-01
-.574588E+00 0.466280E+00 0.107212E-01
-.563979E+00 0.485498E+00 0.104980E-01
-.553589E+00 0.505100E+00 0.102834E-01
-.543410E+00 0.525031E+00 0.100770E-01
-.533433E+00 0.545225E+00 0.987847E-02
-.523651E+00 0.565615E+00 0.968738E-02
-.514056E+00 0.586128E+00 0.950338E-02
-.504641E+00 0.606687E+00 0.932615E-02
-.495401E+00 0.627214E+00 0.915538E-02
-.486329E+00 0.647632E+00 0.899079E-02
-.477418E+00 0.667865E+00 0.883208E-02
-.468663E+00 0.687838E+00 0.867901E-02
-.460058E+00 0.707483E+00 0.853133E-02
-.451598E+00 0.726734E+00 0.838881E-02
-.443279E+00 0.745533E+00 0.825123E-02
-.435094E+00 0.763828E+00 0.811837E-02
-.427040E+00 0.781573E+00 0.799006E-02
-.419113E+00 0.798731E+00 0.786609E-02
-.411307E+00 0.815272E+00 0.774630E-02
-.403619E+00 0.831170E+00 0.763052E-02
-.396044E+00 0.846408E+00 0.751859E-02
-.388580E+00 0.860976E+00 0.741036E-02
-.381223E+00 0.874868E+00 0.730569E-02
-.373968E+00 0.888084E+00 0.720445E-02
-.366813E+00 0.900629E+00 0.710649E-02
-.359754E+00 0.912511E+00 0.701172E-02
-.352788E+00 0.923743E+00 0.691999E-02
-.345913E+00 0.934338E+00 0.683122E-02
-.339125E+00 0.944315E+00 0.674529E-02
-.332421E+00 0.953692E+00 0.666210E-02
-.325800E+00 0.962490E+00 0.658155E-02
-.319257E+00 0.970731E+00 0.650356E-02
-.312792E+00 0.978435E+00 0.642804E-02
-.306400E+00 0.985625E+00 0.635491E-02
-.300081E+00 0.992324E+00 0.628408E-02
-.293831E+00 0.998552E+00 0.621549E-02
-.287649E+00 0.100433E+01 0.614906E-02
-.281533E+00 0.100968E+01 0.608472E-02
-.275479E+00 0.101463E+01 0.602241E-02
-.269487E+00 0.101918E+01 0.596207E-02
-.263555E+00 0.102336E+01 0.590363E-02
-.257679E+00 0.102719E+01 0.584703E-02
-.251860E+00 0.103067E+01 0.579224E-02
-.246094E+00 0.103384E+01 0.573918E-02
-.240381E+00 0.103669E+01 0.568782E-02
-.234718E+00 0.103925E+01 0.563810E-02
-.229104E+00 0.104152E+01 0.558998E-02
-.223538E+00 0.104351E+01 0.554342E-02
-.218017E+00 0.104525E+01 0.549837E-02
-.212540E+00 0.104672E+01 0.545479E-02
-.207107E+00 0.104795E+01 0.541265E-02
-.201715E+00 0.104893E+01 0.537192E-02
-.196362E+00 0.104968E+01 0.533254E-02
-.191049E+00 0.105020E+01 0.529450E-02
-.185773E+00 0.105049E+01 0.525776E-02
-.180533E+00 0.105056E+01 0.522229E-02
-.175328E+00 0.105041E+01 0.518806E-02
-.170157E+00 0.105005E+01 0.515504E-02
-.165018E+00 0.104947E+01 0.512321E-02
-.159910E+00 0.104867E+01 0.509254E-02
-.154832E+00 0.104767E+01 0.506301E-02
-.149783E+00 0.104645E+01 0.503459E-02
-.144763E+00 0.104501E+01 0.500726E-02
-.139769E+00 0.104336E+01 0.498100E-02
-.134800E+00 0.104149E+01 0.495579E-02
-.129857E+00 0.103940E+01 0.493161E-02
-.124937E+00 0.103709E+01 0.490845E-02
-.120039E+00 0.103456E+01 0.488628E-02
-.115164E+00 0.103180E+01 0.486508E-02
-.110309E+00 0.102880E+01 0.484485E-02
-.105474E+00 0.102557E+01 0.482557E-02
-.100657E+00 0.102211E+01 0.480723E-02
-.958590E-01 0.101839E+01 0.478980E-02
-.910775E-01 0.101443E+01 0.477328E-02
-.863121E-01 0.101022E+01 0.475766E-02
-.815619E-01 0.100575E+01 0.474292E-02
-.768260E-01 0.100102E+01 0.472906E-02
-.721035E-01 0.996029E+00 0.471607E-02
-.673936E-01 0.990764E+00 0.470392E-02
-.626954E-01 0.985226E+00 0.469263E-02
-.580080E-01 0.979409E+00 0.468217E-02
-.533308E-01 0.973311E+00 0.467255E-02
-.486627E-01 0.966930E+00 0.466375E-02
-.440030E-01 0.960261E+00 0.465577E-02
-.393509E-01 0.953303E+00 0.464861E-02
-.347055E-01 0.946055E+00 0.464225E-02
-.300661E-01 0.938516E+00 0.463669E-02
-.254318E-01 0.930686E+00 0.463194E-02
-.208019E-01 0.922565E+00 0.462799E-02
-.161756E-01 0.914155E+00 0.462482E-02
-.115520E-01 0.905459E+00 0.462246E-02
-.693043E-02 0.896479E+00 0.462088E-02
-.231001E-02 0.887222E+00 0.462009E-02
0.231001E-02 0.877691E+00 0.462009E-02
0.693043E-02 0.867893E+00 0.462088E-02
0.115520E-01 0.857836E+00 0.462246E-02
0.161756E-01 0.847528E+00 0.462482E-02
0.208019E-01 0.836979E+00 0.462799E-02
0.254318E-01 0.826198E+00 0.463194E-02
0.300661E-01 0.815197E+00 0.463669E-02
0.347055E-01 0.803988E+00 0.464225E-02
0.393509E-01 0.792585E+00 0.464861E-02
0.440030E-01 0.780999E+00 0.465577E-02
0.486627E-01 0.769246E+00 0.466375E-02
0.533308E-01 0.757341E+00 0.467255E-02
0.580080E-01 0.745298E+00 0.468217E-02
0.626954E-01 0.733133E+00 0.469263E-02
0.673936E-01 0.720863E+00 0.470392E-02
0.721035E-01 0.708502E+00 0.471607E-02
0.768260E-01 0.696068E+00 0.472906E-02
0.815619E-01 0.683577E+00 0.474292E-02
0.863121E-01 0.671044E+00 0.475766E-02
0.910775E-01 0.658487E+00 0.477328E-02
0.958590E-01 0.645920E+00 0.478980E-02
0.100657E+00 0.633360E+00 0.480723E-02
0.105474E+00 0.620823E+00 0.482557E-02
0.110309E+00 0.608322E+00 0.484485E-02
0.115164E+00 0.595874E+00 0.486508E-02
0.120039E+00 0.583491E+00 0.488628E-02
0.124937E+00 0.571188E+00 0.490845E-02
0.129857E+00 0.558977E+00 0.493161E-02
0.134800E+00 0.546872E+00 0.495579E-02
0.139769E+00 0.534884E+00 0.498100E-02
0.144763E+00 0.523025E+00 0.500726E-02
0.149783E+00 0.511305E+00 0.503459E-02
0.154832E+00 0.499733E+00 0.506301E-02
0.159910E+00 0.488320E+00 0.509254E-02
0.165018E+00 0.477073E+00 0.512321E-02
0.170157E+00 0.466001E+00 0.515504E-02
0.175328E+00 0.455110E+00 0.518806E-02
0.180533E+00 0.444406E+00 0.522229E-02
0.185773E+00 0.433896E+00 0.525776E-02
0.191049E+00 0.423583E+00 0.529450E-02
0.196362E+00 0.413471E+00 0.533254E-02
0.201715E+00 0.403565E+00 0.537192E-02
0.207107E+00 0.393866E+00 0.541265E-02
0.212540E+00 0.384377E+00 0.545479E-02
0.218017E+00 0.375098E+00 0.549837E-02
0.223538E+00 0.366030E+00 0.554342E-02
0.229104E+00 0.357174E+00 0.558998E-02
0.234718E+00 0.348528E+00 0.563810E-02
0.240381E+00 0.340092E+00 0.568782E-02
0.246094E+00 0.331864E+00 0.573918E-02
0.251860E+00 0.323843E+00 0.579224E-02
0.257679E+00 0.316025E+00 0.584703E-02
0.263555E+00 0.308409E+00 0.590363E-02
0.269487E+00 0.300991E+00 0.596207E-02
0.275479E+00 0.293768E+00 0.602241E-02
0.281533E+00 0.286736E+00 0.608472E-02
0.287649E+00 0.279892E+00 0.614906E-02
0.293831E+00 0.273232E+00 0.621549E-02
0.300081E+00 0.266752E+00 0.628408E-02
0.306400E+00 0.260447E+00 0.635491E-02
0.312792E+00 0.254315E+00 0.642804E-02
0.319257E+00 0.248349E+00 0.650356E-02
0.325800E+00 0.242546E+00 0.658155E-02
0.332421E+00 0.236902E+00 0.666210E-02
0.339125E+00 0.231413E+00 0.674529E-02
0.345913E+00 0.226073E+00 0.683122E-02
0.352788E+00 0.220880E+00 0.691999E-02
0.359754E+00 0.215828E+00 0.701172E-02
0.366813E+00 0.210913E+00 0.710649E-02
0.373968E+00 0.206132E+00 0.720445E-02
0.381223E+00 0.201480E+00 0.730569E-02
0.388580E+00 0.196954E+00 0.741036E-02
0.396044E+00 0.192550E+00 0.751859E-02
0.403619E+00 0.188263E+00 0.763052E-02
0.411307E+00 0.184091E+00 0.774630E-02
0.419113E+00 0.180030E+00 0.786609E-02
0.427040E+00 0.176075E+00 0.799006E-02
0.435094E+00 0.172225E+00 0.811837E-02
0.443279E+00 0.168475E+00 0.825123E-02
0.451598E+00 0.164822E+00 0.838881E-02
0.460058E+00 0.161264E+00 0.853133E-02
0.468663E+00 0.157797E+00 0.867901E-02
0.477418E+00 0.154419E+00 0.883208E-02
0.486329E+00 0.151126E+00 0.899079E-02
0.495401E+00 0.147916E+00 0.915538E-02
0.504641E+00 0.144786E+00 0.932615E-02
0.514056E+00 0.141733E+00 0.950338E-02
0.523651E+00 0.138756E+00 0.968738E-02
0.533433E+00 0.135851E+00 0.987847E-02
0.543410E+00 0.133017E+00 0.100770E-01
0.553589E+00 0.130251E+00 0.102834E-01
0.563979E+00 0.127551E+00 0.104980E-01
0.574588E+00 0.124914E+00 0.107212E-01
0.585425E+00 0.122339E+00 0.109535E-01
0.596498E+00 0.119824E+00 0.111953E-01
0.607819E+00 0.117367E+00 0.114473E-01
0.619397E+00 0.114965E+00 0.117099E-01
0.631242E+00 0.112617E+00 0.119836E-01
0.643368E+00 0.110321E+00 0.122693E-01
0.655785E+00 0.108075E+00 0.125674E-01
0.668507E+00 0.105877E+00 0.128787E-01
0.681547E+00 0.103726E+00 0.132040E-01
0.694920E+00 0.101621E+00 0.135442E-01
0.708641E+00 0.995579E-01 0.139001E-01
0.722726E+00 0.975368E-01 0.142727E-01
0.737192E+00 0.955557E-01 0.146630E-01
0.752058E+00 0.936127E-01 0.150721E-01
0.767343E+00 0.917063E-01 0.155013E-01
0.783068E+00 0.898348E-01 0.159518E-01
0.799254E+00 0.879963E-01 0.164251E-01
0.815926E+00 0.861893E-01 0.169227E-01
0.833108E+00 0.844120E-01 0.174464E-01
0.850828E+00 0.826625E-01 0.179978E-01
0.869114E+00 0.809390E-01 0.185790E-01
0.887996E+00 0.792396E-01 0.191921E-01
0.907509E+00 0.775624E-01 0.198396E-01
0.927688E+00 0.759051E-01 0.205239E-01
0.948570E+00 0.742658E-01 0.212480E-01
0.970198E+00 0.726421E-01 0.220149E-01
0.992616E+00 0.710315E-01 0.228280E-01
0.101587E+01 0.694316E-01 0.236912E-01
0.104002E+01 0.678397E-01 0.246085E-01
0.106511E+01 0.662529E-01 0.255847E-01
0.109121E+01 0.646681E-01 0.266247E-01
0.111838E+01 0.630820E-01 0.277342E-01
0.114670E+01 0.614912E-01 0.289197E-01
0.117625E+01 0.598918E-01 0.301881E-01
0.120711E+01 0.582800E-01 0.315473E-01
0.123937E+01 0.566514E-01 0.330061E-01
0.127316E+01 0.550016E-01 0.345746E-01
0.130856E+01 0.533259E-01 0.362640E-01
0.134573E+01 0.516194E-01 0.380869E-01
0.138479E+01 0.498768E-01 0.400578E-01
0.142590E+01 0.480932E-01 0.421932E-01
0.146923E+01 0.462634E-01 0.445118E-01
0.151499E+01 0.443824E-01 0.470351E-01
0.156338E+01 0.424457E-01 0.497880E-01
0.161465E+01 0.404493E-01 0.527991E-01
0.166908E+01 0.383902E-01 0.561018E-01
0.172697E+01 0.362666E-01 0.597348E-01
0.178867E+01 0.340787E-01 0.637438E-01
0.185460E+01 0.318284E-01 0.681823E-01
0.192520E+01 0.295207E-01 0.731141E-01
0.200101E+01 0.271635E-01 0.786148E-01
0.208265E+01 0.247682E-01 0.847755E-01
0.217082E+01 0.223498E-01 0.917062E-01
0.226636E+01 0.199275E-01 0.995405E-01
0.237026E+01 0.175236E-01 0.108443E+00
0.248367E+01 0.151642E-01 0.118616E+00
0.260800E+01 0.128779E-01 0.130314E+00
0.274491E+01 0.106954E-01 0.143858E+00
0.289646E+01 0.864889E-02 0.159658E+00
0.306516E+01 0.677145E-02 0.178243E+00
0.325411E+01 0.509588E-02 0.200308E+00
0.346724E+01 0.365276E-02 0.226781E+00
0.370955E+01 0.246648E-02 0.258919E+00
0.398754E+01 0.154880E-02 0.298460E+00
0.430975E+01 0.891594E-03 0.347866E+00
0.468773E+01 0.463292E-03 0.410713E+00
0.513741E+01 0.213470E-03 0.492361E+00
0.568144E+01 0.851490E-04 0.601129E+00
0.635311E+01 0.282291E-04 0.750507E+00
0.720347E+01 0.712332E-05 0.963546E+00
