-.720347E+01 0.232359E-05 0.963546E+00
-.635311E+01 0.100545E-04 0.750507E+00
-.568144E+01 0.310394E-04 0.601129E+00
-.513741E+01 0.783602E-04 0.492361E+00
-.468773E+01 0.171456E-03 0.410713E+00
-.430975E+01 0.335854E-03 0.347866E+00
-.398754E+01 0.601670E-03 0.298460E+00
-.370955E+01 0.100147E-02 0.258919E+00
-.346724E+01 0.156835E-02 0.226781E+00
-.325411E+01 0.233493E-02 0.200308E+00
-.306516E+01 0.333318E-02 0.178243E+00
-.289646E+01 0.459501E-02 0.159658E+00
-.274491E+01 0.615296E-02 0.143858E+00
-.260800E+01 0.804085E-02 0.130314E+00
-.248367E+01 0.102941E-01 0.118616E+00
-.237026E+01 0.129499E-01 0.108443E+00
-.226636E+01 0.160469E-01 0.995405E-01
-.217082E+01 0.196249E-01 0.917062E-01
-.208265E+01 0.237243E-01 0.847755E-01
-.200101E+01 0.283855E-01 0.786148E-01
-.192520E+01 0.336484E-01 0.731141E-01
-.185460E+01 0.395513E-01 0.681823E-01
-.178867E+01 0.461307E-01 0.637438E-01
-.172697E+01 0.534207E-01 0.597348E-01
-.166908E+01 0.614522E-01 0.561018E-01
-.161465E+01 0.702534E-01 0.527991E-01
-.156338E+01 0.798491E-01 0.497880E-01
-.151499E+01 0.902609E-01 0.470351E-01
-.146923E+01 0.101508E+00 0.445118E-01
-.142590E+01 0.113607E+00 0.421932E-01
-.138479E+01 0.126573E+00 0.400578E-01
-.134573E+01 0.140421E+00 0.380869E-01
-.130856E+01 0.155164E+00 0.362640E-01
-.127316E+01 0.170818E+00 0.345746E-01
-.123937E+01 0.187399E+00 0.330061E-01
-.120711E+01 0.204926E+00 0.315473E-01
-.117625E+01 0.223422E+00 0.301881E-01
-.114670E+01 0.242911E+00 0.289197E-01
-.111838E+01 0.263422E+00 0.277342E-01
-.109121E+01 0.284989E+00 0.266247E-01
-.106511E+01 0.307647E+00 0.255847E-01
-.104002E+01 0.331436E+00 0.246085E-01
-.101587E+01 0.356397E+00 0.236912E-01
-.992616E+00 0.382575E+00 0.228280E-01
-.970198E+00 0.410012E+00 0.220149E-01
-.948570E+00 0.438750E+00 0.212480E-01
-.927688E+00 0.468829E+00 0.205239E-01
-.907509E+00 0.500279E+00 0.198396E-01
-.887996E+00 0.533127E+00 0.191921E-01
-.869114E+00 0.567382E+00 0.185790E-01
-.850828E+00 0.603041E+00 0.179978E-01
-.833108E+00 0.640081E+00 0.174464E-01
-.815926E+00 0.678453E+00 0.169227E-01
-.799254E+00 0.718084E+00 0.164251E-01
-.783068E+00 0.758863E+00 0.159518E-01
-.767343E+00 0.800648E+00 0.155013E-01
-.752058E+00 0.843253E+00 0.150721E-01
-.737192E+00 0.886453E+00 0.146630E-01
-.722726E+00 0.929979E+00 0.142727E-01
-.708641E+00 0.973519E+00 0.139001E-01
-.694920E+00 0.101672E+01 0.135442E-01
-.681547E+00 0.105921E+01 0.132040E-01
-.668507E+00 0.110057E+01 0.128787E-01
-.655785E+00 0.114037E+01 0.125674E-01
-.643368E+00 0.117819E+01 0.122693E-01
-.631242E+00 0.121359E+01 0.119836E-01
-.619397E+00 0.124617E+01 0.117099E-01
-.607819E+00 0.127556E+01 0.114473E-01
-.596498E+00 0.130143E+01 0.111953E-01
-.585425E+00 0.132350E+01 0.109535E-01
-.574588E+00 0.134155E+01 0.107212E-01
-.563979E+00 0.135545E+01 0.104980E-01
-.553589E+00 0.136511E+01 0.102834E-01
-.543410E+00 0.137052E+01 0.100770E-01
-.533433E+00 0.137173E+01 0.987847E-02
-.523651E+00 0.136887E+01 0.968738E-02
-.514056E+00 0.136210E+01 0.950338E-02
-.504641E+00 0.135165E+01 0.932615E-02
-.495401E+00 0.133778E+01 0.915538E-02
-.486329E+00 0.132076E+01 0.899079E-02
-.477418E+00 0.130093E+01 0.883208E-02
-.468663E+00 0.127859E+01 0.867901E-02
-.460058E+00 0.125408E+01 0.853133E-02
-.451598E+00 0.122772E+01 0.838881E-02
-.443279E+00 0.119984E+01 0.825123E-02
-.435094E+00 0.117074E+01 0.811837E-02
-.427040E+00 0.114071E+01 0.799006E-02
-.419113E+00 0.111001E+01 0.786609E-02
-.411307E+00 0.107890E+01 0.774630E-02
-.403619E+00 0.104759E+01 0.763052E-02
-.396044E+00 0.101629E+01 0.751859E-02
-.388580E+00 0.985169E+00 0.741036E-02
-.381223E+00 0.954379E+00 0.730569E-02
-.373968E+00 0.924051E+00 0.720445E-02
-.366813E+00 0.894293E+00 0.710649E-02
-.359754E+00 0.865195E+00 0.701172E-02
-.352788E+00 0.836829E+00 0.691999E-02
-.345913E+00 0.809249E+00 0.683122E-02
-.339125E+00 0.782498E+00 0.674529E-02
-.332421E+00 0.756605E+00 0.666210E-02
-.325800E+00 0.731587E+00 0.658155E-02
-.319257E+00 0.707453E+00 0.650356E-02
-.312792E+00 0.684203E+00 0.642804E-02
-.306400E+00 0.661832E+00 0.635491E-02
-.300081E+00 0.640327E+00 0.628408E-02
-.293831E+00 0.619672E+00 0.621549E-02
-.287649E+00 0.599848E+00 0.614906E-02
-.281533E+00 0.580831E+00 0.608472E-02
-.275479E+00 0.562596E+00 0.602241E-02
-.269487E+00 0.545118E+00 0.596207E-02
-.263555E+00 0.528370E+00 0.590363E-02
-.257679E+00 0.512322E+00 0.584703E-02
-.251860E+00 0.496948E+00 0.579224E-02
-.246094E+00 0.482219E+00 0.573918E-02
-.240381E+00 0.468108E+00 0.568782E-02
-.234718E+00 0.454587E+00 0.563810E-02
-.229104E+00 0.441631E+00 0.558998E-02
-.223538E+00 0.429212E+00 0.554342E-02
-.218017E+00 0.417306E+00 0.549837E-02
-.212540E+00 0.405890E+00 0.545479E-02
-.207107E+00 0.394939E+00 0.541265E-02
-.201715E+00 0.384433E+00 0.537192E-02
-.196362E+00 0.374349E+00 0.533254E-02
-.191049E+00 0.364667E+00 0.529450E-02
-.185773E+00 0.355368E+00 0.525776E-02
-.180533E+00 0.346434E+00 0.522229E-02
-.175328E+00 0.337847E+00 0.518806E-02
-.170157E+00 0.329590E+00 0.515504E-02
-.165018E+00 0.321648E+00 0.512321E-02
-.159910E+00 0.314005E+00 0.509254E-02
-.154832E+00 0.306647E+00 0.506301E-02
-.149783E+00 0.299561E+00 0.503459E-02
-.144763E+00 0.292734E+00 0.500726E-02
-.139769E+00 0.286154E+00 0.498100E-02
-.134800E+00 0.279809E+00 0.495579E-02
-.129857E+00 0.273688E+00 0.493161E-02
-.124937E+00 0.267782E+00 0.490845E-02
-.120039E+00 0.262079E+00 0.488628E-02
-.115164E+00 0.256572E+00 0.486508E-02
-.110309E+00 0.251250E+00 0.484485E-02
-.105474E+00 0.246106E+00 0.482557E-02
-.100657E+00 0.241133E+00 0.480723E-02
-.958590E-01 0.236321E+00 0.478980E-02
-.910775E-01 0.231665E+00 0.477328E-02
-.863121E-01 0.227157E+00 0.475766E-02
-.815619E-01 0.222792E+00 0.474292E-02
-.768260E-01 0.218562E+00 0.472906E-02
-.721035E-01 0.214463E+00 0.471607E-02
-.673936E-01 0.210489E+00 0.470392E-02
-.626954E-01 0.206634E+00 0.469263E-02
-.580080E-01 0.202894E+00 0.468217E-02
-.533308E-01 0.199264E+00 0.467255E-02
-.486627E-01 0.195739E+00 0.466375E-02
-.440030E-01 0.192316E+00 0.465577E-02
-.393509E-01 0.188990E+00 0.464861E-02
-.347055E-01 0.185757E+00 0.464225E-02
-.300661E-01 0.182614E+00 0.463669E-02
-.254318E-01 0.179558E+00 0.463194E-02
-.208019E-01 0.176584E+00 0.462799E-02
-.161756E-01 0.173690E+00 0.462482E-02
-.115520E-01 0.170872E+00 0.462246E-02
-.693043E-02 0.168129E+00 0.462088E-02
-.231001E-02 0.165457E+00 0.462009E-02
0.231001E-02 0.162853E+00 0.462009E-02
0.693043E-02 0.160315E+00 0.462088E-02
0.115520E-01 0.157841E+00 0.462246E-02
0.161756E-01 0.155428E+00 0.462482E-02
0.208019E-01 0.153074E+00 0.462799E-02
0.254318E-01 0.150777E+00 0.463194E-02
0.300661E-01 0.148535E+00 0.463669E-02
0.347055E-01 0.146347E+00 0.464225E-02
0.393509E-01 0.144209E+00 0.464861E-02
0.440030E-01 0.142122E+00 0.465577E-02
0.486627E-01 0.140082E+00 0.466375E-02
0.533308E-01 0.138088E+00 0.467255E-02
0.580080E-01 0.136139E+00 0.468217E-02
0.626954E-01 0.134233E+00 0.469263E-02
0.673936E-01 0.132369E+00 0.470392E-02
0.721035E-01 0.130546E+00 0.471607E-02
0.768260E-01 0.128762E+00 0.472906E-02
0.815619E-01 0.127015E+00 0.474292E-02
0.863121E-01 0.125306E+00 0.475766E-02
0.910775E-01 0.123632E+00 0.477328E-02
0.958590E-01 0.121992E+00 0.478980E-02
0.100657E+00 0.120386E+00 0.480723E-02
0.105474E+00 0.118812E+00 0.482557E-02
0.110309E+00 0.117270E+00 0.484485E-02
0.115164E+00 0.115758E+00 0.486508E-02
0.120039E+00 0.114275E+00 0.488628E-02
0.124937E+00 0.112822E+00 0.490845E-02
0.129857E+00 0.111396E+00 0.493161E-02
0.134800E+00 0.109997E+00 0.495579E-02
0.139769E+00 0.108624E+00 0.498100E-02
0.144763E+00 0.107277E+00 0.500726E-02
0.149783E+00 0.105954E+00 0.503459E-02
0.154832E+00 0.104656E+00 0.506301E-02
0.159910E+00 0.103380E+00 0.509254E-02
0.165018E+00 0.102128E+00 0.512321E-02
0.170157E+00 0.100898E+00 0.515504E-02
0.175328E+00 0.996888E-01 0.518806E-02
0.180533E+00 0.985008E-01 0.522229E-02
0.185773E+00 0.973331E-01 0.525776E-02
0.191049E+00 0.961853E-01 0.529450E-02
0.196362E+00 0.950567E-01 0.533254E-02
0.201715E+00 0.939468E-01 0.537192E-02
0.207107E+00 0.928552E-01 0.541265E-02
0.212540E+00 0.917814E-01 0.545479E-02
0.218017E+00 0.907249E-01 0.549837E-02
0.223538E+00 0.896853E-01 0.554342E-02
0.229104E+00 0.886622E-01 0.558998E-02
0.234718E+00 0.876550E-01 0.563810E-02
0.240381E+00 0.866635E-01 0.568782E-02
0.246094E+00 0.856873E-01 0.573918E-02
0.251860E+00 0.847259E-01 0.579224E-02
0.257679E+00 0.837790E-01 0.584703E-02
0.263555E+00 0.828462E-01 0.590363E-02
0.269487E+00 0.819273E-01 0.596207E-02
0.275479E+00 0.810218E-01 0.602241E-02
0.281533E+00 0.801295E-01 0.608472E-02
0.287649E+00 0.792500E-01 0.614906E-02
0.293831E+00 0.783830E-01 0.621549E-02
0.300081E+00 0.775283E-01 0.628408E-02
0.306400E+00 0.766855E-01 0.635491E-02
0.312792E+00 0.758544E-01 0.642804E-02
0.319257E+00 0.750347E-01 0.650356E-02
0.325800E+00 0.742262E-01 0.658155E-02
0.332421E+00 0.734285E-01 0.666210E-02
0.339125E+00 0.726415E-01 0.674529E-02
0.345913E+00 0.718648E-01 0.683122E-02
0.352788E+00 0.710983E-01 0.691999E-02
0.359754E+00 0.703418E-01 0.701172E-02
0.366813E+00 0.695950E-01 0.710649E-02
0.373968E+00 0.688576E-01 0.720445E-02
0.381223E+00 0.681295E-01 0.730569E-02
0.388580E+00 0.674106E-01 0.741036E-02
0.396044E+00 0.667004E-01 0.751859E-02
0.403619E+00 0.659990E-01 0.763052E-02
0.411307E+00 0.653060E-01 0.774630E-02
0.419113E+00 0.646213E-01 0.786609E-02
0.427040E+00 0.639447E-01 0.799006E-02
0.435094E+00 0.632760E-01 0.811837E-02
0.443279E+00 0.626150E-01 0.825123E-02
0.451598E+00 0.619616E-01 0.838881E-02
0.460058E+00 0.613156E-01 0.853133E-02
0.468663E+00 0.606767E-01 0.867901E-02
0.477418E+00 0.600449E-01 0.883208E-02
0.486329E+00 0.594200E-01 0.899079E-02
0.495401E+00 0.588017E-01 0.915538E-02
0.504641E+00 0.581900E-01 0.932615E-02
0.514056E+00 0.575846E-01 0.950338E-02
0.523651E+00 0.569854E-01 0.968738E-02
0.533433E+00 0.563922E-01 0.987847E-02
0.543410E+00 0.558048E-01 0.100770E-01
0.553589E+00 0.552231E-01 0.102834E-01
0.563979E+00 0.546468E-01 0.104980E-01
0.574588E+00 0.540759E-01 0.107212E-01
0.585425E+00 0.535101E-01 0.109535E-01
0.596498E+00 0.529492E-01 0.111953E-01
0.607819E+00 0.523931E-01 0.114473E-01
0.619397E+00 0.518415E-01 0.117099E-01
0.631242E+00 0.512942E-01 0.119836E-01
0.643368E+00 0.507510E-01 0.122693E-01
0.655785E+00 0.502117E-01 0.125674E-01
0.668507E+00 0.496760E-01 0.128787E-01
0.681547E+00 0.491438E-01 0.132040E-01
0.694920E+00 0.486146E-01 0.135442E-01
0.708641E+00 0.480883E-01 0.139001E-01
0.722726E+00 0.475646E-01 0.142727E-01
0.737192E+00 0.470431E-01 0.146630E-01
0.752058E+00 0.465234E-01 0.150721E-01
0.767343E+00 0.460053E-01 0.155013E-01
0.783068E+00 0.454883E-01 0.159518E-01
0.799254E+00 0.449719E-01 0.164251E-01
0.815926E+00 0.444558E-01 0.169227E-01
0.833108E+00 0.439393E-01 0.174464E-01
0.850828E+00 0.434220E-01 0.179978E-01
0.869114E+00 0.429032E-01 0.185790E-01
0.887996E+00 0.423823E-01 0.191921E-01
0.907509E+00 0.418584E-01 0.198396E-01
0.927688E+00 0.413309E-01 0.205239E-01
0.948570E+00 0.407988E-01 0.212480E-01
0.970198E+00 0.402611E-01 0.220149E-01
0.992616E+00 0.397168E-01 0.228280E-01
0.101587E+01 0.391646E-01 0.236912E-01
0.104002E+01 0.386033E-01 0.246085E-01
0.106511E+01 0.380314E-01 0.255847E-01
0.109121E+01 0.374472E-01 0.266247E-01
0.111838E+01 0.368491E-01 0.277342E-01
0.114670E+01 0.362350E-01 0.289197E-01
0.117625E+01 0.356028E-01 0.301881E-01
0.120711E+01 0.349502E-01 0.315473E-01
0.123937E+01 0.342745E-01 0.330061E-01
0.127316E+01 0.335729E-01 0.345746E-01
0.130856E+01 0.328425E-01 0.362640E-01
0.134573E+01 0.320800E-01 0.380869E-01
0.138479E+01 0.312818E-01 0.400578E-01
0.142590E+01 0.304443E-01 0.421932E-01
0.146923E+01 0.295637E-01 0.445118E-01
0.151499E+01 0.286362E-01 0.470351E-01
0.156338E+01 0.276578E-01 0.497880E-01
0.161465E+01 0.266249E-01 0.527991E-01
0.166908E+01 0.255341E-01 0.561018E-01
0.172697E+01 0.243827E-01 0.597348E-01
0.178867E+01 0.231688E-01 0.637438E-01
0.185460E+01 0.218916E-01 0.681823E-01
0.192520E+01 0.205519E-01 0.731141E-01
0.200101E+01 0.191522E-01 0.786148E-01
0.208265E+01 0.176974E-01 0.847755E-01
0.217082E+01 0.161950E-01 0.917062E-01
0.226636E+01 0.146552E-01 0.995405E-01
0.237026E+01 0.130910E-01 0.108443E+00
0.248367E+01 0.115183E-01 0.118616E+00
0.260800E+01 0.995584E-02 0.130314E+00
0.274491E+01 0.842483E-02 0.143858E+00
0.289646E+01 0.694895E-02 0.159658E+00
0.306516E+01 0.555441E-02 0.178243E+00
0.325411E+01 0.426995E-02 0.200308E+00
0.346724E+01 0.312635E-02 0.226781E+00
0.370955E+01 0.215385E-02 0.258919E+00
0.398754E+01 0.137650E-02 0.298460E+00
0.430975E+01 0.803378E-03 0.347866E+00
0.468773E+01 0.421246E-03 0.410713E+00
0.513741E+01 0.194948E-03 0.492361E+00
0.568144E+01 0.778191E-04 0.601129E+00
0.635311E+01 0.257695E-04 0.750507E+00
0.720347E+01 0.649933E-05 0.963546E+00
