 #normalor:  0.000000000000000E+000
-.720347E+01 0.208959E-05 0.963546E+00
-.635311E+01 0.844877E-05 0.750507E+00
-.568144E+01 0.248648E-04 0.601129E+00
-.513741E+01 0.606696E-04 0.492361E+00
-.468773E+01 0.129639E-03 0.410713E+00
-.430975E+01 0.249843E-03 0.347866E+00
-.398754E+01 0.442296E-03 0.298460E+00
-.370955E+01 0.728520E-03 0.258919E+00
-.346724E+01 0.112765E-02 0.226781E+00
-.325411E+01 0.165407E-02 0.200308E+00
-.306516E+01 0.231626E-02 0.178243E+00
-.289646E+01 0.311717E-02 0.159658E+00
-.274491E+01 0.405549E-02 0.143858E+00
-.260800E+01 0.512740E-02 0.130314E+00
-.248367E+01 0.632806E-02 0.118616E+00
-.237026E+01 0.765273E-02 0.108443E+00
-.226636E+01 0.909741E-02 0.995405E-01
-.217082E+01 0.106590E-01 0.917062E-01
-.208265E+01 0.123355E-01 0.847755E-01
-.200101E+01 0.141256E-01 0.786148E-01
-.192520E+01 0.160287E-01 0.731141E-01
-.185460E+01 0.180448E-01 0.681823E-01
-.178867E+01 0.201741E-01 0.637438E-01
-.172697E+01 0.224171E-01 0.597348E-01
-.166908E+01 0.247743E-01 0.561018E-01
-.161465E+01 0.272463E-01 0.527991E-01
-.156338E+01 0.298336E-01 0.497880E-01
-.151499E+01 0.325367E-01 0.470351E-01
-.146923E+01 0.353558E-01 0.445118E-01
-.142590E+01 0.382912E-01 0.421932E-01
-.138479E+01 0.413428E-01 0.400578E-01
-.134573E+01 0.445105E-01 0.380869E-01
-.130856E+01 0.477940E-01 0.362640E-01
-.127316E+01 0.511928E-01 0.345746E-01
-.123937E+01 0.547062E-01 0.330061E-01
-.120711E+01 0.583334E-01 0.315473E-01
-.117625E+01 0.620733E-01 0.301881E-01
-.114670E+01 0.659248E-01 0.289197E-01
-.111838E+01 0.698866E-01 0.277342E-01
-.109121E+01 0.739571E-01 0.266247E-01
-.106511E+01 0.781347E-01 0.255847E-01
-.104002E+01 0.824176E-01 0.246085E-01
-.101587E+01 0.868038E-01 0.236912E-01
-.992616E+00 0.912913E-01 0.228280E-01
-.970198E+00 0.958779E-01 0.220149E-01
-.948570E+00 0.100561E+00 0.212480E-01
-.927688E+00 0.105339E+00 0.205239E-01
-.907509E+00 0.110208E+00 0.198396E-01
-.887996E+00 0.115166E+00 0.191921E-01
-.869114E+00 0.120211E+00 0.185790E-01
-.850828E+00 0.125339E+00 0.179978E-01
-.833108E+00 0.130547E+00 0.174464E-01
-.815926E+00 0.135833E+00 0.169227E-01
-.799254E+00 0.141193E+00 0.164251E-01
-.783068E+00 0.146624E+00 0.159518E-01
-.767343E+00 0.152122E+00 0.155013E-01
-.752058E+00 0.157686E+00 0.150721E-01
-.737192E+00 0.163310E+00 0.146630E-01
-.722726E+00 0.168992E+00 0.142727E-01
-.708641E+00 0.174728E+00 0.139001E-01
-.694920E+00 0.180516E+00 0.135442E-01
-.681547E+00 0.186350E+00 0.132040E-01
-.668507E+00 0.192229E+00 0.128787E-01
-.655785E+00 0.198147E+00 0.125674E-01
-.643368E+00 0.204103E+00 0.122693E-01
-.631242E+00 0.210091E+00 0.119836E-01
-.619397E+00 0.216110E+00 0.117099E-01
-.607819E+00 0.222154E+00 0.114473E-01
-.596498E+00 0.228222E+00 0.111953E-01
-.585425E+00 0.234308E+00 0.109535E-01
-.574588E+00 0.240410E+00 0.107212E-01
-.563979E+00 0.246524E+00 0.104980E-01
-.553589E+00 0.252647E+00 0.102834E-01
-.543410E+00 0.258776E+00 0.100770E-01
-.533433E+00 0.264907E+00 0.987847E-02
-.523651E+00 0.271037E+00 0.968738E-02
-.514056E+00 0.277162E+00 0.950338E-02
-.504641E+00 0.283280E+00 0.932615E-02
-.495401E+00 0.289387E+00 0.915538E-02
-.486329E+00 0.295480E+00 0.899079E-02
-.477418E+00 0.301557E+00 0.883208E-02
-.468663E+00 0.307614E+00 0.867901E-02
-.460058E+00 0.313648E+00 0.853133E-02
-.451598E+00 0.319657E+00 0.838881E-02
-.443279E+00 0.325637E+00 0.825123E-02
-.435094E+00 0.331587E+00 0.811837E-02
-.427040E+00 0.337504E+00 0.799006E-02
-.419113E+00 0.343384E+00 0.786609E-02
-.411307E+00 0.349226E+00 0.774630E-02
-.403619E+00 0.355027E+00 0.763052E-02
-.396044E+00 0.360785E+00 0.751859E-02
-.388580E+00 0.366497E+00 0.741036E-02
-.381223E+00 0.372163E+00 0.730569E-02
-.373968E+00 0.377778E+00 0.720445E-02
-.366813E+00 0.383342E+00 0.710649E-02
-.359754E+00 0.388852E+00 0.701172E-02
-.352788E+00 0.394307E+00 0.691999E-02
-.345913E+00 0.399705E+00 0.683122E-02
-.339125E+00 0.405044E+00 0.674529E-02
-.332421E+00 0.410323E+00 0.666210E-02
-.325800E+00 0.415539E+00 0.658155E-02
-.319257E+00 0.420692E+00 0.650356E-02
-.312792E+00 0.425781E+00 0.642804E-02
-.306400E+00 0.430803E+00 0.635491E-02
-.300081E+00 0.435757E+00 0.628408E-02
-.293831E+00 0.440643E+00 0.621549E-02
-.287649E+00 0.445459E+00 0.614906E-02
-.281533E+00 0.450205E+00 0.608472E-02
-.275479E+00 0.454878E+00 0.602241E-02
-.269487E+00 0.459479E+00 0.596207E-02
-.263555E+00 0.464007E+00 0.590363E-02
-.257679E+00 0.468460E+00 0.584703E-02
-.251860E+00 0.472838E+00 0.579224E-02
-.246094E+00 0.477140E+00 0.573918E-02
-.240381E+00 0.481366E+00 0.568782E-02
-.234718E+00 0.485515E+00 0.563810E-02
-.229104E+00 0.489586E+00 0.558998E-02
-.223538E+00 0.493579E+00 0.554342E-02
-.218017E+00 0.497495E+00 0.549837E-02
-.212540E+00 0.501331E+00 0.545479E-02
-.207107E+00 0.505088E+00 0.541265E-02
-.201715E+00 0.508767E+00 0.537192E-02
-.196362E+00 0.512365E+00 0.533254E-02
-.191049E+00 0.515884E+00 0.529450E-02
-.185773E+00 0.519324E+00 0.525776E-02
-.180533E+00 0.522683E+00 0.522229E-02
-.175328E+00 0.525962E+00 0.518806E-02
-.170157E+00 0.529161E+00 0.515504E-02
-.165018E+00 0.532281E+00 0.512321E-02
-.159910E+00 0.535320E+00 0.509254E-02
-.154832E+00 0.538279E+00 0.506301E-02
-.149783E+00 0.541159E+00 0.503459E-02
-.144763E+00 0.543959E+00 0.500726E-02
-.139769E+00 0.546679E+00 0.498100E-02
-.134800E+00 0.549320E+00 0.495579E-02
-.129857E+00 0.551882E+00 0.493161E-02
-.124937E+00 0.554365E+00 0.490845E-02
-.120039E+00 0.556770E+00 0.488628E-02
-.115164E+00 0.559096E+00 0.486508E-02
-.110309E+00 0.561344E+00 0.484485E-02
-.105474E+00 0.563514E+00 0.482557E-02
-.100657E+00 0.565607E+00 0.480723E-02
-.958590E-01 0.567623E+00 0.478980E-02
-.910775E-01 0.569562E+00 0.477328E-02
-.863121E-01 0.571424E+00 0.475766E-02
-.815619E-01 0.573211E+00 0.474292E-02
-.768260E-01 0.574922E+00 0.472906E-02
-.721035E-01 0.576558E+00 0.471607E-02
-.673936E-01 0.578119E+00 0.470392E-02
-.626954E-01 0.579606E+00 0.469263E-02
-.580080E-01 0.581019E+00 0.468217E-02
-.533308E-01 0.582358E+00 0.467255E-02
-.486627E-01 0.583625E+00 0.466375E-02
-.440030E-01 0.584819E+00 0.465577E-02
-.393509E-01 0.585941E+00 0.464861E-02
-.347055E-01 0.586992E+00 0.464225E-02
-.300661E-01 0.587971E+00 0.463669E-02
-.254318E-01 0.588880E+00 0.463194E-02
-.208019E-01 0.589718E+00 0.462799E-02
-.161756E-01 0.590487E+00 0.462482E-02
-.115520E-01 0.591187E+00 0.462246E-02
-.693043E-02 0.591819E+00 0.462088E-02
-.231001E-02 0.592382E+00 0.462009E-02
0.231001E-02 0.592877E+00 0.462009E-02
0.693043E-02 0.593305E+00 0.462088E-02
0.115520E-01 0.593667E+00 0.462246E-02
0.161756E-01 0.593962E+00 0.462482E-02
0.208019E-01 0.594192E+00 0.462799E-02
0.254318E-01 0.594357E+00 0.463194E-02
0.300661E-01 0.594456E+00 0.463669E-02
0.347055E-01 0.594492E+00 0.464225E-02
0.393509E-01 0.594464E+00 0.464861E-02
0.440030E-01 0.594372E+00 0.465577E-02
0.486627E-01 0.594218E+00 0.466375E-02
0.533308E-01 0.594002E+00 0.467255E-02
0.580080E-01 0.593723E+00 0.468217E-02
0.626954E-01 0.593384E+00 0.469263E-02
0.673936E-01 0.592983E+00 0.470392E-02
0.721035E-01 0.592522E+00 0.471607E-02
0.768260E-01 0.592001E+00 0.472906E-02
0.815619E-01 0.591421E+00 0.474292E-02
0.863121E-01 0.590781E+00 0.475766E-02
0.910775E-01 0.590083E+00 0.477328E-02
0.958590E-01 0.589327E+00 0.478980E-02
0.100657E+00 0.588513E+00 0.480723E-02
0.105474E+00 0.587642E+00 0.482557E-02
0.110309E+00 0.586714E+00 0.484485E-02
0.115164E+00 0.585729E+00 0.486508E-02
0.120039E+00 0.584688E+00 0.488628E-02
0.124937E+00 0.583592E+00 0.490845E-02
0.129857E+00 0.582441E+00 0.493161E-02
0.134800E+00 0.581235E+00 0.495579E-02
0.139769E+00 0.579975E+00 0.498100E-02
0.144763E+00 0.578660E+00 0.500726E-02
0.149783E+00 0.577293E+00 0.503459E-02
0.154832E+00 0.575872E+00 0.506301E-02
0.159910E+00 0.574398E+00 0.509254E-02
0.165018E+00 0.572871E+00 0.512321E-02
0.170157E+00 0.571293E+00 0.515504E-02
0.175328E+00 0.569663E+00 0.518806E-02
0.180533E+00 0.567982E+00 0.522229E-02
0.185773E+00 0.566250E+00 0.525776E-02
0.191049E+00 0.564467E+00 0.529450E-02
0.196362E+00 0.562635E+00 0.533254E-02
0.201715E+00 0.560752E+00 0.537192E-02
0.207107E+00 0.558820E+00 0.541265E-02
0.212540E+00 0.556838E+00 0.545479E-02
0.218017E+00 0.554808E+00 0.549837E-02
0.223538E+00 0.552730E+00 0.554342E-02
0.229104E+00 0.550603E+00 0.558998E-02
0.234718E+00 0.548428E+00 0.563810E-02
0.240381E+00 0.546206E+00 0.568782E-02
0.246094E+00 0.543937E+00 0.573918E-02
0.251860E+00 0.541621E+00 0.579224E-02
0.257679E+00 0.539258E+00 0.584703E-02
0.263555E+00 0.536849E+00 0.590363E-02
0.269487E+00 0.534394E+00 0.596207E-02
0.275479E+00 0.531894E+00 0.602241E-02
0.281533E+00 0.529348E+00 0.608472E-02
0.287649E+00 0.526757E+00 0.614906E-02
0.293831E+00 0.524122E+00 0.621549E-02
0.300081E+00 0.521442E+00 0.628408E-02
0.306400E+00 0.518718E+00 0.635491E-02
0.312792E+00 0.515950E+00 0.642804E-02
0.319257E+00 0.513138E+00 0.650356E-02
0.325800E+00 0.510284E+00 0.658155E-02
0.332421E+00 0.507386E+00 0.666210E-02
0.339125E+00 0.504445E+00 0.674529E-02
0.345913E+00 0.501462E+00 0.683122E-02
0.352788E+00 0.498437E+00 0.691999E-02
0.359754E+00 0.495369E+00 0.701172E-02
0.366813E+00 0.492260E+00 0.710649E-02
0.373968E+00 0.489110E+00 0.720445E-02
0.381223E+00 0.485918E+00 0.730569E-02
0.388580E+00 0.482685E+00 0.741036E-02
0.396044E+00 0.479411E+00 0.751859E-02
0.403619E+00 0.476097E+00 0.763052E-02
0.411307E+00 0.472743E+00 0.774630E-02
0.419113E+00 0.469348E+00 0.786609E-02
0.427040E+00 0.465913E+00 0.799006E-02
0.435094E+00 0.462439E+00 0.811837E-02
0.443279E+00 0.458925E+00 0.825123E-02
0.451598E+00 0.455371E+00 0.838881E-02
0.460058E+00 0.451778E+00 0.853133E-02
0.468663E+00 0.448146E+00 0.867901E-02
0.477418E+00 0.444475E+00 0.883208E-02
0.486329E+00 0.440765E+00 0.899079E-02
0.495401E+00 0.437015E+00 0.915538E-02
0.504641E+00 0.433227E+00 0.932615E-02
0.514056E+00 0.429399E+00 0.950338E-02
0.523651E+00 0.425533E+00 0.968738E-02
0.533433E+00 0.421627E+00 0.987847E-02
0.543410E+00 0.417682E+00 0.100770E-01
0.553589E+00 0.413698E+00 0.102834E-01
0.563979E+00 0.409674E+00 0.104980E-01
0.574588E+00 0.405610E+00 0.107212E-01
0.585425E+00 0.401505E+00 0.109535E-01
0.596498E+00 0.397360E+00 0.111953E-01
0.607819E+00 0.393173E+00 0.114473E-01
0.619397E+00 0.388944E+00 0.117099E-01
0.631242E+00 0.384672E+00 0.119836E-01
0.643368E+00 0.380357E+00 0.122693E-01
0.655785E+00 0.375997E+00 0.125674E-01
0.668507E+00 0.371591E+00 0.128787E-01
0.681547E+00 0.367137E+00 0.132040E-01
0.694920E+00 0.362635E+00 0.135442E-01
0.708641E+00 0.358082E+00 0.139001E-01
0.722726E+00 0.353477E+00 0.142727E-01
0.737192E+00 0.348816E+00 0.146630E-01
0.752058E+00 0.344098E+00 0.150721E-01
0.767343E+00 0.339320E+00 0.155013E-01
0.783068E+00 0.334477E+00 0.159518E-01
0.799254E+00 0.329567E+00 0.164251E-01
0.815926E+00 0.324586E+00 0.169227E-01
0.833108E+00 0.319527E+00 0.174464E-01
0.850828E+00 0.314387E+00 0.179978E-01
0.869114E+00 0.309159E+00 0.185790E-01
0.887996E+00 0.303836E+00 0.191921E-01
0.907509E+00 0.298412E+00 0.198396E-01
0.927688E+00 0.292877E+00 0.205239E-01
0.948570E+00 0.287222E+00 0.212480E-01
0.970198E+00 0.281439E+00 0.220149E-01
0.992616E+00 0.275514E+00 0.228280E-01
0.101587E+01 0.269437E+00 0.236912E-01
0.104002E+01 0.263194E+00 0.246085E-01
0.106511E+01 0.256771E+00 0.255847E-01
0.109121E+01 0.250152E+00 0.266247E-01
0.111838E+01 0.243322E+00 0.277342E-01
0.114670E+01 0.236263E+00 0.289197E-01
0.117625E+01 0.228959E+00 0.301881E-01
0.120711E+01 0.221392E+00 0.315473E-01
0.123937E+01 0.213547E+00 0.330061E-01
0.127316E+01 0.205407E+00 0.345746E-01
0.130856E+01 0.196962E+00 0.362640E-01
0.134573E+01 0.188201E+00 0.380869E-01
0.138479E+01 0.179122E+00 0.400578E-01
0.142590E+01 0.169728E+00 0.421932E-01
0.146923E+01 0.160031E+00 0.445118E-01
0.151499E+01 0.150056E+00 0.470351E-01
0.156338E+01 0.139837E+00 0.497880E-01
0.161465E+01 0.129424E+00 0.527991E-01
0.166908E+01 0.118884E+00 0.561018E-01
0.172697E+01 0.108297E+00 0.597348E-01
0.178867E+01 0.977572E-01 0.637438E-01
0.185460E+01 0.873709E-01 0.681823E-01
0.192520E+01 0.772511E-01 0.731141E-01
0.200101E+01 0.675131E-01 0.786148E-01
0.208265E+01 0.582678E-01 0.847755E-01
0.217082E+01 0.496153E-01 0.917062E-01
0.226636E+01 0.416390E-01 0.995405E-01
0.237026E+01 0.344013E-01 0.108443E+00
0.248367E+01 0.279402E-01 0.118616E+00
0.260800E+01 0.222693E-01 0.130314E+00
0.274491E+01 0.173789E-01 0.143858E+00
0.289646E+01 0.132395E-01 0.159658E+00
0.306516E+01 0.980597E-02 0.178243E+00
0.325411E+01 0.702238E-02 0.200308E+00
0.346724E+01 0.482647E-02 0.226781E+00
0.370955E+01 0.315245E-02 0.258919E+00
0.398754E+01 0.193205E-02 0.298460E+00
0.430975E+01 0.109358E-02 0.347866E+00
0.468773E+01 0.560824E-03 0.410713E+00
0.513741E+01 0.254636E-03 0.492361E+00
0.568144E+01 0.993535E-04 0.601129E+00
0.635311E+01 0.318179E-04 0.750507E+00
0.720347E+01 0.762410E-05 0.963546E+00
