-.720347E+01 0.196403E-05 0.963546E+00
-.635311E+01 0.828416E-05 0.750507E+00
-.568144E+01 0.249468E-04 0.601129E+00
-.513741E+01 0.616072E-04 0.492361E+00
-.468773E+01 0.132239E-03 0.410713E+00
-.430975E+01 0.254646E-03 0.347866E+00
-.398754E+01 0.448865E-03 0.298460E+00
-.370955E+01 0.734783E-03 0.258919E+00
-.346724E+01 0.112969E-02 0.226781E+00
-.325411E+01 0.164649E-02 0.200308E+00
-.306516E+01 0.229298E-02 0.178243E+00
-.289646E+01 0.307203E-02 0.159658E+00
-.274491E+01 0.398239E-02 0.143858E+00
-.260800E+01 0.501967E-02 0.130314E+00
-.248367E+01 0.617723E-02 0.118616E+00
-.237026E+01 0.744690E-02 0.108443E+00
-.226636E+01 0.881949E-02 0.995405E-01
-.217082E+01 0.102851E-01 0.917062E-01
-.208265E+01 0.118336E-01 0.847755E-01
-.200101E+01 0.134543E-01 0.786148E-01
-.192520E+01 0.151370E-01 0.731141E-01
-.185460E+01 0.168713E-01 0.681823E-01
-.178867E+01 0.186474E-01 0.637438E-01
-.172697E+01 0.204559E-01 0.597348E-01
-.166908E+01 0.222882E-01 0.561018E-01
-.161465E+01 0.241364E-01 0.527991E-01
-.156338E+01 0.259934E-01 0.497880E-01
-.151499E+01 0.278532E-01 0.470351E-01
-.146923E+01 0.297105E-01 0.445118E-01
-.142590E+01 0.315610E-01 0.421932E-01
-.138479E+01 0.334014E-01 0.400578E-01
-.134573E+01 0.352291E-01 0.380869E-01
-.130856E+01 0.370423E-01 0.362640E-01
-.127316E+01 0.388401E-01 0.345746E-01
-.123937E+01 0.406219E-01 0.330061E-01
-.120711E+01 0.423879E-01 0.315473E-01
-.117625E+01 0.441387E-01 0.301881E-01
-.114670E+01 0.458751E-01 0.289197E-01
-.111838E+01 0.475985E-01 0.277342E-01
-.109121E+01 0.493105E-01 0.266247E-01
-.106511E+01 0.510129E-01 0.255847E-01
-.104002E+01 0.527074E-01 0.246085E-01
-.101587E+01 0.543962E-01 0.236912E-01
-.992616E+00 0.560815E-01 0.228280E-01
-.970198E+00 0.577653E-01 0.220149E-01
-.948570E+00 0.594498E-01 0.212480E-01
-.927688E+00 0.611374E-01 0.205239E-01
-.907509E+00 0.628301E-01 0.198396E-01
-.887996E+00 0.645301E-01 0.191921E-01
-.869114E+00 0.662397E-01 0.185790E-01
-.850828E+00 0.679608E-01 0.179978E-01
-.833108E+00 0.696956E-01 0.174464E-01
-.815926E+00 0.714462E-01 0.169227E-01
-.799254E+00 0.732145E-01 0.164251E-01
-.783068E+00 0.750024E-01 0.159518E-01
-.767343E+00 0.768119E-01 0.155013E-01
-.752058E+00 0.786449E-01 0.150721E-01
-.737192E+00 0.805031E-01 0.146630E-01
-.722726E+00 0.823884E-01 0.142727E-01
-.708641E+00 0.843026E-01 0.139001E-01
-.694920E+00 0.862474E-01 0.135442E-01
-.681547E+00 0.882246E-01 0.132040E-01
-.668507E+00 0.902358E-01 0.128787E-01
-.655785E+00 0.922828E-01 0.125674E-01
-.643368E+00 0.943672E-01 0.122693E-01
-.631242E+00 0.964908E-01 0.119836E-01
-.619397E+00 0.986552E-01 0.117099E-01
-.607819E+00 0.100862E+00 0.114473E-01
-.596498E+00 0.103113E+00 0.111953E-01
-.585425E+00 0.105410E+00 0.109535E-01
-.574588E+00 0.107755E+00 0.107212E-01
-.563979E+00 0.110149E+00 0.104980E-01
-.553589E+00 0.112594E+00 0.102834E-01
-.543410E+00 0.115092E+00 0.100770E-01
-.533433E+00 0.117644E+00 0.987847E-02
-.523651E+00 0.120253E+00 0.968738E-02
-.514056E+00 0.122921E+00 0.950338E-02
-.504641E+00 0.125649E+00 0.932615E-02
-.495401E+00 0.128439E+00 0.915538E-02
-.486329E+00 0.131294E+00 0.899079E-02
-.477418E+00 0.134214E+00 0.883208E-02
-.468663E+00 0.137204E+00 0.867901E-02
-.460058E+00 0.140263E+00 0.853133E-02
-.451598E+00 0.143396E+00 0.838881E-02
-.443279E+00 0.146604E+00 0.825123E-02
-.435094E+00 0.149889E+00 0.811837E-02
-.427040E+00 0.153254E+00 0.799006E-02
-.419113E+00 0.156701E+00 0.786609E-02
-.411307E+00 0.160234E+00 0.774630E-02
-.403619E+00 0.163854E+00 0.763052E-02
-.396044E+00 0.167564E+00 0.751859E-02
-.388580E+00 0.171368E+00 0.741036E-02
-.381223E+00 0.175268E+00 0.730569E-02
-.373968E+00 0.179266E+00 0.720445E-02
-.366813E+00 0.183368E+00 0.710649E-02
-.359754E+00 0.187575E+00 0.701172E-02
-.352788E+00 0.191890E+00 0.691999E-02
-.345913E+00 0.196318E+00 0.683122E-02
-.339125E+00 0.200862E+00 0.674529E-02
-.332421E+00 0.205526E+00 0.666210E-02
-.325800E+00 0.210314E+00 0.658155E-02
-.319257E+00 0.215229E+00 0.650356E-02
-.312792E+00 0.220275E+00 0.642804E-02
-.306400E+00 0.225458E+00 0.635491E-02
-.300081E+00 0.230781E+00 0.628408E-02
-.293831E+00 0.236249E+00 0.621549E-02
-.287649E+00 0.241867E+00 0.614906E-02
-.281533E+00 0.247639E+00 0.608472E-02
-.275479E+00 0.253572E+00 0.602241E-02
-.269487E+00 0.259669E+00 0.596207E-02
-.263555E+00 0.265937E+00 0.590363E-02
-.257679E+00 0.272381E+00 0.584703E-02
-.251860E+00 0.279006E+00 0.579224E-02
-.246094E+00 0.285820E+00 0.573918E-02
-.240381E+00 0.292829E+00 0.568782E-02
-.234718E+00 0.300037E+00 0.563810E-02
-.229104E+00 0.307453E+00 0.558998E-02
-.223538E+00 0.315084E+00 0.554342E-02
-.218017E+00 0.322935E+00 0.549837E-02
-.212540E+00 0.331015E+00 0.545479E-02
-.207107E+00 0.339331E+00 0.541265E-02
-.201715E+00 0.347890E+00 0.537192E-02
-.196362E+00 0.356701E+00 0.533254E-02
-.191049E+00 0.365771E+00 0.529450E-02
-.185773E+00 0.375109E+00 0.525776E-02
-.180533E+00 0.384723E+00 0.522229E-02
-.175328E+00 0.394623E+00 0.518806E-02
-.170157E+00 0.404815E+00 0.515504E-02
-.165018E+00 0.415311E+00 0.512321E-02
-.159910E+00 0.426118E+00 0.509254E-02
-.154832E+00 0.437246E+00 0.506301E-02
-.149783E+00 0.448704E+00 0.503459E-02
-.144763E+00 0.460501E+00 0.500726E-02
-.139769E+00 0.472646E+00 0.498100E-02
-.134800E+00 0.485149E+00 0.495579E-02
-.129857E+00 0.498019E+00 0.493161E-02
-.124937E+00 0.511265E+00 0.490845E-02
-.120039E+00 0.524895E+00 0.488628E-02
-.115164E+00 0.538918E+00 0.486508E-02
-.110309E+00 0.553342E+00 0.484485E-02
-.105474E+00 0.568174E+00 0.482557E-02
-.100657E+00 0.583423E+00 0.480723E-02
-.958590E-01 0.599093E+00 0.478980E-02
-.910775E-01 0.615192E+00 0.477328E-02
-.863121E-01 0.631723E+00 0.475766E-02
-.815619E-01 0.648691E+00 0.474292E-02
-.768260E-01 0.666098E+00 0.472906E-02
-.721035E-01 0.683946E+00 0.471607E-02
-.673936E-01 0.702235E+00 0.470392E-02
-.626954E-01 0.720962E+00 0.469263E-02
-.580080E-01 0.740124E+00 0.468217E-02
-.533308E-01 0.759716E+00 0.467255E-02
-.486627E-01 0.779729E+00 0.466375E-02
-.440030E-01 0.800155E+00 0.465577E-02
-.393509E-01 0.820979E+00 0.464861E-02
-.347055E-01 0.842188E+00 0.464225E-02
-.300661E-01 0.863762E+00 0.463669E-02
-.254318E-01 0.885681E+00 0.463194E-02
-.208019E-01 0.907920E+00 0.462799E-02
-.161756E-01 0.930451E+00 0.462482E-02
-.115520E-01 0.953243E+00 0.462246E-02
-.693043E-02 0.976261E+00 0.462088E-02
-.231001E-02 0.999467E+00 0.462009E-02
0.231001E-02 0.102282E+01 0.462009E-02
0.693043E-02 0.104627E+01 0.462088E-02
0.115520E-01 0.106977E+01 0.462246E-02
0.161756E-01 0.109328E+01 0.462482E-02
0.208019E-01 0.111672E+01 0.462799E-02
0.254318E-01 0.114004E+01 0.463194E-02
0.300661E-01 0.116319E+01 0.463669E-02
0.347055E-01 0.118608E+01 0.464225E-02
0.393509E-01 0.120866E+01 0.464861E-02
0.440030E-01 0.123086E+01 0.465577E-02
0.486627E-01 0.125259E+01 0.466375E-02
0.533308E-01 0.127380E+01 0.467255E-02
0.580080E-01 0.129439E+01 0.468217E-02
0.626954E-01 0.131430E+01 0.469263E-02
0.673936E-01 0.133344E+01 0.470392E-02
0.721035E-01 0.135175E+01 0.471607E-02
0.768260E-01 0.136915E+01 0.472906E-02
0.815619E-01 0.138556E+01 0.474292E-02
0.863121E-01 0.140091E+01 0.475766E-02
0.910775E-01 0.141513E+01 0.477328E-02
0.958590E-01 0.142817E+01 0.478980E-02
0.100657E+00 0.143994E+01 0.480723E-02
0.105474E+00 0.145041E+01 0.482557E-02
0.110309E+00 0.145951E+01 0.484485E-02
0.115164E+00 0.146720E+01 0.486508E-02
0.120039E+00 0.147344E+01 0.488628E-02
0.124937E+00 0.147819E+01 0.490845E-02
0.129857E+00 0.148143E+01 0.493161E-02
0.134800E+00 0.148313E+01 0.495579E-02
0.139769E+00 0.148328E+01 0.498100E-02
0.144763E+00 0.148187E+01 0.500726E-02
0.149783E+00 0.147891E+01 0.503459E-02
0.154832E+00 0.147439E+01 0.506301E-02
0.159910E+00 0.146835E+01 0.509254E-02
0.165018E+00 0.146079E+01 0.512321E-02
0.170157E+00 0.145174E+01 0.515504E-02
0.175328E+00 0.144125E+01 0.518806E-02
0.180533E+00 0.142934E+01 0.522229E-02
0.185773E+00 0.141607E+01 0.525776E-02
0.191049E+00 0.140149E+01 0.529450E-02
0.196362E+00 0.138565E+01 0.533254E-02
0.201715E+00 0.136861E+01 0.537192E-02
0.207107E+00 0.135044E+01 0.541265E-02
0.212540E+00 0.133121E+01 0.545479E-02
0.218017E+00 0.131097E+01 0.549837E-02
0.223538E+00 0.128982E+01 0.554342E-02
0.229104E+00 0.126782E+01 0.558998E-02
0.234718E+00 0.124504E+01 0.563810E-02
0.240381E+00 0.122158E+01 0.568782E-02
0.246094E+00 0.119749E+01 0.573918E-02
0.251860E+00 0.117287E+01 0.579224E-02
0.257679E+00 0.114779E+01 0.584703E-02
0.263555E+00 0.112233E+01 0.590363E-02
0.269487E+00 0.109656E+01 0.596207E-02
0.275479E+00 0.107056E+01 0.602241E-02
0.281533E+00 0.104440E+01 0.608472E-02
0.287649E+00 0.101815E+01 0.614906E-02
0.293831E+00 0.991885E+00 0.621549E-02
0.300081E+00 0.965666E+00 0.628408E-02
0.306400E+00 0.939554E+00 0.635491E-02
0.312792E+00 0.913609E+00 0.642804E-02
0.319257E+00 0.887885E+00 0.650356E-02
0.325800E+00 0.862432E+00 0.658155E-02
0.332421E+00 0.837298E+00 0.666210E-02
0.339125E+00 0.812523E+00 0.674529E-02
0.345913E+00 0.788145E+00 0.683122E-02
0.352788E+00 0.764200E+00 0.691999E-02
0.359754E+00 0.740715E+00 0.701172E-02
0.366813E+00 0.717716E+00 0.710649E-02
0.373968E+00 0.695225E+00 0.720445E-02
0.381223E+00 0.673259E+00 0.730569E-02
0.388580E+00 0.651831E+00 0.741036E-02
0.396044E+00 0.630951E+00 0.751859E-02
0.403619E+00 0.610628E+00 0.763052E-02
0.411307E+00 0.590866E+00 0.774630E-02
0.419113E+00 0.571665E+00 0.786609E-02
0.427040E+00 0.553025E+00 0.799006E-02
0.435094E+00 0.534942E+00 0.811837E-02
0.443279E+00 0.517413E+00 0.825123E-02
0.451598E+00 0.500430E+00 0.838881E-02
0.460058E+00 0.483984E+00 0.853133E-02
0.468663E+00 0.468068E+00 0.867901E-02
0.477418E+00 0.452669E+00 0.883208E-02
0.486329E+00 0.437777E+00 0.899079E-02
0.495401E+00 0.423381E+00 0.915538E-02
0.504641E+00 0.409466E+00 0.932615E-02
0.514056E+00 0.396021E+00 0.950338E-02
0.523651E+00 0.383032E+00 0.968738E-02
0.533433E+00 0.370485E+00 0.987847E-02
0.543410E+00 0.358367E+00 0.100770E-01
0.553589E+00 0.346664E+00 0.102834E-01
0.563979E+00 0.335364E+00 0.104980E-01
0.574588E+00 0.324451E+00 0.107212E-01
0.585425E+00 0.313914E+00 0.109535E-01
0.596498E+00 0.303738E+00 0.111953E-01
0.607819E+00 0.293911E+00 0.114473E-01
0.619397E+00 0.284421E+00 0.117099E-01
0.631242E+00 0.275255E+00 0.119836E-01
0.643368E+00 0.266401E+00 0.122693E-01
0.655785E+00 0.257847E+00 0.125674E-01
0.668507E+00 0.249582E+00 0.128787E-01
0.681547E+00 0.241595E+00 0.132040E-01
0.694920E+00 0.233875E+00 0.135442E-01
0.708641E+00 0.226412E+00 0.139001E-01
0.722726E+00 0.219194E+00 0.142727E-01
0.737192E+00 0.212214E+00 0.146630E-01
0.752058E+00 0.205460E+00 0.150721E-01
0.767343E+00 0.198923E+00 0.155013E-01
0.783068E+00 0.192595E+00 0.159518E-01
0.799254E+00 0.186467E+00 0.164251E-01
0.815926E+00 0.180529E+00 0.169227E-01
0.833108E+00 0.174775E+00 0.174464E-01
0.850828E+00 0.169194E+00 0.179978E-01
0.869114E+00 0.163781E+00 0.185790E-01
0.887996E+00 0.158525E+00 0.191921E-01
0.907509E+00 0.153421E+00 0.198396E-01
0.927688E+00 0.148460E+00 0.205239E-01
0.948570E+00 0.143634E+00 0.212480E-01
0.970198E+00 0.138936E+00 0.220149E-01
0.992616E+00 0.134360E+00 0.228280E-01
0.101587E+01 0.129896E+00 0.236912E-01
0.104002E+01 0.125538E+00 0.246085E-01
0.106511E+01 0.121278E+00 0.255847E-01
0.109121E+01 0.117108E+00 0.266247E-01
0.111838E+01 0.113020E+00 0.277342E-01
0.114670E+01 0.109007E+00 0.289197E-01
0.117625E+01 0.105060E+00 0.301881E-01
0.120711E+01 0.101170E+00 0.315473E-01
0.123937E+01 0.973299E-01 0.330061E-01
0.127316E+01 0.935293E-01 0.345746E-01
0.130856E+01 0.897594E-01 0.362640E-01
0.134573E+01 0.860107E-01 0.380869E-01
0.138479E+01 0.822738E-01 0.400578E-01
0.142590E+01 0.785388E-01 0.421932E-01
0.146923E+01 0.747964E-01 0.445118E-01
0.151499E+01 0.710373E-01 0.470351E-01
0.156338E+01 0.672530E-01 0.497880E-01
0.161465E+01 0.634363E-01 0.527991E-01
0.166908E+01 0.595812E-01 0.561018E-01
0.172697E+01 0.556845E-01 0.597348E-01
0.178867E+01 0.517459E-01 0.637438E-01
0.185460E+01 0.477690E-01 0.681823E-01
0.192520E+01 0.437625E-01 0.731141E-01
0.200101E+01 0.397410E-01 0.786148E-01
0.208265E+01 0.357255E-01 0.847755E-01
0.217082E+01 0.317441E-01 0.917062E-01
0.226636E+01 0.278315E-01 0.995405E-01
0.237026E+01 0.240289E-01 0.108443E+00
0.248367E+01 0.203817E-01 0.118616E+00
0.260800E+01 0.169380E-01 0.130314E+00
0.274491E+01 0.137455E-01 0.143858E+00
0.289646E+01 0.108486E-01 0.159658E+00
0.306516E+01 0.828546E-02 0.178243E+00
0.325411E+01 0.608483E-02 0.200308E+00
0.346724E+01 0.426333E-02 0.226781E+00
0.370955E+01 0.282230E-02 0.258919E+00
0.398754E+01 0.174479E-02 0.298460E+00
0.430975E+01 0.993621E-03 0.347866E+00
0.468773E+01 0.512986E-03 0.410713E+00
0.513741E+01 0.235505E-03 0.492361E+00
0.568144E+01 0.936418E-04 0.601129E+00
0.635311E+01 0.308855E-04 0.750507E+00
0.720347E+01 0.772000E-05 0.963546E+00
