-.720347E+01 0.173282E-05 0.963546E+00
-.635311E+01 0.724356E-05 0.750507E+00
-.568144E+01 0.215973E-04 0.601129E+00
-.513741E+01 0.528509E-04 0.492361E+00
-.468773E+01 0.112521E-03 0.410713E+00
-.430975E+01 0.215039E-03 0.347866E+00
-.398754E+01 0.376173E-03 0.298460E+00
-.370955E+01 0.610678E-03 0.258919E+00
-.346724E+01 0.929885E-03 0.226781E+00
-.325411E+01 0.134002E-02 0.200308E+00
-.306516E+01 0.184175E-02 0.178243E+00
-.289646E+01 0.243083E-02 0.159658E+00
-.274491E+01 0.309948E-02 0.143858E+00
-.260800E+01 0.383783E-02 0.130314E+00
-.248367E+01 0.463527E-02 0.118616E+00
-.237026E+01 0.548123E-02 0.108443E+00
-.226636E+01 0.636579E-02 0.995405E-01
-.217082E+01 0.727987E-02 0.917062E-01
-.208265E+01 0.821536E-02 0.847755E-01
-.200101E+01 0.916505E-02 0.786148E-01
-.192520E+01 0.101226E-01 0.731141E-01
-.185460E+01 0.110825E-01 0.681823E-01
-.178867E+01 0.120399E-01 0.637438E-01
-.172697E+01 0.129907E-01 0.597348E-01
-.166908E+01 0.139315E-01 0.561018E-01
-.161465E+01 0.148593E-01 0.527991E-01
-.156338E+01 0.157717E-01 0.497880E-01
-.151499E+01 0.166668E-01 0.470351E-01
-.146923E+01 0.175432E-01 0.445118E-01
-.142590E+01 0.183998E-01 0.421932E-01
-.138479E+01 0.192359E-01 0.400578E-01
-.134573E+01 0.200512E-01 0.380869E-01
-.130856E+01 0.208455E-01 0.362640E-01
-.127316E+01 0.216190E-01 0.345746E-01
-.123937E+01 0.223721E-01 0.330061E-01
-.120711E+01 0.231051E-01 0.315473E-01
-.117625E+01 0.238189E-01 0.301881E-01
-.114670E+01 0.245141E-01 0.289197E-01
-.111838E+01 0.251916E-01 0.277342E-01
-.109121E+01 0.258524E-01 0.266247E-01
-.106511E+01 0.264972E-01 0.255847E-01
-.104002E+01 0.271273E-01 0.246085E-01
-.101587E+01 0.277435E-01 0.236912E-01
-.992616E+00 0.283468E-01 0.228280E-01
-.970198E+00 0.289382E-01 0.220149E-01
-.948570E+00 0.295188E-01 0.212480E-01
-.927688E+00 0.300895E-01 0.205239E-01
-.907509E+00 0.306513E-01 0.198396E-01
-.887996E+00 0.312049E-01 0.191921E-01
-.869114E+00 0.317514E-01 0.185790E-01
-.850828E+00 0.322916E-01 0.179978E-01
-.833108E+00 0.328262E-01 0.174464E-01
-.815926E+00 0.333561E-01 0.169227E-01
-.799254E+00 0.338821E-01 0.164251E-01
-.783068E+00 0.344047E-01 0.159518E-01
-.767343E+00 0.349247E-01 0.155013E-01
-.752058E+00 0.354428E-01 0.150721E-01
-.737192E+00 0.359595E-01 0.146630E-01
-.722726E+00 0.364755E-01 0.142727E-01
-.708641E+00 0.369913E-01 0.139001E-01
-.694920E+00 0.375074E-01 0.135442E-01
-.681547E+00 0.380244E-01 0.132040E-01
-.668507E+00 0.385427E-01 0.128787E-01
-.655785E+00 0.390627E-01 0.125674E-01
-.643368E+00 0.395851E-01 0.122693E-01
-.631242E+00 0.401100E-01 0.119836E-01
-.619397E+00 0.406381E-01 0.117099E-01
-.607819E+00 0.411695E-01 0.114473E-01
-.596498E+00 0.417048E-01 0.111953E-01
-.585425E+00 0.422443E-01 0.109535E-01
-.574588E+00 0.427883E-01 0.107212E-01
-.563979E+00 0.433371E-01 0.104980E-01
-.553589E+00 0.438911E-01 0.102834E-01
-.543410E+00 0.444507E-01 0.100770E-01
-.533433E+00 0.450160E-01 0.987847E-02
-.523651E+00 0.455874E-01 0.968738E-02
-.514056E+00 0.461653E-01 0.950338E-02
-.504641E+00 0.467498E-01 0.932615E-02
-.495401E+00 0.473413E-01 0.915538E-02
-.486329E+00 0.479400E-01 0.899079E-02
-.477418E+00 0.485463E-01 0.883208E-02
-.468663E+00 0.491603E-01 0.867901E-02
-.460058E+00 0.497824E-01 0.853133E-02
-.451598E+00 0.504129E-01 0.838881E-02
-.443279E+00 0.510520E-01 0.825123E-02
-.435094E+00 0.517000E-01 0.811837E-02
-.427040E+00 0.523571E-01 0.799006E-02
-.419113E+00 0.530236E-01 0.786609E-02
-.411307E+00 0.536999E-01 0.774630E-02
-.403619E+00 0.543861E-01 0.763052E-02
-.396044E+00 0.550826E-01 0.751859E-02
-.388580E+00 0.557896E-01 0.741036E-02
-.381223E+00 0.565075E-01 0.730569E-02
-.373968E+00 0.572365E-01 0.720445E-02
-.366813E+00 0.579769E-01 0.710649E-02
-.359754E+00 0.587291E-01 0.701172E-02
-.352788E+00 0.594932E-01 0.691999E-02
-.345913E+00 0.602698E-01 0.683122E-02
-.339125E+00 0.610590E-01 0.674529E-02
-.332421E+00 0.618613E-01 0.666210E-02
-.325800E+00 0.626769E-01 0.658155E-02
-.319257E+00 0.635062E-01 0.650356E-02
-.312792E+00 0.643496E-01 0.642804E-02
-.306400E+00 0.652074E-01 0.635491E-02
-.300081E+00 0.660800E-01 0.628408E-02
-.293831E+00 0.669678E-01 0.621549E-02
-.287649E+00 0.678712E-01 0.614906E-02
-.281533E+00 0.687906E-01 0.608472E-02
-.275479E+00 0.697265E-01 0.602241E-02
-.269487E+00 0.706792E-01 0.596207E-02
-.263555E+00 0.716493E-01 0.590363E-02
-.257679E+00 0.726371E-01 0.584703E-02
-.251860E+00 0.736433E-01 0.579224E-02
-.246094E+00 0.746682E-01 0.573918E-02
-.240381E+00 0.757124E-01 0.568782E-02
-.234718E+00 0.767765E-01 0.563810E-02
-.229104E+00 0.778609E-01 0.558998E-02
-.223538E+00 0.789663E-01 0.554342E-02
-.218017E+00 0.800932E-01 0.549837E-02
-.212540E+00 0.812423E-01 0.545479E-02
-.207107E+00 0.824142E-01 0.541265E-02
-.201715E+00 0.836095E-01 0.537192E-02
-.196362E+00 0.848289E-01 0.533254E-02
-.191049E+00 0.860732E-01 0.529450E-02
-.185773E+00 0.873431E-01 0.525776E-02
-.180533E+00 0.886392E-01 0.522229E-02
-.175328E+00 0.899625E-01 0.518806E-02
-.170157E+00 0.913137E-01 0.515504E-02
-.165018E+00 0.926937E-01 0.512321E-02
-.159910E+00 0.941033E-01 0.509254E-02
-.154832E+00 0.955436E-01 0.506301E-02
-.149783E+00 0.970153E-01 0.503459E-02
-.144763E+00 0.985195E-01 0.500726E-02
-.139769E+00 0.100057E+00 0.498100E-02
-.134800E+00 0.101630E+00 0.495579E-02
-.129857E+00 0.103238E+00 0.493161E-02
-.124937E+00 0.104883E+00 0.490845E-02
-.120039E+00 0.106566E+00 0.488628E-02
-.115164E+00 0.108288E+00 0.486508E-02
-.110309E+00 0.110051E+00 0.484485E-02
-.105474E+00 0.111856E+00 0.482557E-02
-.100657E+00 0.113704E+00 0.480723E-02
-.958590E-01 0.115597E+00 0.478980E-02
-.910775E-01 0.117536E+00 0.477328E-02
-.863121E-01 0.119523E+00 0.475766E-02
-.815619E-01 0.121560E+00 0.474292E-02
-.768260E-01 0.123648E+00 0.472906E-02
-.721035E-01 0.125789E+00 0.471607E-02
-.673936E-01 0.127984E+00 0.470392E-02
-.626954E-01 0.130237E+00 0.469263E-02
-.580080E-01 0.132548E+00 0.468217E-02
-.533308E-01 0.134920E+00 0.467255E-02
-.486627E-01 0.137356E+00 0.466375E-02
-.440030E-01 0.139856E+00 0.465577E-02
-.393509E-01 0.142424E+00 0.464861E-02
-.347055E-01 0.145063E+00 0.464225E-02
-.300661E-01 0.147773E+00 0.463669E-02
-.254318E-01 0.150559E+00 0.463194E-02
-.208019E-01 0.153423E+00 0.462799E-02
-.161756E-01 0.156368E+00 0.462482E-02
-.115520E-01 0.159397E+00 0.462246E-02
-.693043E-02 0.162512E+00 0.462088E-02
-.231001E-02 0.165717E+00 0.462009E-02
0.231001E-02 0.169016E+00 0.462009E-02
0.693043E-02 0.172411E+00 0.462088E-02
0.115520E-01 0.175906E+00 0.462246E-02
0.161756E-01 0.179505E+00 0.462482E-02
0.208019E-01 0.183212E+00 0.462799E-02
0.254318E-01 0.187030E+00 0.463194E-02
0.300661E-01 0.190963E+00 0.463669E-02
0.347055E-01 0.195015E+00 0.464225E-02
0.393509E-01 0.199191E+00 0.464861E-02
0.440030E-01 0.203494E+00 0.465577E-02
0.486627E-01 0.207930E+00 0.466375E-02
0.533308E-01 0.212502E+00 0.467255E-02
0.580080E-01 0.217214E+00 0.468217E-02
0.626954E-01 0.222072E+00 0.469263E-02
0.673936E-01 0.227080E+00 0.470392E-02
0.721035E-01 0.232242E+00 0.471607E-02
0.768260E-01 0.237564E+00 0.472906E-02
0.815619E-01 0.243048E+00 0.474292E-02
0.863121E-01 0.248700E+00 0.475766E-02
0.910775E-01 0.254525E+00 0.477328E-02
0.958590E-01 0.260525E+00 0.478980E-02
0.100657E+00 0.266706E+00 0.480723E-02
0.105474E+00 0.273070E+00 0.482557E-02
0.110309E+00 0.279621E+00 0.484485E-02
0.115164E+00 0.286363E+00 0.486508E-02
0.120039E+00 0.293298E+00 0.488628E-02
0.124937E+00 0.300428E+00 0.490845E-02
0.129857E+00 0.307754E+00 0.493161E-02
0.134800E+00 0.315279E+00 0.495579E-02
0.139769E+00 0.323002E+00 0.498100E-02
0.144763E+00 0.330923E+00 0.500726E-02
0.149783E+00 0.339040E+00 0.503459E-02
0.154832E+00 0.347353E+00 0.506301E-02
0.159910E+00 0.355857E+00 0.509254E-02
0.165018E+00 0.364550E+00 0.512321E-02
0.170157E+00 0.373425E+00 0.515504E-02
0.175328E+00 0.382478E+00 0.518806E-02
0.180533E+00 0.391700E+00 0.522229E-02
0.185773E+00 0.401083E+00 0.525776E-02
0.191049E+00 0.410617E+00 0.529450E-02
0.196362E+00 0.420291E+00 0.533254E-02
0.201715E+00 0.430094E+00 0.537192E-02
0.207107E+00 0.440011E+00 0.541265E-02
0.212540E+00 0.450027E+00 0.545479E-02
0.218017E+00 0.460127E+00 0.549837E-02
0.223538E+00 0.470294E+00 0.554342E-02
0.229104E+00 0.480509E+00 0.558998E-02
0.234718E+00 0.490753E+00 0.563810E-02
0.240381E+00 0.501007E+00 0.568782E-02
0.246094E+00 0.511249E+00 0.573918E-02
0.251860E+00 0.521458E+00 0.579224E-02
0.257679E+00 0.531612E+00 0.584703E-02
0.263555E+00 0.541691E+00 0.590363E-02
0.269487E+00 0.551671E+00 0.596207E-02
0.275479E+00 0.561531E+00 0.602241E-02
0.281533E+00 0.571250E+00 0.608472E-02
0.287649E+00 0.580806E+00 0.614906E-02
0.293831E+00 0.590181E+00 0.621549E-02
0.300081E+00 0.599354E+00 0.628408E-02
0.306400E+00 0.608308E+00 0.635491E-02
0.312792E+00 0.617027E+00 0.642804E-02
0.319257E+00 0.625494E+00 0.650356E-02
0.325800E+00 0.633696E+00 0.658155E-02
0.332421E+00 0.641621E+00 0.666210E-02
0.339125E+00 0.649259E+00 0.674529E-02
0.345913E+00 0.656600E+00 0.683122E-02
0.352788E+00 0.663638E+00 0.691999E-02
0.359754E+00 0.670365E+00 0.701172E-02
0.366813E+00 0.676779E+00 0.710649E-02
0.373968E+00 0.682877E+00 0.720445E-02
0.381223E+00 0.688657E+00 0.730569E-02
0.388580E+00 0.694119E+00 0.741036E-02
0.396044E+00 0.699264E+00 0.751859E-02
0.403619E+00 0.704093E+00 0.763052E-02
0.411307E+00 0.708611E+00 0.774630E-02
0.419113E+00 0.712820E+00 0.786609E-02
0.427040E+00 0.716724E+00 0.799006E-02
0.435094E+00 0.720328E+00 0.811837E-02
0.443279E+00 0.723637E+00 0.825123E-02
0.451598E+00 0.726656E+00 0.838881E-02
0.460058E+00 0.729390E+00 0.853133E-02
0.468663E+00 0.731843E+00 0.867901E-02
0.477418E+00 0.734021E+00 0.883208E-02
0.486329E+00 0.735928E+00 0.899079E-02
0.495401E+00 0.737569E+00 0.915538E-02
0.504641E+00 0.738946E+00 0.932615E-02
0.514056E+00 0.740064E+00 0.950338E-02
0.523651E+00 0.740924E+00 0.968738E-02
0.533433E+00 0.741528E+00 0.987847E-02
0.543410E+00 0.741877E+00 0.100770E-01
0.553589E+00 0.741970E+00 0.102834E-01
0.563979E+00 0.741806E+00 0.104980E-01
0.574588E+00 0.741382E+00 0.107212E-01
0.585425E+00 0.740694E+00 0.109535E-01
0.596498E+00 0.739737E+00 0.111953E-01
0.607819E+00 0.738504E+00 0.114473E-01
0.619397E+00 0.736986E+00 0.117099E-01
0.631242E+00 0.735172E+00 0.119836E-01
0.643368E+00 0.733050E+00 0.122693E-01
0.655785E+00 0.730605E+00 0.125674E-01
0.668507E+00 0.727819E+00 0.128787E-01
0.681547E+00 0.724673E+00 0.132040E-01
0.694920E+00 0.721144E+00 0.135442E-01
0.708641E+00 0.717208E+00 0.139001E-01
0.722726E+00 0.712836E+00 0.142727E-01
0.737192E+00 0.707997E+00 0.146630E-01
0.752058E+00 0.702657E+00 0.150721E-01
0.767343E+00 0.696778E+00 0.155013E-01
0.783068E+00 0.690322E+00 0.159518E-01
0.799254E+00 0.683244E+00 0.164251E-01
0.815926E+00 0.675502E+00 0.169227E-01
0.833108E+00 0.667047E+00 0.174464E-01
0.850828E+00 0.657835E+00 0.179978E-01
0.869114E+00 0.647817E+00 0.185790E-01
0.887996E+00 0.636951E+00 0.191921E-01
0.907509E+00 0.625195E+00 0.198396E-01
0.927688E+00 0.612513E+00 0.205239E-01
0.948570E+00 0.598878E+00 0.212480E-01
0.970198E+00 0.584272E+00 0.220149E-01
0.992616E+00 0.568689E+00 0.228280E-01
0.101587E+01 0.552138E+00 0.236912E-01
0.104002E+01 0.534644E+00 0.246085E-01
0.106511E+01 0.516251E+00 0.255847E-01
0.109121E+01 0.497019E+00 0.266247E-01
0.111838E+01 0.477028E+00 0.277342E-01
0.114670E+01 0.456374E+00 0.289197E-01
0.117625E+01 0.435170E+00 0.301881E-01
0.120711E+01 0.413536E+00 0.315473E-01
0.123937E+01 0.391603E+00 0.330061E-01
0.127316E+01 0.369502E+00 0.345746E-01
0.130856E+01 0.347363E+00 0.362640E-01
0.134573E+01 0.325309E+00 0.380869E-01
0.138479E+01 0.303453E+00 0.400578E-01
0.142590E+01 0.281895E+00 0.421932E-01
0.146923E+01 0.260721E+00 0.445118E-01
0.151499E+01 0.240005E+00 0.470351E-01
0.156338E+01 0.219811E+00 0.497880E-01
0.161465E+01 0.200194E+00 0.527991E-01
0.166908E+01 0.181205E+00 0.561018E-01
0.172697E+01 0.162894E+00 0.597348E-01
0.178867E+01 0.145317E+00 0.637438E-01
0.185460E+01 0.128530E+00 0.681823E-01
0.192520E+01 0.112599E+00 0.731141E-01
0.200101E+01 0.975947E-01 0.786148E-01
0.208265E+01 0.835886E-01 0.847755E-01
0.217082E+01 0.706510E-01 0.917062E-01
0.226636E+01 0.588435E-01 0.995405E-01
0.237026E+01 0.482139E-01 0.108443E+00
0.248367E+01 0.387896E-01 0.118616E+00
0.260800E+01 0.305743E-01 0.130314E+00
0.274491E+01 0.235459E-01 0.143858E+00
0.289646E+01 0.176571E-01 0.159658E+00
0.306516E+01 0.128380E-01 0.178243E+00
0.325411E+01 0.900018E-02 0.200308E+00
0.346724E+01 0.604117E-02 0.226781E+00
0.370955E+01 0.384801E-02 0.258919E+00
0.398754E+01 0.230039E-02 0.298460E+00
0.430975E+01 0.127344E-02 0.347866E+00
0.468773E+01 0.642244E-03 0.410713E+00
0.513741E+01 0.289161E-03 0.492361E+00
0.568144E+01 0.113026E-03 0.601129E+00
0.635311E+01 0.366583E-04 0.750507E+00
0.720347E+01 0.898662E-05 0.963546E+00
