-.720347E+01 0.154145E-05 0.963546E+00
-.635311E+01 0.631124E-05 0.750507E+00
-.568144E+01 0.186516E-04 0.601129E+00
-.513741E+01 0.454208E-04 0.492361E+00
-.468773E+01 0.963519E-04 0.410713E+00
-.430975E+01 0.183408E-03 0.347866E+00
-.398754E+01 0.319104E-03 0.298460E+00
-.370955E+01 0.514130E-03 0.258919E+00
-.346724E+01 0.775093E-03 0.226781E+00
-.325411E+01 0.110328E-02 0.200308E+00
-.306516E+01 0.149485E-02 0.178243E+00
-.289646E+01 0.194210E-02 0.159658E+00
-.274491E+01 0.243526E-02 0.143858E+00
-.260800E+01 0.296404E-02 0.130314E+00
-.248367E+01 0.351864E-02 0.118616E+00
-.237026E+01 0.409040E-02 0.108443E+00
-.226636E+01 0.467188E-02 0.995405E-01
-.217082E+01 0.525686E-02 0.917062E-01
-.208265E+01 0.584018E-02 0.847755E-01
-.200101E+01 0.641762E-02 0.786148E-01
-.192520E+01 0.698570E-02 0.731141E-01
-.185460E+01 0.754161E-02 0.681823E-01
-.178867E+01 0.808308E-02 0.637438E-01
-.172697E+01 0.860834E-02 0.597348E-01
-.166908E+01 0.911602E-02 0.561018E-01
-.161465E+01 0.960515E-02 0.527991E-01
-.156338E+01 0.100751E-01 0.497880E-01
-.151499E+01 0.105254E-01 0.470351E-01
-.146923E+01 0.109561E-01 0.445118E-01
-.142590E+01 0.113673E-01 0.421932E-01
-.138479E+01 0.117592E-01 0.400578E-01
-.134573E+01 0.121322E-01 0.380869E-01
-.130856E+01 0.124871E-01 0.362640E-01
-.127316E+01 0.128244E-01 0.345746E-01
-.123937E+01 0.131448E-01 0.330061E-01
-.120711E+01 0.134492E-01 0.315473E-01
-.117625E+01 0.137385E-01 0.301881E-01
-.114670E+01 0.140133E-01 0.289197E-01
-.111838E+01 0.142747E-01 0.277342E-01
-.109121E+01 0.145235E-01 0.266247E-01
-.106511E+01 0.147605E-01 0.255847E-01
-.104002E+01 0.149864E-01 0.246085E-01
-.101587E+01 0.152022E-01 0.236912E-01
-.992616E+00 0.154085E-01 0.228280E-01
-.970198E+00 0.156062E-01 0.220149E-01
-.948570E+00 0.157958E-01 0.212480E-01
-.927688E+00 0.159780E-01 0.205239E-01
-.907509E+00 0.161534E-01 0.198396E-01
-.887996E+00 0.163227E-01 0.191921E-01
-.869114E+00 0.164864E-01 0.185790E-01
-.850828E+00 0.166449E-01 0.179978E-01
-.833108E+00 0.167988E-01 0.174464E-01
-.815926E+00 0.169485E-01 0.169227E-01
-.799254E+00 0.170944E-01 0.164251E-01
-.783068E+00 0.172368E-01 0.159518E-01
-.767343E+00 0.173762E-01 0.155013E-01
-.752058E+00 0.175129E-01 0.150721E-01
-.737192E+00 0.176472E-01 0.146630E-01
-.722726E+00 0.177794E-01 0.142727E-01
-.708641E+00 0.179097E-01 0.139001E-01
-.694920E+00 0.180383E-01 0.135442E-01
-.681547E+00 0.181656E-01 0.132040E-01
-.668507E+00 0.182916E-01 0.128787E-01
-.655785E+00 0.184167E-01 0.125674E-01
-.643368E+00 0.185409E-01 0.122693E-01
-.631242E+00 0.186645E-01 0.119836E-01
-.619397E+00 0.187876E-01 0.117099E-01
-.607819E+00 0.189102E-01 0.114473E-01
-.596498E+00 0.190327E-01 0.111953E-01
-.585425E+00 0.191550E-01 0.109535E-01
-.574588E+00 0.192774E-01 0.107212E-01
-.563979E+00 0.193998E-01 0.104980E-01
-.553589E+00 0.195224E-01 0.102834E-01
-.543410E+00 0.196453E-01 0.100770E-01
-.533433E+00 0.197686E-01 0.987847E-02
-.523651E+00 0.198923E-01 0.968738E-02
-.514056E+00 0.200165E-01 0.950338E-02
-.504641E+00 0.201413E-01 0.932615E-02
-.495401E+00 0.202667E-01 0.915538E-02
-.486329E+00 0.203929E-01 0.899079E-02
-.477418E+00 0.205198E-01 0.883208E-02
-.468663E+00 0.206475E-01 0.867901E-02
-.460058E+00 0.207761E-01 0.853133E-02
-.451598E+00 0.209056E-01 0.838881E-02
-.443279E+00 0.210360E-01 0.825123E-02
-.435094E+00 0.211674E-01 0.811837E-02
-.427040E+00 0.212999E-01 0.799006E-02
-.419113E+00 0.214334E-01 0.786609E-02
-.411307E+00 0.215680E-01 0.774630E-02
-.403619E+00 0.217038E-01 0.763052E-02
-.396044E+00 0.218407E-01 0.751859E-02
-.388580E+00 0.219789E-01 0.741036E-02
-.381223E+00 0.221183E-01 0.730569E-02
-.373968E+00 0.222589E-01 0.720445E-02
-.366813E+00 0.224009E-01 0.710649E-02
-.359754E+00 0.225442E-01 0.701172E-02
-.352788E+00 0.226889E-01 0.691999E-02
-.345913E+00 0.228350E-01 0.683122E-02
-.339125E+00 0.229825E-01 0.674529E-02
-.332421E+00 0.231314E-01 0.666210E-02
-.325800E+00 0.232818E-01 0.658155E-02
-.319257E+00 0.234338E-01 0.650356E-02
-.312792E+00 0.235872E-01 0.642804E-02
-.306400E+00 0.237423E-01 0.635491E-02
-.300081E+00 0.238989E-01 0.628408E-02
-.293831E+00 0.240572E-01 0.621549E-02
-.287649E+00 0.242171E-01 0.614906E-02
-.281533E+00 0.243787E-01 0.608472E-02
-.275479E+00 0.245421E-01 0.602241E-02
-.269487E+00 0.247072E-01 0.596207E-02
-.263555E+00 0.248740E-01 0.590363E-02
-.257679E+00 0.250427E-01 0.584703E-02
-.251860E+00 0.252133E-01 0.579224E-02
-.246094E+00 0.253857E-01 0.573918E-02
-.240381E+00 0.255600E-01 0.568782E-02
-.234718E+00 0.257363E-01 0.563810E-02
-.229104E+00 0.259146E-01 0.558998E-02
-.223538E+00 0.260949E-01 0.554342E-02
-.218017E+00 0.262773E-01 0.549837E-02
-.212540E+00 0.264618E-01 0.545479E-02
-.207107E+00 0.266484E-01 0.541265E-02
-.201715E+00 0.268372E-01 0.537192E-02
-.196362E+00 0.270283E-01 0.533254E-02
-.191049E+00 0.272216E-01 0.529450E-02
-.185773E+00 0.274172E-01 0.525776E-02
-.180533E+00 0.276153E-01 0.522229E-02
-.175328E+00 0.278157E-01 0.518806E-02
-.170157E+00 0.280185E-01 0.515504E-02
-.165018E+00 0.282239E-01 0.512321E-02
-.159910E+00 0.284319E-01 0.509254E-02
-.154832E+00 0.286425E-01 0.506301E-02
-.149783E+00 0.288557E-01 0.503459E-02
-.144763E+00 0.290717E-01 0.500726E-02
-.139769E+00 0.292904E-01 0.498100E-02
-.134800E+00 0.295120E-01 0.495579E-02
-.129857E+00 0.297365E-01 0.493161E-02
-.124937E+00 0.299640E-01 0.490845E-02
-.120039E+00 0.301945E-01 0.488628E-02
-.115164E+00 0.304282E-01 0.486508E-02
-.110309E+00 0.306650E-01 0.484485E-02
-.105474E+00 0.309050E-01 0.482557E-02
-.100657E+00 0.311484E-01 0.480723E-02
-.958590E-01 0.313952E-01 0.478980E-02
-.910775E-01 0.316455E-01 0.477328E-02
-.863121E-01 0.318993E-01 0.475766E-02
-.815619E-01 0.321568E-01 0.474292E-02
-.768260E-01 0.324180E-01 0.472906E-02
-.721035E-01 0.326830E-01 0.471607E-02
-.673936E-01 0.329519E-01 0.470392E-02
-.626954E-01 0.332249E-01 0.469263E-02
-.580080E-01 0.335020E-01 0.468217E-02
-.533308E-01 0.337833E-01 0.467255E-02
-.486627E-01 0.340689E-01 0.466375E-02
-.440030E-01 0.343590E-01 0.465577E-02
-.393509E-01 0.346536E-01 0.464861E-02
-.347055E-01 0.349529E-01 0.464225E-02
-.300661E-01 0.352570E-01 0.463669E-02
-.254318E-01 0.355659E-01 0.463194E-02
-.208019E-01 0.358800E-01 0.462799E-02
-.161756E-01 0.361992E-01 0.462482E-02
-.115520E-01 0.365238E-01 0.462246E-02
-.693043E-02 0.368538E-01 0.462088E-02
-.231001E-02 0.371894E-01 0.462009E-02
0.231001E-02 0.375308E-01 0.462009E-02
0.693043E-02 0.378782E-01 0.462088E-02
0.115520E-01 0.382317E-01 0.462246E-02
0.161756E-01 0.385914E-01 0.462482E-02
0.208019E-01 0.389576E-01 0.462799E-02
0.254318E-01 0.393305E-01 0.463194E-02
0.300661E-01 0.397102E-01 0.463669E-02
0.347055E-01 0.400969E-01 0.464225E-02
0.393509E-01 0.404909E-01 0.464861E-02
0.440030E-01 0.408924E-01 0.465577E-02
0.486627E-01 0.413016E-01 0.466375E-02
0.533308E-01 0.417188E-01 0.467255E-02
0.580080E-01 0.421441E-01 0.468217E-02
0.626954E-01 0.425778E-01 0.469263E-02
0.673936E-01 0.430203E-01 0.470392E-02
0.721035E-01 0.434717E-01 0.471607E-02
0.768260E-01 0.439324E-01 0.472906E-02
0.815619E-01 0.444027E-01 0.474292E-02
0.863121E-01 0.448829E-01 0.475766E-02
0.910775E-01 0.453732E-01 0.477328E-02
0.958590E-01 0.458741E-01 0.478980E-02
0.100657E+00 0.463859E-01 0.480723E-02
0.105474E+00 0.469090E-01 0.482557E-02
0.110309E+00 0.474437E-01 0.484485E-02
0.115164E+00 0.479905E-01 0.486508E-02
0.120039E+00 0.485497E-01 0.488628E-02
0.124937E+00 0.491219E-01 0.490845E-02
0.129857E+00 0.497074E-01 0.493161E-02
0.134800E+00 0.503068E-01 0.495579E-02
0.139769E+00 0.509205E-01 0.498100E-02
0.144763E+00 0.515491E-01 0.500726E-02
0.149783E+00 0.521931E-01 0.503459E-02
0.154832E+00 0.528531E-01 0.506301E-02
0.159910E+00 0.535297E-01 0.509254E-02
0.165018E+00 0.542235E-01 0.512321E-02
0.170157E+00 0.549352E-01 0.515504E-02
0.175328E+00 0.556655E-01 0.518806E-02
0.180533E+00 0.564152E-01 0.522229E-02
0.185773E+00 0.571849E-01 0.525776E-02
0.191049E+00 0.579754E-01 0.529450E-02
0.196362E+00 0.587878E-01 0.533254E-02
0.201715E+00 0.596227E-01 0.537192E-02
0.207107E+00 0.604811E-01 0.541265E-02
0.212540E+00 0.613642E-01 0.545479E-02
0.218017E+00 0.622727E-01 0.549837E-02
0.223538E+00 0.632080E-01 0.554342E-02
0.229104E+00 0.641710E-01 0.558998E-02
0.234718E+00 0.651631E-01 0.563810E-02
0.240381E+00 0.661854E-01 0.568782E-02
0.246094E+00 0.672395E-01 0.573918E-02
0.251860E+00 0.683266E-01 0.579224E-02
0.257679E+00 0.694483E-01 0.584703E-02
0.263555E+00 0.706061E-01 0.590363E-02
0.269487E+00 0.718019E-01 0.596207E-02
0.275479E+00 0.730374E-01 0.602241E-02
0.281533E+00 0.743144E-01 0.608472E-02
0.287649E+00 0.756349E-01 0.614906E-02
0.293831E+00 0.770012E-01 0.621549E-02
0.300081E+00 0.784155E-01 0.628408E-02
0.306400E+00 0.798801E-01 0.635491E-02
0.312792E+00 0.813977E-01 0.642804E-02
0.319257E+00 0.829709E-01 0.650356E-02
0.325800E+00 0.846026E-01 0.658155E-02
0.332421E+00 0.862960E-01 0.666210E-02
0.339125E+00 0.880542E-01 0.674529E-02
0.345913E+00 0.898809E-01 0.683122E-02
0.352788E+00 0.917797E-01 0.691999E-02
0.359754E+00 0.937546E-01 0.701172E-02
0.366813E+00 0.958098E-01 0.710649E-02
0.373968E+00 0.979500E-01 0.720445E-02
0.381223E+00 0.100180E+00 0.730569E-02
0.388580E+00 0.102505E+00 0.741036E-02
0.396044E+00 0.104931E+00 0.751859E-02
0.403619E+00 0.107463E+00 0.763052E-02
0.411307E+00 0.110108E+00 0.774630E-02
0.419113E+00 0.112873E+00 0.786609E-02
0.427040E+00 0.115766E+00 0.799006E-02
0.435094E+00 0.118794E+00 0.811837E-02
0.443279E+00 0.121966E+00 0.825123E-02
0.451598E+00 0.125291E+00 0.838881E-02
0.460058E+00 0.128779E+00 0.853133E-02
0.468663E+00 0.132440E+00 0.867901E-02
0.477418E+00 0.136287E+00 0.883208E-02
0.486329E+00 0.140332E+00 0.899079E-02
0.495401E+00 0.144588E+00 0.915538E-02
0.504641E+00 0.149070E+00 0.932615E-02
0.514056E+00 0.153793E+00 0.950338E-02
0.523651E+00 0.158774E+00 0.968738E-02
0.533433E+00 0.164032E+00 0.987847E-02
0.543410E+00 0.169586E+00 0.100770E-01
0.553589E+00 0.175458E+00 0.102834E-01
0.563979E+00 0.181669E+00 0.104980E-01
0.574588E+00 0.188246E+00 0.107212E-01
0.585425E+00 0.195215E+00 0.109535E-01
0.596498E+00 0.202603E+00 0.111953E-01
0.607819E+00 0.210443E+00 0.114473E-01
0.619397E+00 0.218766E+00 0.117099E-01
0.631242E+00 0.227609E+00 0.119836E-01
0.643368E+00 0.237008E+00 0.122693E-01
0.655785E+00 0.247002E+00 0.125674E-01
0.668507E+00 0.257635E+00 0.128787E-01
0.681547E+00 0.268949E+00 0.132040E-01
0.694920E+00 0.280991E+00 0.135442E-01
0.708641E+00 0.293806E+00 0.139001E-01
0.722726E+00 0.307443E+00 0.142727E-01
0.737192E+00 0.321948E+00 0.146630E-01
0.752058E+00 0.337367E+00 0.150721E-01
0.767343E+00 0.353744E+00 0.155013E-01
0.783068E+00 0.371117E+00 0.159518E-01
0.799254E+00 0.389516E+00 0.164251E-01
0.815926E+00 0.408965E+00 0.169227E-01
0.833108E+00 0.429472E+00 0.174464E-01
0.850828E+00 0.451029E+00 0.179978E-01
0.869114E+00 0.473606E+00 0.185790E-01
0.887996E+00 0.497148E+00 0.191921E-01
0.907509E+00 0.521570E+00 0.198396E-01
0.927688E+00 0.546750E+00 0.205239E-01
0.948570E+00 0.572525E+00 0.212480E-01
0.970198E+00 0.598689E+00 0.220149E-01
0.992616E+00 0.624986E+00 0.228280E-01
0.101587E+01 0.651113E+00 0.236912E-01
0.104002E+01 0.676718E+00 0.246085E-01
0.106511E+01 0.701400E+00 0.255847E-01
0.109121E+01 0.724720E+00 0.266247E-01
0.111838E+01 0.746201E+00 0.277342E-01
0.114670E+01 0.765341E+00 0.289197E-01
0.117625E+01 0.781620E+00 0.301881E-01
0.120711E+01 0.794511E+00 0.315473E-01
0.123937E+01 0.803489E+00 0.330061E-01
0.127316E+01 0.808039E+00 0.345746E-01
0.130856E+01 0.807657E+00 0.362640E-01
0.134573E+01 0.801863E+00 0.380869E-01
0.138479E+01 0.790203E+00 0.400578E-01
0.142590E+01 0.772259E+00 0.421932E-01
0.146923E+01 0.747678E+00 0.445118E-01
0.151499E+01 0.716215E+00 0.470351E-01
0.156338E+01 0.677795E+00 0.497880E-01
0.161465E+01 0.632612E+00 0.527991E-01
0.166908E+01 0.581238E+00 0.561018E-01
0.172697E+01 0.524716E+00 0.597348E-01
0.178867E+01 0.464601E+00 0.637438E-01
0.185460E+01 0.402893E+00 0.681823E-01
0.192520E+01 0.341847E+00 0.731141E-01
0.200101E+01 0.283681E+00 0.786148E-01
0.208265E+01 0.230276E+00 0.847755E-01
0.217082E+01 0.182950E+00 0.917062E-01
0.226636E+01 0.142368E+00 0.995405E-01
0.237026E+01 0.108593E+00 0.108443E+00
0.248367E+01 0.812264E-01 0.118616E+00
0.260800E+01 0.595741E-01 0.130314E+00
0.274491E+01 0.428079E-01 0.143858E+00
0.289646E+01 0.300824E-01 0.159658E+00
0.306516E+01 0.206106E-01 0.178243E+00
0.325411E+01 0.137038E-01 0.200308E+00
0.346724E+01 0.878376E-02 0.226781E+00
0.370955E+01 0.537880E-02 0.258919E+00
0.398754E+01 0.310968E-02 0.298460E+00
0.430975E+01 0.167218E-02 0.347866E+00
0.468773E+01 0.821200E-03 0.410713E+00
0.513741E+01 0.360150E-03 0.492361E+00
0.568144E+01 0.136982E-03 0.601129E+00
0.635311E+01 0.431919E-04 0.750507E+00
0.720347E+01 0.103183E-04 0.963546E+00
