#     w        dw   Re[sigma(w)] Im[sigma(w)] A(K,w)
 -7.203475   0.963546  -0.260604  -0.000325   0.000003
 -6.353106   0.750507  -0.271902  -0.001078   0.000011
 -5.681437   0.601129  -0.283894  -0.002602   0.000036
 -5.137411   0.492361  -0.296481  -0.005231   0.000093
 -4.687729   0.410713  -0.309424  -0.009270   0.000207
 -4.309749   0.347866  -0.322360  -0.014920   0.000414
 -3.987536   0.298460  -0.334868  -0.022238   0.000760
 -3.709553   0.258919  -0.346535  -0.031120   0.001297
 -3.467239   0.226781  -0.357023  -0.041335   0.002087
 -3.254108   0.200308  -0.366106  -0.052576   0.003195
 -3.065157   0.178243  -0.373672  -0.064516   0.004690
 -2.896465   0.159658  -0.379706  -0.076842   0.006647
 -2.744915   0.143858  -0.384263  -0.089289   0.009145
 -2.607998   0.130314  -0.387444  -0.101639   0.012271
 -2.483672   0.118616  -0.389371  -0.113724   0.016118
 -2.370258   0.108443  -0.390173  -0.125420   0.020789
 -2.266363   0.099541  -0.389980  -0.136637   0.026394
 -2.170822   0.091706  -0.388914  -0.147313   0.033054
 -2.082650   0.084776  -0.387088  -0.157404   0.040900
 -2.001014   0.078615  -0.384608  -0.166886   0.050070
 -1.925201   0.073114  -0.381569  -0.175743   0.060718
 -1.854597   0.068182  -0.378059  -0.183972   0.073003
 -1.788672   0.063744  -0.374158  -0.191576   0.087098
 -1.726966   0.059735  -0.369938  -0.198563   0.103188
 -1.669077   0.056102  -0.365465  -0.204948   0.121467
 -1.614652   0.052799  -0.360798  -0.210748   0.142143
 -1.563382   0.049788  -0.355992  -0.215984   0.165435
 -1.514990   0.047035  -0.351094  -0.220681   0.191570
 -1.469235   0.044512  -0.346147  -0.224862   0.220788
 -1.425899   0.042193  -0.341190  -0.228557   0.253332
 -1.384788   0.040058  -0.336256  -0.231791   0.289443
 -1.345728   0.038087  -0.331373  -0.234594   0.329358
 -1.308564   0.036264  -0.326566  -0.236994   0.373289
 -1.273156   0.034575  -0.321857  -0.239020   0.421412
 -1.239375   0.033006  -0.317262  -0.240699   0.473843
 -1.207107   0.031547  -0.312797  -0.242059   0.530605
 -1.176247   0.030188  -0.308471  -0.243126   0.591598
 -1.146700   0.028920  -0.304296  -0.243925   0.656554
 -1.118380   0.027734  -0.300276  -0.244480   0.724990
 -1.091207   0.026625  -0.296416  -0.244814   0.796169
 -1.065108   0.025585  -0.292720  -0.244948   0.869059
 -1.040016   0.024609  -0.289188  -0.244903   0.942320
 -1.015871   0.023691  -0.285820  -0.244698   1.014317
 -0.992616   0.022828  -0.282615  -0.244349   1.083168
 -0.970198   0.022015  -0.279570  -0.243874   1.146843
 -0.948570   0.021248  -0.276684  -0.243287   1.203311
 -0.927688   0.020524  -0.273951  -0.242602   1.250703
 -0.907509   0.019840  -0.271369  -0.241831   1.287492
 -0.887996   0.019192  -0.268931  -0.240987   1.312644
 -0.869114   0.018579  -0.266635  -0.240079   1.325714
 -0.850828   0.017998  -0.264474  -0.239117   1.326867
 -0.833108   0.017446  -0.262444  -0.238110   1.316830
 -0.815926   0.016923  -0.260540  -0.237066   1.296781
 -0.799254   0.016425  -0.258755  -0.235991   1.268203
 -0.783068   0.015952  -0.257085  -0.234892   1.232727
 -0.767343   0.015501  -0.255526  -0.233775   1.192000
 -0.752058   0.015072  -0.254071  -0.232645   1.147575
 -0.737192   0.014663  -0.252715  -0.231506   1.100836
 -0.722726   0.014273  -0.251455  -0.230362   1.052968
 -0.708641   0.013900  -0.250285  -0.229217   1.004936
 -0.694920   0.013544  -0.249201  -0.228075   0.957500
 -0.681547   0.013204  -0.248199  -0.226937   0.911232
 -0.668507   0.012879  -0.247274  -0.225807   0.866543
 -0.655785   0.012567  -0.246422  -0.224686   0.823711
 -0.643368   0.012269  -0.245640  -0.223577   0.782908
 -0.631242   0.011984  -0.244923  -0.222481   0.744219
 -0.619397   0.011710  -0.244269  -0.221399   0.707671
 -0.607819   0.011447  -0.243674  -0.220333   0.673240
 -0.596498   0.011195  -0.243134  -0.219283   0.640870
 -0.585425   0.010953  -0.242648  -0.218251   0.610485
 -0.574588   0.010721  -0.242211  -0.217237   0.581992
 -0.563979   0.010498  -0.241822  -0.216242   0.555290
 -0.553589   0.010283  -0.241477  -0.215266   0.530275
 -0.543410   0.010077  -0.241174  -0.214310   0.506842
 -0.533433   0.009878  -0.240911  -0.213373   0.484889
 -0.523651   0.009687  -0.240686  -0.212456   0.464315
 -0.514056   0.009503  -0.240496  -0.211560   0.445026
 -0.504641   0.009326  -0.240340  -0.210684   0.426931
 -0.495401   0.009155  -0.240215  -0.209827   0.409946
 -0.486329   0.008991  -0.240121  -0.208991   0.393992
 -0.477418   0.008832  -0.240054  -0.208175   0.378994
 -0.468663   0.008679  -0.240015  -0.207379   0.364885
 -0.460058   0.008531  -0.240001  -0.206603   0.351600
 -0.451598   0.008389  -0.240010  -0.205846   0.339081
 -0.443279   0.008251  -0.240042  -0.205108   0.327273
 -0.435094   0.008118  -0.240096  -0.204390   0.316126
 -0.427040   0.007990  -0.240169  -0.203690   0.305595
 -0.419113   0.007866  -0.240262  -0.203009   0.295635
 -0.411307   0.007746  -0.240372  -0.202346   0.286209
 -0.403619   0.007631  -0.240499  -0.201701   0.277279
 -0.396044   0.007519  -0.240642  -0.201074   0.268813
 -0.388580   0.007410  -0.240801  -0.200464   0.260779
 -0.381223   0.007306  -0.240973  -0.199871   0.253148
 -0.373968   0.007204  -0.241159  -0.199295   0.245895
 -0.366813   0.007106  -0.241358  -0.198736   0.238996
 -0.359754   0.007012  -0.241568  -0.198192   0.232427
 -0.352788   0.006920  -0.241790  -0.197665   0.226168
 -0.345913   0.006831  -0.242023  -0.197153   0.220200
 -0.339125   0.006745  -0.242266  -0.196657   0.214505
 -0.332421   0.006662  -0.242518  -0.196175   0.209066
 -0.325800   0.006582  -0.242780  -0.195708   0.203868
 -0.319257   0.006504  -0.243049  -0.195256   0.198897
 -0.312792   0.006428  -0.243327  -0.194818   0.194139
 -0.306400   0.006355  -0.243613  -0.194393   0.189583
 -0.300081   0.006284  -0.243906  -0.193982   0.185217
 -0.293831   0.006215  -0.244205  -0.193585   0.181029
 -0.287649   0.006149  -0.244511  -0.193200   0.177011
 -0.281533   0.006085  -0.244823  -0.192828   0.173153
 -0.275479   0.006022  -0.245141  -0.192469   0.169447
 -0.269487   0.005962  -0.245464  -0.192122   0.165883
 -0.263555   0.005904  -0.245792  -0.191788   0.162455
 -0.257679   0.005847  -0.246125  -0.191465   0.159156
 -0.251860   0.005792  -0.246463  -0.191153   0.155978
 -0.246094   0.005739  -0.246805  -0.190853   0.152917
 -0.240381   0.005688  -0.247151  -0.190565   0.149965
 -0.234718   0.005638  -0.247501  -0.190287   0.147118
 -0.229104   0.005590  -0.247854  -0.190020   0.144370
 -0.223538   0.005543  -0.248211  -0.189763   0.141717
 -0.218017   0.005498  -0.248571  -0.189517   0.139154
 -0.212540   0.005455  -0.248935  -0.189282   0.136676
 -0.207107   0.005413  -0.249301  -0.189056   0.134280
 -0.201715   0.005372  -0.249670  -0.188840   0.131962
 -0.196362   0.005333  -0.250041  -0.188634   0.129719
 -0.191049   0.005295  -0.250415  -0.188437   0.127546
 -0.185773   0.005258  -0.250791  -0.188250   0.125442
 -0.180533   0.005222  -0.251170  -0.188072   0.123402
 -0.175328   0.005188  -0.251550  -0.187903   0.121424
 -0.170157   0.005155  -0.251933  -0.187743   0.119505
 -0.165018   0.005123  -0.252317  -0.187592   0.117643
 -0.159910   0.005093  -0.252703  -0.187450   0.115836
 -0.154832   0.005063  -0.253091  -0.187316   0.114081
 -0.149783   0.005035  -0.253481  -0.187191   0.112375
 -0.144763   0.005007  -0.253872  -0.187074   0.110718
 -0.139769   0.004981  -0.254264  -0.186965   0.109106
 -0.134800   0.004956  -0.254658  -0.186865   0.107538
 -0.129857   0.004932  -0.255053  -0.186773   0.106013
 -0.124937   0.004908  -0.255449  -0.186688   0.104529
 -0.120039   0.004886  -0.255846  -0.186612   0.103083
 -0.115164   0.004865  -0.256245  -0.186543   0.101676
 -0.110309   0.004845  -0.256645  -0.186482   0.100304
 -0.105474   0.004826  -0.257045  -0.186429   0.098967
 -0.100657   0.004807  -0.257447  -0.186383   0.097664
 -0.095859   0.004790  -0.257849  -0.186345   0.096393
 -0.091078   0.004773  -0.258252  -0.186314   0.095152
 -0.086312   0.004758  -0.258657  -0.186291   0.093942
 -0.081562   0.004743  -0.259062  -0.186275   0.092761
 -0.076826   0.004729  -0.259467  -0.186266   0.091608
 -0.072104   0.004716  -0.259874  -0.186265   0.090481
 -0.067394   0.004704  -0.260281  -0.186271   0.089380
 -0.062695   0.004693  -0.260689  -0.186284   0.088304
 -0.058008   0.004682  -0.261097  -0.186304   0.087253
 -0.053331   0.004673  -0.261506  -0.186331   0.086225
 -0.048663   0.004664  -0.261916  -0.186366   0.085219
 -0.044003   0.004656  -0.262326  -0.186407   0.084235
 -0.039351   0.004649  -0.262737  -0.186456   0.083272
 -0.034705   0.004642  -0.263149  -0.186512   0.082330
 -0.030066   0.004637  -0.263561  -0.186574   0.081407
 -0.025432   0.004632  -0.263973  -0.186644   0.080504
 -0.020802   0.004628  -0.264386  -0.186721   0.079618
 -0.016176   0.004625  -0.264800  -0.186805   0.078751
 -0.011552   0.004622  -0.265214  -0.186896   0.077901
 -0.006930   0.004621  -0.265628  -0.186994   0.077068
 -0.002310   0.004620  -0.266043  -0.187099   0.076251
  0.002310   0.004620  -0.266459  -0.187211   0.075450
  0.006930   0.004621  -0.266874  -0.187330   0.074664
  0.011552   0.004622  -0.267291  -0.187457   0.073894
  0.016176   0.004625  -0.267707  -0.187590   0.073137
  0.020802   0.004628  -0.268124  -0.187731   0.072394
  0.025432   0.004632  -0.268542  -0.187879   0.071665
  0.030066   0.004637  -0.268959  -0.188035   0.070950
  0.034705   0.004642  -0.269378  -0.188197   0.070246
  0.039351   0.004649  -0.269796  -0.188368   0.069556
  0.044003   0.004656  -0.270215  -0.188545   0.068877
  0.048663   0.004664  -0.270634  -0.188730   0.068210
  0.053331   0.004673  -0.271054  -0.188923   0.067555
  0.058008   0.004682  -0.271474  -0.189123   0.066911
  0.062695   0.004693  -0.271894  -0.189331   0.066277
  0.067394   0.004704  -0.272314  -0.189547   0.065654
  0.072104   0.004716  -0.272735  -0.189771   0.065041
  0.076826   0.004729  -0.273156  -0.190002   0.064438
  0.081562   0.004743  -0.273577  -0.190242   0.063845
  0.086312   0.004758  -0.273999  -0.190490   0.063261
  0.091078   0.004773  -0.274421  -0.190746   0.062687
  0.095859   0.004790  -0.274843  -0.191011   0.062121
  0.100657   0.004807  -0.275265  -0.191284   0.061564
  0.105474   0.004826  -0.275687  -0.191565   0.061015
  0.110309   0.004845  -0.276110  -0.191856   0.060475
  0.115164   0.004865  -0.276532  -0.192155   0.059943
  0.120039   0.004886  -0.276955  -0.192463   0.059418
  0.124937   0.004908  -0.277378  -0.192780   0.058902
  0.129857   0.004932  -0.277801  -0.193107   0.058393
  0.134800   0.004956  -0.278223  -0.193443   0.057891
  0.139769   0.004981  -0.278646  -0.193788   0.057396
  0.144763   0.005007  -0.279069  -0.194143   0.056908
  0.149783   0.005035  -0.279491  -0.194509   0.056427
  0.154832   0.005063  -0.279914  -0.194884   0.055953
  0.159910   0.005093  -0.280336  -0.195270   0.055485
  0.165018   0.005123  -0.280758  -0.195666   0.055023
  0.170157   0.005155  -0.281180  -0.196073   0.054568
  0.175328   0.005188  -0.281601  -0.196490   0.054118
  0.180533   0.005222  -0.282022  -0.196919   0.053675
  0.185773   0.005258  -0.282442  -0.197359   0.053237
  0.191049   0.005295  -0.282862  -0.197811   0.052805
  0.196362   0.005333  -0.283281  -0.198275   0.052378
  0.201715   0.005372  -0.283700  -0.198751   0.051957
  0.207107   0.005413  -0.284118  -0.199239   0.051541
  0.212540   0.005455  -0.284534  -0.199740   0.051130
  0.218017   0.005498  -0.284950  -0.200253   0.050725
  0.223538   0.005543  -0.285365  -0.200780   0.050324
  0.229104   0.005590  -0.285778  -0.201321   0.049928
  0.234718   0.005638  -0.286190  -0.201875   0.049537
  0.240381   0.005688  -0.286601  -0.202444   0.049150
  0.246094   0.005739  -0.287010  -0.203027   0.048769
  0.251860   0.005792  -0.287417  -0.203625   0.048391
  0.257679   0.005847  -0.287822  -0.204238   0.048018
  0.263555   0.005904  -0.288226  -0.204867   0.047649
  0.269487   0.005962  -0.288626  -0.205512   0.047285
  0.275479   0.006022  -0.289025  -0.206173   0.046924
  0.281533   0.006085  -0.289421  -0.206851   0.046568
  0.287649   0.006149  -0.289813  -0.207547   0.046215
  0.293831   0.006215  -0.290203  -0.208260   0.045867
  0.300081   0.006284  -0.290589  -0.208992   0.045522
  0.306400   0.006355  -0.290972  -0.209743   0.045181
  0.312792   0.006428  -0.291351  -0.210512   0.044843
  0.319257   0.006504  -0.291725  -0.211302   0.044510
  0.325800   0.006582  -0.292095  -0.212112   0.044179
  0.332421   0.006662  -0.292460  -0.212943   0.043853
  0.339125   0.006745  -0.292819  -0.213795   0.043529
  0.345913   0.006831  -0.293173  -0.214670   0.043209
  0.352788   0.006920  -0.293520  -0.215568   0.042892
  0.359754   0.007012  -0.293861  -0.216489   0.042579
  0.366813   0.007106  -0.294195  -0.217434   0.042269
  0.373968   0.007204  -0.294522  -0.218404   0.041961
  0.381223   0.007306  -0.294840  -0.219399   0.041657
  0.388580   0.007410  -0.295149  -0.220421   0.041356
  0.396044   0.007519  -0.295449  -0.221471   0.041058
  0.403619   0.007631  -0.295739  -0.222548   0.040762
  0.411307   0.007746  -0.296018  -0.223654   0.040470
  0.419113   0.007866  -0.296286  -0.224790   0.040180
  0.427040   0.007990  -0.296541  -0.225957   0.039893
  0.435094   0.008118  -0.296782  -0.227155   0.039609
  0.443279   0.008251  -0.297010  -0.228386   0.039327
  0.451598   0.008389  -0.297222  -0.229650   0.039048
  0.460058   0.008531  -0.297418  -0.230949   0.038771
  0.468663   0.008679  -0.297596  -0.232284   0.038497
  0.477418   0.008832  -0.297756  -0.233656   0.038225
  0.486329   0.008991  -0.297895  -0.235066   0.037956
  0.495401   0.009155  -0.298013  -0.236515   0.037689
  0.504641   0.009326  -0.298108  -0.238004   0.037424
  0.514056   0.009503  -0.298178  -0.239536   0.037161
  0.523651   0.009687  -0.298222  -0.241110   0.036901
  0.533433   0.009878  -0.298237  -0.242729   0.036642
  0.543410   0.010077  -0.298221  -0.244393   0.036385
  0.553589   0.010283  -0.298173  -0.246105   0.036131
  0.563979   0.010498  -0.298090  -0.247865   0.035878
  0.574588   0.010721  -0.297969  -0.249676   0.035626
  0.585425   0.010953  -0.297808  -0.251538   0.035377
  0.596498   0.011195  -0.297604  -0.253453   0.035129
  0.607819   0.011447  -0.297353  -0.255422   0.034882
  0.619397   0.011710  -0.297052  -0.257448   0.034637
  0.631242   0.011984  -0.296698  -0.259532   0.034393
  0.643368   0.012269  -0.296287  -0.261675   0.034151
  0.655785   0.012567  -0.295814  -0.263879   0.033909
  0.668507   0.012879  -0.295275  -0.266146   0.033668
  0.681547   0.013204  -0.294665  -0.268476   0.033428
  0.694920   0.013544  -0.293978  -0.270872   0.033188
  0.708641   0.013900  -0.293210  -0.273334   0.032949
  0.722726   0.014273  -0.292353  -0.275865   0.032709
  0.737192   0.014663  -0.291401  -0.278465   0.032470
  0.752058   0.015072  -0.290347  -0.281135   0.032230
  0.767343   0.015501  -0.289183  -0.283876   0.031990
  0.783068   0.015952  -0.287901  -0.286688   0.031749
  0.799254   0.016425  -0.286492  -0.289573   0.031506
  0.815926   0.016923  -0.284947  -0.292529   0.031262
  0.833108   0.017446  -0.283254  -0.295557   0.031016
  0.850828   0.017998  -0.281403  -0.298656   0.030767
  0.869114   0.018579  -0.279382  -0.301824   0.030516
  0.887996   0.019192  -0.277178  -0.305060   0.030261
  0.907509   0.019840  -0.274776  -0.308359   0.030002
  0.927688   0.020524  -0.272163  -0.311720   0.029738
  0.948570   0.021248  -0.269322  -0.315136   0.029468
  0.970198   0.022015  -0.266236  -0.318601   0.029192
  0.992616   0.022828  -0.262887  -0.322109   0.028909
  1.015871   0.023691  -0.259255  -0.325650   0.028618
  1.040016   0.024609  -0.255322  -0.329214   0.028317
  1.065108   0.025585  -0.251064  -0.332785   0.028005
  1.091207   0.026625  -0.246459  -0.336350   0.027682
  1.118380   0.027734  -0.241483  -0.339889   0.027344
  1.146700   0.028920  -0.236113  -0.343381   0.026992
  1.176247   0.030188  -0.230322  -0.346799   0.026622
  1.207107   0.031547  -0.224085  -0.350114   0.026233
  1.239375   0.033006  -0.217377  -0.353291   0.025822
  1.273156   0.034575  -0.210170  -0.356290   0.025387
  1.308564   0.036264  -0.202442  -0.359066   0.024926
  1.345728   0.038087  -0.194167  -0.361566   0.024436
  1.384788   0.040058  -0.185327  -0.363730   0.023913
  1.425899   0.042193  -0.175902  -0.365493   0.023354
  1.469235   0.044512  -0.165880  -0.366779   0.022757
  1.514990   0.047035  -0.155255  -0.367505   0.022117
  1.563382   0.049788  -0.144027  -0.367580   0.021432
  1.614652   0.052799  -0.132206  -0.366902   0.020699
  1.669077   0.056102  -0.119815  -0.365363   0.019913
  1.726966   0.059735  -0.106890  -0.362847   0.019074
  1.788672   0.063744  -0.093482  -0.359230   0.018179
  1.854597   0.068182  -0.079664  -0.354383   0.017227
  1.925201   0.073114  -0.065529  -0.348171   0.016219
  2.001014   0.078615  -0.051192  -0.340460   0.015157
  2.082650   0.084776  -0.036800  -0.331114   0.014043
  2.170822   0.091706  -0.022526  -0.319999   0.012885
  2.266363   0.099541  -0.008582  -0.306990   0.011689
  2.370258   0.108443   0.004782  -0.291968   0.010467
  2.483672   0.118616   0.017265  -0.274831   0.009230
  2.607998   0.130314   0.028506  -0.255500   0.007993
  2.744915   0.143858   0.038068  -0.233939   0.006776
  2.896465   0.159658   0.045424  -0.210186   0.005597
  3.065157   0.178243   0.049942  -0.184407   0.004480
  3.254108   0.200308   0.050906  -0.156975   0.003449
  3.467239   0.226781   0.047583  -0.128577   0.002530
  3.709553   0.258919   0.039386  -0.100298   0.001750
  3.987536   0.298460   0.026133  -0.073602   0.001126
  4.309749   0.347866   0.008321  -0.050117   0.000664
  4.687729   0.410713  -0.012771  -0.031198   0.000353
  5.137411   0.492361  -0.035329  -0.017463   0.000167
  5.681437   0.601129  -0.057537  -0.008600   0.000068
  6.353106   0.750507  -0.078093  -0.003591   0.000023
  7.203475   0.963546  -0.096409  -0.001171   0.000006
