#     w        dw   Re[sigma(w)] Im[sigma(w)] A(K,w)
 -7.203475   0.963546  -0.259890  -0.000321   0.000003
 -6.353106   0.750507  -0.270931  -0.001053   0.000013
 -5.681437   0.601129  -0.282604  -0.002526   0.000042
 -5.137411   0.492361  -0.294800  -0.005058   0.000109
 -4.687729   0.410713  -0.307272  -0.008925   0.000249
 -4.309749   0.347866  -0.319664  -0.014290   0.000509
 -3.987536   0.298460  -0.331576  -0.021162   0.000955
 -3.709553   0.258919  -0.342645  -0.029401   0.001670
 -3.467239   0.226781  -0.352600  -0.038758   0.002758
 -3.254108   0.200308  -0.361287  -0.048939   0.004345
 -3.065157   0.178243  -0.368656  -0.059653   0.006589
 -2.896465   0.159658  -0.374739  -0.070650   0.009691
 -2.744915   0.143858  -0.379612  -0.081728   0.013906
 -2.607998   0.130314  -0.383376  -0.092736   0.019571
 -2.483672   0.118616  -0.386136  -0.103568   0.027126
 -2.370258   0.108443  -0.387993  -0.114146   0.037156
 -2.266363   0.099541  -0.389038  -0.124419   0.050439
 -2.170822   0.091706  -0.389352  -0.134348   0.068016
 -2.082650   0.084776  -0.389007  -0.143909   0.091277
 -2.001014   0.078615  -0.388067  -0.153080   0.122081
 -1.925201   0.073114  -0.386590  -0.161848   0.162878
 -1.854597   0.068182  -0.384628  -0.170199   0.216844
 -1.788672   0.063744  -0.382229  -0.178126   0.287923
 -1.726966   0.059735  -0.379438  -0.185620   0.380626
 -1.669077   0.056102  -0.376301  -0.192677   0.499265
 -1.614652   0.052799  -0.372857  -0.199293   0.646110
 -1.563382   0.049788  -0.369147  -0.205467   0.818103
 -1.514990   0.047035  -0.365210  -0.211201   1.002795
 -1.469235   0.044512  -0.361083  -0.216498   1.176636
 -1.425899   0.042193  -0.356801  -0.221363   1.310287
 -1.384788   0.040058  -0.352399  -0.225804   1.381253
 -1.345728   0.038087  -0.347908  -0.229831   1.384848
 -1.308564   0.036264  -0.343358  -0.233455   1.333844
 -1.273156   0.034575  -0.338779  -0.236690   1.248842
 -1.239375   0.033006  -0.334194  -0.239550   1.148796
 -1.207107   0.031547  -0.329629  -0.242050   1.046832
 -1.176247   0.030188  -0.325105  -0.244209   0.950331
 -1.146700   0.028920  -0.320642  -0.246044   0.862600
 -1.118380   0.027734  -0.316255  -0.247574   0.784542
 -1.091207   0.026625  -0.311961  -0.248816   0.715829
 -1.065108   0.025585  -0.307772  -0.249789   0.655591
 -1.040016   0.024609  -0.303698  -0.250513   0.602795
 -1.015871   0.023691  -0.299749  -0.251006   0.556426
 -0.992616   0.022828  -0.295932  -0.251285   0.515559
 -0.970198   0.022015  -0.292253  -0.251369   0.479393
 -0.948570   0.021248  -0.288715  -0.251274   0.447241
 -0.927688   0.020524  -0.285321  -0.251017   0.418526
 -0.907509   0.019840  -0.282073  -0.250613   0.392766
 -0.887996   0.019192  -0.278971  -0.250076   0.369554
 -0.869114   0.018579  -0.276016  -0.249421   0.348552
 -0.850828   0.017998  -0.273205  -0.248661   0.329475
 -0.833108   0.017446  -0.270536  -0.247808   0.312083
 -0.815926   0.016923  -0.268008  -0.246872   0.296173
 -0.799254   0.016425  -0.265617  -0.245866   0.281573
 -0.783068   0.015952  -0.263360  -0.244798   0.268134
 -0.767343   0.015501  -0.261232  -0.243677   0.255732
 -0.752058   0.015072  -0.259231  -0.242513   0.244257
 -0.737192   0.014663  -0.257351  -0.241311   0.233615
 -0.722726   0.014273  -0.255589  -0.240080   0.223723
 -0.708641   0.013900  -0.253940  -0.238825   0.214511
 -0.694920   0.013544  -0.252400  -0.237552   0.205915
 -0.681547   0.013204  -0.250964  -0.236266   0.197881
 -0.668507   0.012879  -0.249628  -0.234973   0.190358
 -0.655785   0.012567  -0.248387  -0.233675   0.183304
 -0.643368   0.012269  -0.247237  -0.232377   0.176679
 -0.631242   0.011984  -0.246175  -0.231083   0.170449
 -0.619397   0.011710  -0.245195  -0.229794   0.164584
 -0.607819   0.011447  -0.244294  -0.228514   0.159054
 -0.596498   0.011195  -0.243468  -0.227245   0.153834
 -0.585425   0.010953  -0.242714  -0.225989   0.148902
 -0.574588   0.010721  -0.242027  -0.224748   0.144237
 -0.563979   0.010498  -0.241405  -0.223523   0.139819
 -0.553589   0.010283  -0.240844  -0.222316   0.135633
 -0.543410   0.010077  -0.240341  -0.221128   0.131661
 -0.533433   0.009878  -0.239892  -0.219959   0.127889
 -0.523651   0.009687  -0.239496  -0.218811   0.124305
 -0.514056   0.009503  -0.239148  -0.217684   0.120896
 -0.504641   0.009326  -0.238847  -0.216579   0.117651
 -0.495401   0.009155  -0.238590  -0.215495   0.114559
 -0.486329   0.008991  -0.238375  -0.214435   0.111611
 -0.477418   0.008832  -0.238199  -0.213397   0.108799
 -0.468663   0.008679  -0.238061  -0.212382   0.106114
 -0.460058   0.008531  -0.237957  -0.211389   0.103549
 -0.451598   0.008389  -0.237887  -0.210420   0.101096
 -0.443279   0.008251  -0.237848  -0.209473   0.098749
 -0.435094   0.008118  -0.237839  -0.208550   0.096503
 -0.427040   0.007990  -0.237857  -0.207649   0.094351
 -0.419113   0.007866  -0.237902  -0.206770   0.092288
 -0.411307   0.007746  -0.237972  -0.205914   0.090309
 -0.403619   0.007631  -0.238066  -0.205079   0.088411
 -0.396044   0.007519  -0.238181  -0.204267   0.086587
 -0.388580   0.007410  -0.238318  -0.203476   0.084836
 -0.381223   0.007306  -0.238474  -0.202706   0.083152
 -0.373968   0.007204  -0.238649  -0.201957   0.081532
 -0.366813   0.007106  -0.238842  -0.201229   0.079974
 -0.359754   0.007012  -0.239051  -0.200521   0.078473
 -0.352788   0.006920  -0.239276  -0.199833   0.077028
 -0.345913   0.006831  -0.239515  -0.199165   0.075634
 -0.339125   0.006745  -0.239769  -0.198516   0.074291
 -0.332421   0.006662  -0.240035  -0.197885   0.072995
 -0.325800   0.006582  -0.240314  -0.197274   0.071744
 -0.319257   0.006504  -0.240604  -0.196680   0.070536
 -0.312792   0.006428  -0.240905  -0.196105   0.069369
 -0.306400   0.006355  -0.241217  -0.195547   0.068241
 -0.300081   0.006284  -0.241538  -0.195006   0.067151
 -0.293831   0.006215  -0.241868  -0.194482   0.066096
 -0.287649   0.006149  -0.242207  -0.193974   0.065075
 -0.281533   0.006085  -0.242554  -0.193483   0.064087
 -0.275479   0.006022  -0.242908  -0.193008   0.063130
 -0.269487   0.005962  -0.243270  -0.192548   0.062203
 -0.263555   0.005904  -0.243638  -0.192104   0.061304
 -0.257679   0.005847  -0.244013  -0.191675   0.060432
 -0.251860   0.005792  -0.244394  -0.191260   0.059587
 -0.246094   0.005739  -0.244780  -0.190860   0.058766
 -0.240381   0.005688  -0.245171  -0.190474   0.057970
 -0.234718   0.005638  -0.245567  -0.190101   0.057196
 -0.229104   0.005590  -0.245968  -0.189743   0.056445
 -0.223538   0.005543  -0.246374  -0.189397   0.055715
 -0.218017   0.005498  -0.246783  -0.189065   0.055005
 -0.212540   0.005455  -0.247196  -0.188746   0.054315
 -0.207107   0.005413  -0.247613  -0.188439   0.053643
 -0.201715   0.005372  -0.248033  -0.188145   0.052990
 -0.196362   0.005333  -0.248456  -0.187862   0.052354
 -0.191049   0.005295  -0.248883  -0.187592   0.051735
 -0.185773   0.005258  -0.249312  -0.187333   0.051132
 -0.180533   0.005222  -0.249743  -0.187086   0.050544
 -0.175328   0.005188  -0.250177  -0.186850   0.049971
 -0.170157   0.005155  -0.250613  -0.186626   0.049413
 -0.165018   0.005123  -0.251051  -0.186412   0.048868
 -0.159910   0.005093  -0.251492  -0.186209   0.048337
 -0.154832   0.005063  -0.251934  -0.186017   0.047819
 -0.149783   0.005035  -0.252377  -0.185835   0.047313
 -0.144763   0.005007  -0.252823  -0.185663   0.046819
 -0.139769   0.004981  -0.253270  -0.185502   0.046337
 -0.134800   0.004956  -0.253718  -0.185350   0.045866
 -0.129857   0.004932  -0.254167  -0.185208   0.045406
 -0.124937   0.004908  -0.254618  -0.185076   0.044956
 -0.120039   0.004886  -0.255070  -0.184954   0.044516
 -0.115164   0.004865  -0.255522  -0.184841   0.044086
 -0.110309   0.004845  -0.255976  -0.184737   0.043666
 -0.105474   0.004826  -0.256431  -0.184643   0.043254
 -0.100657   0.004807  -0.256886  -0.184557   0.042852
 -0.095859   0.004790  -0.257342  -0.184481   0.042458
 -0.091078   0.004773  -0.257799  -0.184414   0.042072
 -0.086312   0.004758  -0.258257  -0.184355   0.041694
 -0.081562   0.004743  -0.258715  -0.184305   0.041324
 -0.076826   0.004729  -0.259173  -0.184264   0.040962
 -0.072104   0.004716  -0.259632  -0.184231   0.040607
 -0.067394   0.004704  -0.260092  -0.184207   0.040259
 -0.062695   0.004693  -0.260552  -0.184192   0.039917
 -0.058008   0.004682  -0.261012  -0.184184   0.039583
 -0.053331   0.004673  -0.261473  -0.184185   0.039255
 -0.048663   0.004664  -0.261934  -0.184195   0.038933
 -0.044003   0.004656  -0.262395  -0.184212   0.038617
 -0.039351   0.004649  -0.262856  -0.184238   0.038307
 -0.034705   0.004642  -0.263318  -0.184272   0.038003
 -0.030066   0.004637  -0.263780  -0.184314   0.037704
 -0.025432   0.004632  -0.264242  -0.184364   0.037411
 -0.020802   0.004628  -0.264704  -0.184422   0.037123
 -0.016176   0.004625  -0.265166  -0.184488   0.036841
 -0.011552   0.004622  -0.265629  -0.184562   0.036563
 -0.006930   0.004621  -0.266091  -0.184644   0.036290
 -0.002310   0.004620  -0.266554  -0.184735   0.036021
  0.002310   0.004620  -0.267016  -0.184833   0.035758
  0.006930   0.004621  -0.267479  -0.184939   0.035498
  0.011552   0.004622  -0.267942  -0.185053   0.035244
  0.016176   0.004625  -0.268405  -0.185175   0.034993
  0.020802   0.004628  -0.268867  -0.185306   0.034746
  0.025432   0.004632  -0.269330  -0.185444   0.034504
  0.030066   0.004637  -0.269792  -0.185590   0.034265
  0.034705   0.004642  -0.270255  -0.185745   0.034030
  0.039351   0.004649  -0.270718  -0.185907   0.033799
  0.044003   0.004656  -0.271180  -0.186078   0.033571
  0.048663   0.004664  -0.271642  -0.186257   0.033347
  0.053331   0.004673  -0.272105  -0.186444   0.033126
  0.058008   0.004682  -0.272567  -0.186640   0.032909
  0.062695   0.004693  -0.273029  -0.186844   0.032695
  0.067394   0.004704  -0.273490  -0.187056   0.032484
  0.072104   0.004716  -0.273952  -0.187277   0.032276
  0.076826   0.004729  -0.274414  -0.187507   0.032071
  0.081562   0.004743  -0.274875  -0.187745   0.031870
  0.086312   0.004758  -0.275336  -0.187992   0.031671
  0.091078   0.004773  -0.275797  -0.188247   0.031475
  0.095859   0.004790  -0.276257  -0.188512   0.031281
  0.100657   0.004807  -0.276718  -0.188786   0.031091
  0.105474   0.004826  -0.277178  -0.189068   0.030903
  0.110309   0.004845  -0.277637  -0.189360   0.030717
  0.115164   0.004865  -0.278096  -0.189662   0.030534
  0.120039   0.004886  -0.278555  -0.189972   0.030354
  0.124937   0.004908  -0.279014  -0.190293   0.030176
  0.129857   0.004932  -0.279472  -0.190623   0.030000
  0.134800   0.004956  -0.279929  -0.190963   0.029827
  0.139769   0.004981  -0.280386  -0.191313   0.029656
  0.144763   0.005007  -0.280843  -0.191673   0.029487
  0.149783   0.005035  -0.281299  -0.192043   0.029320
  0.154832   0.005063  -0.281754  -0.192424   0.029156
  0.159910   0.005093  -0.282208  -0.192816   0.028993
  0.165018   0.005123  -0.282662  -0.193218   0.028833
  0.170157   0.005155  -0.283115  -0.193631   0.028674
  0.175328   0.005188  -0.283567  -0.194056   0.028518
  0.180533   0.005222  -0.284018  -0.194492   0.028363
  0.185773   0.005258  -0.284468  -0.194940   0.028210
  0.191049   0.005295  -0.284917  -0.195399   0.028059
  0.196362   0.005333  -0.285365  -0.195871   0.027910
  0.201715   0.005372  -0.285812  -0.196355   0.027763
  0.207107   0.005413  -0.286257  -0.196852   0.027617
  0.212540   0.005455  -0.286701  -0.197361   0.027473
  0.218017   0.005498  -0.287144  -0.197884   0.027331
  0.223538   0.005543  -0.287584  -0.198420   0.027190
  0.229104   0.005590  -0.288023  -0.198969   0.027051
  0.234718   0.005638  -0.288460  -0.199533   0.026914
  0.240381   0.005688  -0.288895  -0.200111   0.026778
  0.246094   0.005739  -0.289328  -0.200704   0.026644
  0.251860   0.005792  -0.289759  -0.201311   0.026511
  0.257679   0.005847  -0.290187  -0.201934   0.026379
  0.263555   0.005904  -0.290613  -0.202572   0.026249
  0.269487   0.005962  -0.291036  -0.203227   0.026121
  0.275479   0.006022  -0.291455  -0.203898   0.025994
  0.281533   0.006085  -0.291872  -0.204586   0.025868
  0.287649   0.006149  -0.292285  -0.205291   0.025744
  0.293831   0.006215  -0.292694  -0.206014   0.025621
  0.300081   0.006284  -0.293100  -0.206755   0.025499
  0.306400   0.006355  -0.293501  -0.207515   0.025379
  0.312792   0.006428  -0.293898  -0.208293   0.025259
  0.319257   0.006504  -0.294290  -0.209092   0.025142
  0.325800   0.006582  -0.294677  -0.209910   0.025025
  0.332421   0.006662  -0.295059  -0.210750   0.024909
  0.339125   0.006745  -0.295434  -0.211610   0.024795
  0.345913   0.006831  -0.295804  -0.212493   0.024682
  0.352788   0.006920  -0.296167  -0.213397   0.024570
  0.359754   0.007012  -0.296523  -0.214325   0.024459
  0.366813   0.007106  -0.296871  -0.215277   0.024350
  0.373968   0.007204  -0.297212  -0.216253   0.024241
  0.381223   0.007306  -0.297544  -0.217254   0.024134
  0.388580   0.007410  -0.297866  -0.218281   0.024027
  0.396044   0.007519  -0.298179  -0.219335   0.023922
  0.403619   0.007631  -0.298482  -0.220416   0.023818
  0.411307   0.007746  -0.298774  -0.221525   0.023714
  0.419113   0.007866  -0.299053  -0.222664   0.023612
  0.427040   0.007990  -0.299320  -0.223832   0.023511
  0.435094   0.008118  -0.299574  -0.225031   0.023411
  0.443279   0.008251  -0.299813  -0.226262   0.023311
  0.451598   0.008389  -0.300037  -0.227525   0.023213
  0.460058   0.008531  -0.300245  -0.228823   0.023115
  0.468663   0.008679  -0.300435  -0.230155   0.023019
  0.477418   0.008832  -0.300606  -0.231522   0.022923
  0.486329   0.008991  -0.300757  -0.232927   0.022828
  0.495401   0.009155  -0.300887  -0.234370   0.022734
  0.504641   0.009326  -0.300994  -0.235852   0.022640
  0.514056   0.009503  -0.301077  -0.237374   0.022548
  0.523651   0.009687  -0.301134  -0.238939   0.022456
  0.533433   0.009878  -0.301163  -0.240546   0.022365
  0.543410   0.010077  -0.301163  -0.242198   0.022274
  0.553589   0.010283  -0.301130  -0.243895   0.022185
  0.563979   0.010498  -0.301063  -0.245639   0.022095
  0.574588   0.010721  -0.300960  -0.247432   0.022007
  0.585425   0.010953  -0.300818  -0.249275   0.021919
  0.596498   0.011195  -0.300635  -0.251170   0.021831
  0.607819   0.011447  -0.300406  -0.253117   0.021744
  0.619397   0.011710  -0.300130  -0.255119   0.021657
  0.631242   0.011984  -0.299802  -0.257177   0.021571
  0.643368   0.012269  -0.299419  -0.259293   0.021484
  0.655785   0.012567  -0.298977  -0.261468   0.021398
  0.668507   0.012879  -0.298472  -0.263703   0.021312
  0.681547   0.013204  -0.297898  -0.266001   0.021226
  0.694920   0.013544  -0.297252  -0.268363   0.021140
  0.708641   0.013900  -0.296527  -0.270790   0.021054
  0.722726   0.014273  -0.295719  -0.273284   0.020967
  0.737192   0.014663  -0.294820  -0.275845   0.020880
  0.752058   0.015072  -0.293823  -0.278476   0.020792
  0.767343   0.015501  -0.292723  -0.281177   0.020704
  0.783068   0.015952  -0.291509  -0.283948   0.020614
  0.799254   0.016425  -0.290176  -0.286792   0.020524
  0.815926   0.016923  -0.288712  -0.289708   0.020432
  0.833108   0.017446  -0.287108  -0.292695   0.020338
  0.850828   0.017998  -0.285354  -0.295754   0.020242
  0.869114   0.018579  -0.283437  -0.298884   0.020144
  0.887996   0.019192  -0.281347  -0.302084   0.020044
  0.907509   0.019840  -0.279068  -0.305351   0.019940
  0.927688   0.020524  -0.276588  -0.308682   0.019833
  0.948570   0.021248  -0.273890  -0.312074   0.019722
  0.970198   0.022015  -0.270958  -0.315521   0.019607
  0.992616   0.022828  -0.267774  -0.319018   0.019486
  1.015871   0.023691  -0.264320  -0.322557   0.019360
  1.040016   0.024609  -0.260574  -0.326128   0.019227
  1.065108   0.025585  -0.256517  -0.329720   0.019087
  1.091207   0.026625  -0.252124  -0.333319   0.018938
  1.118380   0.027734  -0.247373  -0.336909   0.018780
  1.146700   0.028920  -0.242238  -0.340470   0.018612
  1.176247   0.030188  -0.236693  -0.343978   0.018431
  1.207107   0.031547  -0.230711  -0.347407   0.018237
  1.239375   0.033006  -0.224265  -0.350725   0.018028
  1.273156   0.034575  -0.217327  -0.353894   0.017802
  1.308564   0.036264  -0.209871  -0.356872   0.017558
  1.345728   0.038087  -0.201868  -0.359609   0.017292
  1.384788   0.040058  -0.193296  -0.362050   0.017004
  1.425899   0.042193  -0.184132  -0.364130   0.016690
  1.469235   0.044512  -0.174357  -0.365776   0.016347
  1.514990   0.047035  -0.163960  -0.366907   0.015974
  1.563382   0.049788  -0.152933  -0.367432   0.015567
  1.614652   0.052799  -0.141281  -0.367252   0.015123
  1.669077   0.056102  -0.129017  -0.366256   0.014640
  1.726966   0.059735  -0.116169  -0.364326   0.014115
  1.788672   0.063744  -0.102780  -0.361335   0.013546
  1.854597   0.068182  -0.088912  -0.357150   0.012931
  1.925201   0.073114  -0.074650  -0.351631   0.012269
  2.001014   0.078615  -0.060101  -0.344635   0.011561
  2.082650   0.084776  -0.045399  -0.336019   0.010806
  2.170822   0.091706  -0.030711  -0.325639   0.010009
  2.266363   0.099541  -0.016236  -0.313356   0.009173
  2.370258   0.108443  -0.002211  -0.299037   0.008304
  2.483672   0.118616   0.011077  -0.282558   0.007409
  2.607998   0.130314   0.023282  -0.263809   0.006500
  2.744915   0.143858   0.033980  -0.242712   0.005586
  2.896465   0.159658   0.042646  -0.219241   0.004684
  3.065157   0.178243   0.048629  -0.193478   0.003809
  3.254108   0.200308   0.051146  -0.165702   0.002981
  3.467239   0.226781   0.049331  -0.136517   0.002224
  3.709553   0.258919   0.042398  -0.106994   0.001563
  3.987536   0.298460   0.029944  -0.078708   0.001019
  4.309749   0.347866   0.012325  -0.053539   0.000607
  4.687729   0.410713  -0.009140  -0.033151   0.000325
  5.137411   0.492361  -0.032416  -0.018379   0.000154
  5.681437   0.601129  -0.055411  -0.008934   0.000063
  6.353106   0.750507  -0.076630  -0.003676   0.000021
  7.203475   0.963546  -0.095429  -0.001182   0.000005
