#     w        dw   Re[sigma(w)] Im[sigma(w)] A(K,w)
 -7.203475   0.963546  -0.262737  -0.000344   0.000002
 -6.353106   0.750507  -0.274817  -0.001136   0.000007
 -5.681437   0.601129  -0.287830  -0.002777   0.000022
 -5.137411   0.492361  -0.301728  -0.005711   0.000053
 -4.687729   0.410713  -0.316270  -0.010401   0.000115
 -4.309749   0.347866  -0.331001  -0.017235   0.000221
 -3.987536   0.298460  -0.345297  -0.026409   0.000390
 -3.709553   0.258919  -0.358470  -0.037859   0.000636
 -3.467239   0.226781  -0.369898  -0.051250   0.000972
 -3.254108   0.200308  -0.379149  -0.066053   0.001400
 -3.065157   0.178243  -0.386021  -0.081655   0.001919
 -2.896465   0.159658  -0.390535  -0.097471   0.002522
 -2.744915   0.143858  -0.392874  -0.113015   0.003198
 -2.607998   0.130314  -0.393309  -0.127930   0.003934
 -2.483672   0.118616  -0.392145  -0.141985   0.004719
 -2.370258   0.108443  -0.389678  -0.155047   0.005540
 -2.266363   0.099541  -0.386172  -0.167060   0.006389
 -2.170822   0.091706  -0.381858  -0.178017   0.007255
 -2.082650   0.084776  -0.376925  -0.187943   0.008132
 -2.001014   0.078615  -0.371531  -0.196882   0.009013
 -1.925201   0.073114  -0.365806  -0.204887   0.009893
 -1.854597   0.068182  -0.359853  -0.212013   0.010766
 -1.788672   0.063744  -0.353762  -0.218319   0.011628
 -1.726966   0.059735  -0.347601  -0.223863   0.012476
 -1.669077   0.056102  -0.341431  -0.228700   0.013308
 -1.614652   0.052799  -0.335300  -0.232882   0.014121
 -1.563382   0.049788  -0.329249  -0.236461   0.014913
 -1.514990   0.047035  -0.323311  -0.239485   0.015683
 -1.469235   0.044512  -0.317513  -0.242000   0.016430
 -1.425899   0.042193  -0.311877  -0.244049   0.017154
 -1.384788   0.040058  -0.306420  -0.245675   0.017854
 -1.345728   0.038087  -0.301156  -0.246915   0.018531
 -1.308564   0.036264  -0.296094  -0.247806   0.019185
 -1.273156   0.034575  -0.291243  -0.248382   0.019817
 -1.239375   0.033006  -0.286605  -0.248675   0.020427
 -1.207107   0.031547  -0.282184  -0.248716   0.021015
 -1.176247   0.030188  -0.277978  -0.248530   0.021584
 -1.146700   0.028920  -0.273988  -0.248145   0.022134
 -1.118380   0.027734  -0.270210  -0.247584   0.022665
 -1.091207   0.026625  -0.266641  -0.246867   0.023180
 -1.065108   0.025585  -0.263274  -0.246016   0.023679
 -1.040016   0.024609  -0.260106  -0.245048   0.024163
 -1.015871   0.023691  -0.257128  -0.243979   0.024633
 -0.992616   0.022828  -0.254336  -0.242825   0.025091
 -0.970198   0.022015  -0.251722  -0.241599   0.025536
 -0.948570   0.021248  -0.249279  -0.240313   0.025971
 -0.927688   0.020524  -0.247000  -0.238978   0.026396
 -0.907509   0.019840  -0.244877  -0.237604   0.026812
 -0.887996   0.019192  -0.242903  -0.236200   0.027220
 -0.869114   0.018579  -0.241071  -0.234774   0.027620
 -0.850828   0.017998  -0.239375  -0.233333   0.028014
 -0.833108   0.017446  -0.237807  -0.231882   0.028402
 -0.815926   0.016923  -0.236361  -0.230428   0.028785
 -0.799254   0.016425  -0.235030  -0.228975   0.029163
 -0.783068   0.015952  -0.233808  -0.227527   0.029537
 -0.767343   0.015501  -0.232690  -0.226089   0.029908
 -0.752058   0.015072  -0.231669  -0.224662   0.030275
 -0.737192   0.014663  -0.230740  -0.223251   0.030641
 -0.722726   0.014273  -0.229898  -0.221857   0.031004
 -0.708641   0.013900  -0.229137  -0.220483   0.031366
 -0.694920   0.013544  -0.228454  -0.219129   0.031726
 -0.681547   0.013204  -0.227844  -0.217798   0.032086
 -0.668507   0.012879  -0.227302  -0.216491   0.032445
 -0.655785   0.012567  -0.226825  -0.215209   0.032804
 -0.643368   0.012269  -0.226408  -0.213952   0.033164
 -0.631242   0.011984  -0.226048  -0.212722   0.033523
 -0.619397   0.011710  -0.225742  -0.211518   0.033884
 -0.607819   0.011447  -0.225487  -0.210341   0.034246
 -0.596498   0.011195  -0.225279  -0.209190   0.034609
 -0.585425   0.010953  -0.225115  -0.208068   0.034973
 -0.574588   0.010721  -0.224993  -0.206972   0.035339
 -0.563979   0.010498  -0.224911  -0.205903   0.035707
 -0.553589   0.010283  -0.224866  -0.204862   0.036078
 -0.543410   0.010077  -0.224855  -0.203847   0.036450
 -0.533433   0.009878  -0.224877  -0.202859   0.036825
 -0.523651   0.009687  -0.224929  -0.201896   0.037203
 -0.514056   0.009503  -0.225010  -0.200960   0.037583
 -0.504641   0.009326  -0.225119  -0.200050   0.037967
 -0.495401   0.009155  -0.225252  -0.199164   0.038353
 -0.486329   0.008991  -0.225409  -0.198303   0.038743
 -0.477418   0.008832  -0.225589  -0.197467   0.039136
 -0.468663   0.008679  -0.225789  -0.196655   0.039533
 -0.460058   0.008531  -0.226009  -0.195866   0.039934
 -0.451598   0.008389  -0.226248  -0.195099   0.040338
 -0.443279   0.008251  -0.226504  -0.194356   0.040746
 -0.435094   0.008118  -0.226775  -0.193635   0.041158
 -0.427040   0.007990  -0.227063  -0.192935   0.041575
 -0.419113   0.007866  -0.227364  -0.192256   0.041996
 -0.411307   0.007746  -0.227679  -0.191598   0.042421
 -0.403619   0.007631  -0.228006  -0.190961   0.042850
 -0.396044   0.007519  -0.228345  -0.190343   0.043285
 -0.388580   0.007410  -0.228694  -0.189745   0.043724
 -0.381223   0.007306  -0.229055  -0.189165   0.044168
 -0.373968   0.007204  -0.229424  -0.188605   0.044617
 -0.366813   0.007106  -0.229803  -0.188062   0.045071
 -0.359754   0.007012  -0.230190  -0.187537   0.045531
 -0.352788   0.006920  -0.230585  -0.187029   0.045996
 -0.345913   0.006831  -0.230988  -0.186538   0.046466
 -0.339125   0.006745  -0.231397  -0.186064   0.046942
 -0.332421   0.006662  -0.231813  -0.185606   0.047424
 -0.325800   0.006582  -0.232235  -0.185164   0.047912
 -0.319257   0.006504  -0.232662  -0.184737   0.048405
 -0.312792   0.006428  -0.233095  -0.184326   0.048905
 -0.306400   0.006355  -0.233533  -0.183929   0.049411
 -0.300081   0.006284  -0.233975  -0.183546   0.049924
 -0.293831   0.006215  -0.234422  -0.183178   0.050443
 -0.287649   0.006149  -0.234872  -0.182824   0.050969
 -0.281533   0.006085  -0.235327  -0.182483   0.051502
 -0.275479   0.006022  -0.235784  -0.182155   0.052041
 -0.269487   0.005962  -0.236245  -0.181841   0.052588
 -0.263555   0.005904  -0.236709  -0.181539   0.053143
 -0.257679   0.005847  -0.237176  -0.181249   0.053704
 -0.251860   0.005792  -0.237645  -0.180972   0.054274
 -0.246094   0.005739  -0.238117  -0.180707   0.054851
 -0.240381   0.005688  -0.238591  -0.180453   0.055436
 -0.234718   0.005638  -0.239067  -0.180211   0.056030
 -0.229104   0.005590  -0.239545  -0.179980   0.056631
 -0.223538   0.005543  -0.240025  -0.179760   0.057242
 -0.218017   0.005498  -0.240507  -0.179551   0.057861
 -0.212540   0.005455  -0.240990  -0.179353   0.058489
 -0.207107   0.005413  -0.241474  -0.179165   0.059126
 -0.201715   0.005372  -0.241960  -0.178988   0.059773
 -0.196362   0.005333  -0.242446  -0.178820   0.060429
 -0.191049   0.005295  -0.242935  -0.178663   0.061095
 -0.185773   0.005258  -0.243424  -0.178515   0.061772
 -0.180533   0.005222  -0.243914  -0.178377   0.062458
 -0.175328   0.005188  -0.244404  -0.178248   0.063155
 -0.170157   0.005155  -0.244896  -0.178129   0.063863
 -0.165018   0.005123  -0.245388  -0.178019   0.064582
 -0.159910   0.005093  -0.245881  -0.177918   0.065313
 -0.154832   0.005063  -0.246375  -0.177826   0.066055
 -0.149783   0.005035  -0.246869  -0.177743   0.066809
 -0.144763   0.005007  -0.247364  -0.177668   0.067576
 -0.139769   0.004981  -0.247859  -0.177602   0.068355
 -0.134800   0.004956  -0.248355  -0.177545   0.069147
 -0.129857   0.004932  -0.248851  -0.177496   0.069952
 -0.124937   0.004908  -0.249347  -0.177455   0.070771
 -0.120039   0.004886  -0.249844  -0.177423   0.071604
 -0.115164   0.004865  -0.250341  -0.177399   0.072451
 -0.110309   0.004845  -0.250839  -0.177382   0.073313
 -0.105474   0.004826  -0.251336  -0.177374   0.074191
 -0.100657   0.004807  -0.251834  -0.177374   0.075083
 -0.095859   0.004790  -0.252332  -0.177382   0.075992
 -0.091078   0.004773  -0.252831  -0.177397   0.076918
 -0.086312   0.004758  -0.253329  -0.177420   0.077860
 -0.081562   0.004743  -0.253828  -0.177451   0.078819
 -0.076826   0.004729  -0.254327  -0.177490   0.079797
 -0.072104   0.004716  -0.254826  -0.177536   0.080793
 -0.067394   0.004704  -0.255325  -0.177590   0.081808
 -0.062695   0.004693  -0.255825  -0.177652   0.082843
 -0.058008   0.004682  -0.256324  -0.177721   0.083897
 -0.053331   0.004673  -0.256824  -0.177798   0.084973
 -0.048663   0.004664  -0.257324  -0.177882   0.086070
 -0.044003   0.004656  -0.257824  -0.177974   0.087188
 -0.039351   0.004649  -0.258324  -0.178073   0.088330
 -0.034705   0.004642  -0.258825  -0.178180   0.089495
 -0.030066   0.004637  -0.259325  -0.178294   0.090684
 -0.025432   0.004632  -0.259826  -0.178416   0.091898
 -0.020802   0.004628  -0.260327  -0.178545   0.093138
 -0.016176   0.004625  -0.260828  -0.178682   0.094404
 -0.011552   0.004622  -0.261329  -0.178826   0.095697
 -0.006930   0.004621  -0.261830  -0.178978   0.097019
 -0.002310   0.004620  -0.262332  -0.179138   0.098371
  0.002310   0.004620  -0.262834  -0.179305   0.099752
  0.006930   0.004621  -0.263335  -0.179480   0.101165
  0.011552   0.004622  -0.263838  -0.179663   0.102610
  0.016176   0.004625  -0.264340  -0.179853   0.104088
  0.020802   0.004628  -0.264842  -0.180051   0.105601
  0.025432   0.004632  -0.265345  -0.180257   0.107150
  0.030066   0.004637  -0.265848  -0.180471   0.108736
  0.034705   0.004642  -0.266351  -0.180693   0.110360
  0.039351   0.004649  -0.266854  -0.180924   0.112024
  0.044003   0.004656  -0.267358  -0.181162   0.113729
  0.048663   0.004664  -0.267862  -0.181408   0.115477
  0.053331   0.004673  -0.268366  -0.181663   0.117269
  0.058008   0.004682  -0.268870  -0.181926   0.119108
  0.062695   0.004693  -0.269375  -0.182198   0.120994
  0.067394   0.004704  -0.269879  -0.182478   0.122929
  0.072104   0.004716  -0.270384  -0.182767   0.124916
  0.076826   0.004729  -0.270890  -0.183065   0.126956
  0.081562   0.004743  -0.271395  -0.183372   0.129052
  0.086312   0.004758  -0.271901  -0.183687   0.131206
  0.091078   0.004773  -0.272407  -0.184012   0.133419
  0.095859   0.004790  -0.272913  -0.184346   0.135696
  0.100657   0.004807  -0.273419  -0.184690   0.138037
  0.105474   0.004826  -0.273925  -0.185043   0.140446
  0.110309   0.004845  -0.274432  -0.185406   0.142925
  0.115164   0.004865  -0.274939  -0.185779   0.145478
  0.120039   0.004886  -0.275446  -0.186162   0.148108
  0.124937   0.004908  -0.275953  -0.186555   0.150818
  0.129857   0.004932  -0.276460  -0.186959   0.153611
  0.134800   0.004956  -0.276967  -0.187373   0.156491
  0.139769   0.004981  -0.277474  -0.187798   0.159462
  0.144763   0.005007  -0.277982  -0.188234   0.162527
  0.149783   0.005035  -0.278489  -0.188681   0.165693
  0.154832   0.005063  -0.278996  -0.189140   0.168962
  0.159910   0.005093  -0.279503  -0.189610   0.172339
  0.165018   0.005123  -0.280010  -0.190093   0.175830
  0.170157   0.005155  -0.280517  -0.190587   0.179441
  0.175328   0.005188  -0.281023  -0.191094   0.183175
  0.180533   0.005222  -0.281530  -0.191614   0.187041
  0.185773   0.005258  -0.282035  -0.192147   0.191043
  0.191049   0.005295  -0.282541  -0.192692   0.195189
  0.196362   0.005333  -0.283045  -0.193252   0.199486
  0.201715   0.005372  -0.283550  -0.193825   0.203941
  0.207107   0.005413  -0.284053  -0.194413   0.208562
  0.212540   0.005455  -0.284556  -0.195015   0.213359
  0.218017   0.005498  -0.285058  -0.195632   0.218338
  0.223538   0.005543  -0.285559  -0.196264   0.223511
  0.229104   0.005590  -0.286058  -0.196912   0.228888
  0.234718   0.005638  -0.286557  -0.197576   0.234478
  0.240381   0.005688  -0.287054  -0.198256   0.240294
  0.246094   0.005739  -0.287549  -0.198953   0.246348
  0.251860   0.005792  -0.288043  -0.199668   0.252652
  0.257679   0.005847  -0.288535  -0.200400   0.259220
  0.263555   0.005904  -0.289024  -0.201150   0.266067
  0.269487   0.005962  -0.289512  -0.201919   0.273208
  0.275479   0.006022  -0.289997  -0.202708   0.280659
  0.281533   0.006085  -0.290479  -0.203516   0.288438
  0.287649   0.006149  -0.290958  -0.204344   0.296564
  0.293831   0.006215  -0.291434  -0.205193   0.305056
  0.300081   0.006284  -0.291907  -0.206064   0.313934
  0.306400   0.006355  -0.292375  -0.206957   0.323221
  0.312792   0.006428  -0.292840  -0.207872   0.332941
  0.319257   0.006504  -0.293300  -0.208811   0.343117
  0.325800   0.006582  -0.293755  -0.209774   0.353776
  0.332421   0.006662  -0.294204  -0.210761   0.364945
  0.339125   0.006745  -0.294648  -0.211774   0.376654
  0.345913   0.006831  -0.295086  -0.212814   0.388931
  0.352788   0.006920  -0.295517  -0.213880   0.401809
  0.359754   0.007012  -0.295941  -0.214974   0.415321
  0.366813   0.007106  -0.296357  -0.216097   0.429501
  0.373968   0.007204  -0.296764  -0.217250   0.444384
  0.381223   0.007306  -0.297163  -0.218433   0.460005
  0.388580   0.007410  -0.297551  -0.219647   0.476402
  0.396044   0.007519  -0.297929  -0.220894   0.493610
  0.403619   0.007631  -0.298296  -0.222175   0.511664
  0.411307   0.007746  -0.298650  -0.223490   0.530601
  0.419113   0.007866  -0.298992  -0.224841   0.550453
  0.427040   0.007990  -0.299319  -0.226229   0.571248
  0.435094   0.008118  -0.299630  -0.227655   0.593012
  0.443279   0.008251  -0.299926  -0.229120   0.615765
  0.451598   0.008389  -0.300203  -0.230626   0.639516
  0.460058   0.008531  -0.300462  -0.232173   0.664266
  0.468663   0.008679  -0.300700  -0.233764   0.690003
  0.477418   0.008832  -0.300916  -0.235399   0.716699
  0.486329   0.008991  -0.301109  -0.237081   0.744305
  0.495401   0.009155  -0.301276  -0.238810   0.772748
  0.504641   0.009326  -0.301415  -0.240588   0.801930
  0.514056   0.009503  -0.301526  -0.242418   0.831718
  0.523651   0.009687  -0.301604  -0.244299   0.861944
  0.533433   0.009878  -0.301649  -0.246235   0.892397
  0.543410   0.010077  -0.301656  -0.248226   0.922824
  0.553589   0.010283  -0.301625  -0.250276   0.952924
  0.563979   0.010498  -0.301551  -0.252384   0.982348
  0.574588   0.010721  -0.301431  -0.254554   1.010702
  0.585425   0.010953  -0.301262  -0.256788   1.037550
  0.596498   0.011195  -0.301040  -0.259086   1.062424
  0.607819   0.011447  -0.300760  -0.261451   1.084834
  0.619397   0.011710  -0.300420  -0.263886   1.104284
  0.631242   0.011984  -0.300013  -0.266391   1.120292
  0.643368   0.012269  -0.299535  -0.268969   1.132414
  0.655785   0.012567  -0.298980  -0.271622   1.140262
  0.668507   0.012879  -0.298342  -0.274351   1.143532
  0.681547   0.013204  -0.297615  -0.277159   1.142020
  0.694920   0.013544  -0.296791  -0.280046   1.135640
  0.708641   0.013900  -0.295864  -0.283015   1.124426
  0.722726   0.014273  -0.294824  -0.286066   1.108541
  0.737192   0.014663  -0.293664  -0.289202   1.088261
  0.752058   0.015072  -0.292373  -0.292422   1.063965
  0.767343   0.015501  -0.290941  -0.295728   1.036114
  0.783068   0.015952  -0.289357  -0.299119   1.005225
  0.799254   0.016425  -0.287610  -0.302596   0.971846
  0.815926   0.016923  -0.285686  -0.306156   0.936534
  0.833108   0.017446  -0.283571  -0.309800   0.899831
  0.850828   0.017998  -0.281250  -0.313523   0.862246
  0.869114   0.018579  -0.278707  -0.317324   0.824244
  0.887996   0.019192  -0.275925  -0.321197   0.786235
  0.907509   0.019840  -0.272886  -0.325136   0.748569
  0.927688   0.020524  -0.269568  -0.329135   0.711539
  0.948570   0.021248  -0.265953  -0.333184   0.675377
  0.970198   0.022015  -0.262016  -0.337272   0.640264
  0.992616   0.022828  -0.257736  -0.341385   0.606330
  1.015871   0.023691  -0.253086  -0.345507   0.573662
  1.040016   0.024609  -0.248040  -0.349617   0.542309
  1.065108   0.025585  -0.242573  -0.353694   0.512289
  1.091207   0.026625  -0.236657  -0.357708   0.483594
  1.118380   0.027734  -0.230263  -0.361628   0.456193
  1.146700   0.028920  -0.223364  -0.365417   0.430039
  1.176247   0.030188  -0.215932  -0.369030   0.405072
  1.207107   0.031547  -0.207943  -0.372418   0.381219
  1.239375   0.033006  -0.199371  -0.375524   0.358403
  1.273156   0.034575  -0.190197  -0.378284   0.336539
  1.308564   0.036264  -0.180404  -0.380624   0.315540
  1.345728   0.038087  -0.169984  -0.382463   0.295320
  1.384788   0.040058  -0.158936  -0.383713   0.275791
  1.425899   0.042193  -0.147267  -0.384274   0.256871
  1.469235   0.044512  -0.134999  -0.384043   0.238486
  1.514990   0.047035  -0.122168  -0.382906   0.220567
  1.563382   0.049788  -0.108827  -0.380747   0.203064
  1.614652   0.052799  -0.095051  -0.377446   0.185941
  1.669077   0.056102  -0.080933  -0.372887   0.169185
  1.726966   0.059735  -0.066594  -0.366954   0.152808
  1.788672   0.063744  -0.052178  -0.359543   0.136848
  1.854597   0.068182  -0.037853  -0.350565   0.121376
  1.925201   0.073114  -0.023811  -0.339949   0.106485
  2.001014   0.078615  -0.010268  -0.327650   0.092292
  2.082650   0.084776   0.002547  -0.313655   0.078924
  2.170822   0.091706   0.014389  -0.297982   0.066509
  2.266363   0.099541   0.025008  -0.280690   0.055161
  2.370258   0.108443   0.034152  -0.261872   0.044966
  2.483672   0.118616   0.041575  -0.241661   0.035978
  2.607998   0.130314   0.047035  -0.220227   0.028208
  2.744915   0.143858   0.050301  -0.197774   0.021627
  2.896465   0.159658   0.051147  -0.174548   0.016172
  3.065157   0.178243   0.049351  -0.150843   0.011750
  3.254108   0.200308   0.044699  -0.127021   0.008255
  3.467239   0.226781   0.037001  -0.103544   0.005570
  3.709553   0.258919   0.026134  -0.081004   0.003578
  3.987536   0.298460   0.012134  -0.060138   0.002161
  4.309749   0.347866  -0.004688  -0.041779   0.001210
  4.687729   0.410713  -0.023641  -0.026702   0.000617
  5.137411   0.492361  -0.043673  -0.015382   0.000280
  5.681437   0.601129  -0.063577  -0.007778   0.000110
  6.353106   0.750507  -0.082322  -0.003314   0.000036
  7.203475   0.963546  -0.099319  -0.001094   0.000009
