#     w        dw   Re[sigma(w)] Im[sigma(w)] A(K,w)
 -7.203475   0.963546  -0.261311  -0.000335   0.000002
 -6.353106   0.750507  -0.272863  -0.001100   0.000010
 -5.681437   0.601129  -0.285185  -0.002655   0.000030
 -5.137411   0.492361  -0.298199  -0.005369   0.000076
 -4.687729   0.410713  -0.311672  -0.009597   0.000167
 -4.309749   0.347866  -0.325218  -0.015605   0.000329
 -3.987536   0.298460  -0.338353  -0.023502   0.000594
 -3.709553   0.258919  -0.350574  -0.033207   0.000995
 -3.467239   0.226781  -0.361451  -0.044464   0.001566
 -3.254108   0.200308  -0.370679  -0.056904   0.002337
 -3.065157   0.178243  -0.378105  -0.070110   0.003332
 -2.896465   0.159658  -0.383714  -0.083679   0.004570
 -2.744915   0.143858  -0.387590  -0.097266   0.006065
 -2.607998   0.130314  -0.389881  -0.110597   0.007826
 -2.483672   0.118616  -0.390767  -0.123472   0.009858
 -2.370258   0.108443  -0.390435  -0.135752   0.012165
 -2.266363   0.099541  -0.389064  -0.147348   0.014747
 -2.170822   0.091706  -0.386818  -0.158210   0.017603
 -2.082650   0.084776  -0.383844  -0.168316   0.020730
 -2.001014   0.078615  -0.380271  -0.177661   0.024124
 -1.925201   0.073114  -0.376213  -0.186254   0.027779
 -1.854597   0.068182  -0.371768  -0.194114   0.031688
 -1.788672   0.063744  -0.367021  -0.201264   0.035845
 -1.726966   0.059735  -0.362048  -0.207733   0.040241
 -1.669077   0.056102  -0.356915  -0.213551   0.044870
 -1.614652   0.052799  -0.351677  -0.218752   0.049723
 -1.563382   0.049788  -0.346384  -0.223369   0.054795
 -1.514990   0.047035  -0.341079  -0.227436   0.060078
 -1.469235   0.044512  -0.335800  -0.230988   0.065569
 -1.425899   0.042193  -0.330578  -0.234058   0.071264
 -1.384788   0.040058  -0.325440  -0.236681   0.077161
 -1.345728   0.038087  -0.320409  -0.238888   0.083261
 -1.308564   0.036264  -0.315504  -0.240713   0.089563
 -1.273156   0.034575  -0.310740  -0.242186   0.096073
 -1.239375   0.033006  -0.306129  -0.243336   0.102794
 -1.207107   0.031547  -0.301681  -0.244192   0.109734
 -1.176247   0.030188  -0.297403  -0.244780   0.116901
 -1.146700   0.028920  -0.293300  -0.245127   0.124305
 -1.118380   0.027734  -0.289374  -0.245254   0.131959
 -1.091207   0.026625  -0.285627  -0.245186   0.139876
 -1.065108   0.025585  -0.282059  -0.244942   0.148072
 -1.040016   0.024609  -0.278668  -0.244543   0.156563
 -1.015871   0.023691  -0.275451  -0.244005   0.165368
 -0.992616   0.022828  -0.272407  -0.243346   0.174507
 -0.970198   0.022015  -0.269530  -0.242580   0.184001
 -0.948570   0.021248  -0.266815  -0.241722   0.193874
 -0.927688   0.020524  -0.264260  -0.240784   0.204151
 -0.907509   0.019840  -0.261857  -0.239778   0.214857
 -0.887996   0.019192  -0.259601  -0.238714   0.226021
 -0.869114   0.018579  -0.257487  -0.237603   0.237672
 -0.850828   0.017998  -0.255510  -0.236452   0.249843
 -0.833108   0.017446  -0.253663  -0.235269   0.262564
 -0.815926   0.016923  -0.251940  -0.234061   0.275872
 -0.799254   0.016425  -0.250337  -0.232835   0.289802
 -0.783068   0.015952  -0.248847  -0.231596   0.304393
 -0.767343   0.015501  -0.247465  -0.230349   0.319685
 -0.752058   0.015072  -0.246185  -0.229099   0.335719
 -0.737192   0.014663  -0.245004  -0.227849   0.352538
 -0.722726   0.014273  -0.243914  -0.226603   0.370188
 -0.708641   0.013900  -0.242913  -0.225364   0.388715
 -0.694920   0.013544  -0.241995  -0.224135   0.408166
 -0.681547   0.013204  -0.241155  -0.222918   0.428590
 -0.668507   0.012879  -0.240390  -0.221715   0.450038
 -0.655785   0.012567  -0.239696  -0.220527   0.472559
 -0.643368   0.012269  -0.239068  -0.219357   0.496203
 -0.631242   0.011984  -0.238504  -0.218205   0.521020
 -0.619397   0.011710  -0.237998  -0.217073   0.547057
 -0.607819   0.011447  -0.237549  -0.215961   0.574363
 -0.596498   0.011195  -0.237153  -0.214870   0.602978
 -0.585425   0.010953  -0.236807  -0.213801   0.632942
 -0.574588   0.010721  -0.236508  -0.212754   0.664287
 -0.563979   0.010498  -0.236254  -0.211730   0.697039
 -0.553589   0.010283  -0.236041  -0.210729   0.731213
 -0.543410   0.010077  -0.235868  -0.209750   0.766814
 -0.533433   0.009878  -0.235732  -0.208794   0.803832
 -0.523651   0.009687  -0.235632  -0.207862   0.842241
 -0.514056   0.009503  -0.235564  -0.206952   0.881996
 -0.504641   0.009326  -0.235528  -0.206065   0.923029
 -0.495401   0.009155  -0.235521  -0.205201   0.965246
 -0.486329   0.008991  -0.235541  -0.204359   1.008527
 -0.477418   0.008832  -0.235588  -0.203539   1.052719
 -0.468663   0.008679  -0.235659  -0.202742   1.097636
 -0.460058   0.008531  -0.235753  -0.201966   1.143056
 -0.451598   0.008389  -0.235869  -0.201212   1.188721
 -0.443279   0.008251  -0.236005  -0.200478   1.234337
 -0.435094   0.008118  -0.236161  -0.199766   1.279573
 -0.427040   0.007990  -0.236334  -0.199074   1.324066
 -0.419113   0.007866  -0.236525  -0.198402   1.367426
 -0.411307   0.007746  -0.236731  -0.197750   1.409240
 -0.403619   0.007631  -0.236953  -0.197117   1.449082
 -0.396044   0.007519  -0.237189  -0.196503   1.486521
 -0.388580   0.007410  -0.237438  -0.195907   1.521134
 -0.381223   0.007306  -0.237700  -0.195330   1.552519
 -0.373968   0.007204  -0.237973  -0.194771   1.580303
 -0.366813   0.007106  -0.238258  -0.194230   1.604159
 -0.359754   0.007012  -0.238553  -0.193706   1.623814
 -0.352788   0.006920  -0.238858  -0.193198   1.639060
 -0.345913   0.006831  -0.239171  -0.192707   1.649760
 -0.339125   0.006745  -0.239494  -0.192233   1.655852
 -0.332421   0.006662  -0.239825  -0.191774   1.657351
 -0.325800   0.006582  -0.240163  -0.191330   1.654345
 -0.319257   0.006504  -0.240508  -0.190902   1.646991
 -0.312792   0.006428  -0.240860  -0.190489   1.635508
 -0.306400   0.006355  -0.241218  -0.190090   1.620168
 -0.300081   0.006284  -0.241583  -0.189705   1.601282
 -0.293831   0.006215  -0.241952  -0.189335   1.579193
 -0.287649   0.006149  -0.242327  -0.188978   1.554264
 -0.281533   0.006085  -0.242707  -0.188634   1.526864
 -0.275479   0.006022  -0.243091  -0.188304   1.497363
 -0.269487   0.005962  -0.243480  -0.187986   1.466122
 -0.263555   0.005904  -0.243872  -0.187681   1.433487
 -0.257679   0.005847  -0.244268  -0.187389   1.399780
 -0.251860   0.005792  -0.244668  -0.187108   1.365304
 -0.246094   0.005739  -0.245071  -0.186839   1.330329
 -0.240381   0.005688  -0.245477  -0.186582   1.295103
 -0.234718   0.005638  -0.245886  -0.186337   1.259841
 -0.229104   0.005590  -0.246297  -0.186102   1.224733
 -0.223538   0.005543  -0.246711  -0.185879   1.189942
 -0.218017   0.005498  -0.247127  -0.185666   1.155607
 -0.212540   0.005455  -0.247546  -0.185464   1.121842
 -0.207107   0.005413  -0.247966  -0.185273   1.088742
 -0.201715   0.005372  -0.248388  -0.185091   1.056382
 -0.196362   0.005333  -0.248812  -0.184920   1.024822
 -0.191049   0.005295  -0.249237  -0.184759   0.994105
 -0.185773   0.005258  -0.249664  -0.184607   0.964263
 -0.180533   0.005222  -0.250093  -0.184465   0.935317
 -0.175328   0.005188  -0.250522  -0.184332   0.907277
 -0.170157   0.005155  -0.250953  -0.184208   0.880147
 -0.165018   0.005123  -0.251385  -0.184094   0.853922
 -0.159910   0.005093  -0.251817  -0.183989   0.828595
 -0.154832   0.005063  -0.252251  -0.183892   0.804152
 -0.149783   0.005035  -0.252686  -0.183805   0.780576
 -0.144763   0.005007  -0.253121  -0.183726   0.757846
 -0.139769   0.004981  -0.253557  -0.183655   0.735941
 -0.134800   0.004956  -0.253994  -0.183593   0.714837
 -0.129857   0.004932  -0.254431  -0.183539   0.694510
 -0.124937   0.004908  -0.254869  -0.183494   0.674934
 -0.120039   0.004886  -0.255307  -0.183457   0.656083
 -0.115164   0.004865  -0.255746  -0.183427   0.637930
 -0.110309   0.004845  -0.256185  -0.183406   0.620451
 -0.105474   0.004826  -0.256624  -0.183393   0.603619
 -0.100657   0.004807  -0.257064  -0.183387   0.587409
 -0.095859   0.004790  -0.257504  -0.183389   0.571796
 -0.091078   0.004773  -0.257945  -0.183399   0.556757
 -0.086312   0.004758  -0.258385  -0.183416   0.542266
 -0.081562   0.004743  -0.258826  -0.183442   0.528303
 -0.076826   0.004729  -0.259267  -0.183474   0.514844
 -0.072104   0.004716  -0.259708  -0.183514   0.501869
 -0.067394   0.004704  -0.260149  -0.183562   0.489357
 -0.062695   0.004693  -0.260590  -0.183617   0.477288
 -0.058008   0.004682  -0.261032  -0.183679   0.465644
 -0.053331   0.004673  -0.261473  -0.183749   0.454407
 -0.048663   0.004664  -0.261915  -0.183826   0.443558
 -0.044003   0.004656  -0.262356  -0.183911   0.433083
 -0.039351   0.004649  -0.262798  -0.184002   0.422964
 -0.034705   0.004642  -0.263239  -0.184101   0.413186
 -0.030066   0.004637  -0.263681  -0.184208   0.403736
 -0.025432   0.004632  -0.264122  -0.184321   0.394600
 -0.020802   0.004628  -0.264564  -0.184442   0.385763
 -0.016176   0.004625  -0.265005  -0.184570   0.377215
 -0.011552   0.004622  -0.265447  -0.184705   0.368942
 -0.006930   0.004621  -0.265888  -0.184848   0.360933
 -0.002310   0.004620  -0.266329  -0.184998   0.353177
  0.002310   0.004620  -0.266770  -0.185156   0.345665
  0.006930   0.004621  -0.267211  -0.185320   0.338386
  0.011552   0.004622  -0.267652  -0.185493   0.331330
  0.016176   0.004625  -0.268093  -0.185672   0.324489
  0.020802   0.004628  -0.268534  -0.185859   0.317853
  0.025432   0.004632  -0.268975  -0.186054   0.311416
  0.030066   0.004637  -0.269415  -0.186256   0.305169
  0.034705   0.004642  -0.269856  -0.186466   0.299104
  0.039351   0.004649  -0.270296  -0.186683   0.293214
  0.044003   0.004656  -0.270736  -0.186908   0.287493
  0.048663   0.004664  -0.271176  -0.187141   0.281934
  0.053331   0.004673  -0.271616  -0.187382   0.276532
  0.058008   0.004682  -0.272055  -0.187631   0.271279
  0.062695   0.004693  -0.272495  -0.187887   0.266170
  0.067394   0.004704  -0.272934  -0.188152   0.261201
  0.072104   0.004716  -0.273373  -0.188425   0.256366
  0.076826   0.004729  -0.273811  -0.188706   0.251659
  0.081562   0.004743  -0.274250  -0.188996   0.247077
  0.086312   0.004758  -0.274688  -0.189294   0.242615
  0.091078   0.004773  -0.275126  -0.189600   0.238268
  0.095859   0.004790  -0.275563  -0.189915   0.234032
  0.100657   0.004807  -0.276000  -0.190239   0.229904
  0.105474   0.004826  -0.276437  -0.190572   0.225879
  0.110309   0.004845  -0.276873  -0.190914   0.221954
  0.115164   0.004865  -0.277309  -0.191265   0.218127
  0.120039   0.004886  -0.277744  -0.191626   0.214392
  0.124937   0.004908  -0.278179  -0.191996   0.210747
  0.129857   0.004932  -0.278614  -0.192375   0.207190
  0.134800   0.004956  -0.279047  -0.192765   0.203717
  0.139769   0.004981  -0.279481  -0.193164   0.200325
  0.144763   0.005007  -0.279913  -0.193573   0.197011
  0.149783   0.005035  -0.280345  -0.193993   0.193774
  0.154832   0.005063  -0.280776  -0.194423   0.190611
  0.159910   0.005093  -0.281206  -0.194864   0.187519
  0.165018   0.005123  -0.281635  -0.195316   0.184496
  0.170157   0.005155  -0.282064  -0.195779   0.181540
  0.175328   0.005188  -0.282491  -0.196253   0.178648
  0.180533   0.005222  -0.282917  -0.196738   0.175819
  0.185773   0.005258  -0.283342  -0.197236   0.173051
  0.191049   0.005295  -0.283766  -0.197745   0.170342
  0.196362   0.005333  -0.284189  -0.198267   0.167691
  0.201715   0.005372  -0.284610  -0.198801   0.165094
  0.207107   0.005413  -0.285029  -0.199348   0.162552
  0.212540   0.005455  -0.285447  -0.199908   0.160061
  0.218017   0.005498  -0.285863  -0.200481   0.157621
  0.223538   0.005543  -0.286277  -0.201068   0.155231
  0.229104   0.005590  -0.286689  -0.201669   0.152888
  0.234718   0.005638  -0.287099  -0.202285   0.150591
  0.240381   0.005688  -0.287507  -0.202915   0.148340
  0.246094   0.005739  -0.287912  -0.203560   0.146132
  0.251860   0.005792  -0.288315  -0.204220   0.143967
  0.257679   0.005847  -0.288715  -0.204896   0.141843
  0.263555   0.005904  -0.289111  -0.205588   0.139759
  0.269487   0.005962  -0.289505  -0.206297   0.137715
  0.275479   0.006022  -0.289895  -0.207023   0.135708
  0.281533   0.006085  -0.290281  -0.207766   0.133739
  0.287649   0.006149  -0.290663  -0.208527   0.131806
  0.293831   0.006215  -0.291041  -0.209306   0.129907
  0.300081   0.006284  -0.291415  -0.210104   0.128043
  0.306400   0.006355  -0.291784  -0.210921   0.126212
  0.312792   0.006428  -0.292148  -0.211758   0.124413
  0.319257   0.006504  -0.292506  -0.212616   0.122646
  0.325800   0.006582  -0.292858  -0.213494   0.120910
  0.332421   0.006662  -0.293204  -0.214394   0.119203
  0.339125   0.006745  -0.293544  -0.215316   0.117526
  0.345913   0.006831  -0.293877  -0.216260   0.115877
  0.352788   0.006920  -0.294202  -0.217228   0.114256
  0.359754   0.007012  -0.294519  -0.218220   0.112662
  0.366813   0.007106  -0.294827  -0.219236   0.111095
  0.373968   0.007204  -0.295126  -0.220278   0.109553
  0.381223   0.007306  -0.295416  -0.221346   0.108036
  0.388580   0.007410  -0.295695  -0.222441   0.106543
  0.396044   0.007519  -0.295963  -0.223564   0.105075
  0.403619   0.007631  -0.296219  -0.224715   0.103630
  0.411307   0.007746  -0.296463  -0.225895   0.102207
  0.419113   0.007866  -0.296693  -0.227106   0.100807
  0.427040   0.007990  -0.296909  -0.228348   0.099428
  0.435094   0.008118  -0.297109  -0.229622   0.098071
  0.443279   0.008251  -0.297294  -0.230929   0.096734
  0.451598   0.008389  -0.297460  -0.232269   0.095417
  0.460058   0.008531  -0.297609  -0.233645   0.094120
  0.468663   0.008679  -0.297737  -0.235057   0.092842
  0.477418   0.008832  -0.297844  -0.236507   0.091582
  0.486329   0.008991  -0.297929  -0.237994   0.090341
  0.495401   0.009155  -0.297989  -0.239521   0.089118
  0.504641   0.009326  -0.298024  -0.241089   0.087912
  0.514056   0.009503  -0.298031  -0.242698   0.086723
  0.523651   0.009687  -0.298009  -0.244351   0.085551
  0.533433   0.009878  -0.297955  -0.246048   0.084394
  0.543410   0.010077  -0.297868  -0.247792   0.083253
  0.553589   0.010283  -0.297745  -0.249582   0.082128
  0.563979   0.010498  -0.297583  -0.251420   0.081017
  0.574588   0.010721  -0.297381  -0.253309   0.079920
  0.585425   0.010953  -0.297134  -0.255249   0.078838
  0.596498   0.011195  -0.296841  -0.257241   0.077769
  0.607819   0.011447  -0.296497  -0.259288   0.076713
  0.619397   0.011710  -0.296099  -0.261391   0.075670
  0.631242   0.011984  -0.295644  -0.263550   0.074639
  0.643368   0.012269  -0.295127  -0.265768   0.073620
  0.655785   0.012567  -0.294544  -0.268046   0.072612
  0.668507   0.012879  -0.293890  -0.270385   0.071615
  0.681547   0.013204  -0.293159  -0.272787   0.070628
  0.694920   0.013544  -0.292348  -0.275252   0.069651
  0.708641   0.013900  -0.291449  -0.277783   0.068684
  0.722726   0.014273  -0.290456  -0.280379   0.067725
  0.737192   0.014663  -0.289362  -0.283043   0.066775
  0.752058   0.015072  -0.288161  -0.285774   0.065832
  0.767343   0.015501  -0.286843  -0.288573   0.064896
  0.783068   0.015952  -0.285401  -0.291441   0.063967
  0.799254   0.016425  -0.283825  -0.294377   0.063043
  0.815926   0.016923  -0.282106  -0.297381   0.062124
  0.833108   0.017446  -0.280232  -0.300452   0.061209
  0.850828   0.017998  -0.278193  -0.303589   0.060297
  0.869114   0.018579  -0.275976  -0.306790   0.059387
  0.887996   0.019192  -0.273567  -0.310051   0.058478
  0.907509   0.019840  -0.270954  -0.313370   0.057569
  0.927688   0.020524  -0.268120  -0.316742   0.056659
  0.948570   0.021248  -0.265049  -0.320161   0.055747
  0.970198   0.022015  -0.261725  -0.323621   0.054830
  0.992616   0.022828  -0.258129  -0.327113   0.053908
  1.015871   0.023691  -0.254241  -0.330626   0.052978
  1.040016   0.024609  -0.250041  -0.334148   0.052039
  1.065108   0.025585  -0.245507  -0.337665   0.051088
  1.091207   0.026625  -0.240618  -0.341159   0.050124
  1.118380   0.027734  -0.235348  -0.344610   0.049144
  1.146700   0.028920  -0.229674  -0.347994   0.048145
  1.176247   0.030188  -0.223571  -0.351284   0.047123
  1.207107   0.031547  -0.217013  -0.354446   0.046077
  1.239375   0.033006  -0.209976  -0.357444   0.045003
  1.273156   0.034575  -0.202435  -0.360235   0.043896
  1.308564   0.036264  -0.194366  -0.362770   0.042752
  1.345728   0.038087  -0.185749  -0.364993   0.041568
  1.384788   0.040058  -0.176564  -0.366842   0.040340
  1.425899   0.042193  -0.166797  -0.368245   0.039061
  1.469235   0.044512  -0.156440  -0.369123   0.037729
  1.514990   0.047035  -0.145490  -0.369389   0.036338
  1.563382   0.049788  -0.133956  -0.368946   0.034884
  1.614652   0.052799  -0.121854  -0.367690   0.033364
  1.669077   0.056102  -0.109218  -0.365508   0.031774
  1.726966   0.059735  -0.096094  -0.362278   0.030114
  1.788672   0.063744  -0.082550  -0.357877   0.028381
  1.854597   0.068182  -0.068673  -0.352174   0.026579
  1.925201   0.073114  -0.054577  -0.345038   0.024711
  2.001014   0.078615  -0.040402  -0.336342   0.022785
  2.082650   0.084776  -0.026316  -0.325961   0.020811
  2.170822   0.091706  -0.012521  -0.313784   0.018802
  2.266363   0.099541   0.000744  -0.299712   0.016778
  2.370258   0.108443   0.013204  -0.283669   0.014760
  2.483672   0.118616   0.024541  -0.265609   0.012772
  2.607998   0.130314   0.034389  -0.245525   0.010842
  2.744915   0.143858   0.042328  -0.223466   0.008999
  2.896465   0.159658   0.047879  -0.199566   0.007273
  3.065157   0.178243   0.050510  -0.174080   0.005694
  3.254108   0.200308   0.049655  -0.147445   0.004290
  3.467239   0.226781   0.044777  -0.120342   0.003084
  3.709553   0.258919   0.035497  -0.093744   0.002094
  3.987536   0.298460   0.021776  -0.068892   0.001326
  4.309749   0.347866   0.004114  -0.047124   0.000773
  4.687729   0.410713  -0.016375  -0.029549   0.000408
  5.137411   0.492361  -0.038134  -0.016688   0.000191
  5.681437   0.601129  -0.059578  -0.008294   0.000077
  6.353106   0.750507  -0.079520  -0.003490   0.000026
  7.203475   0.963546  -0.097386  -0.001145   0.000007
