#     w        dw   Re[sigma(w)] Im[sigma(w)] A(K,w)
 -7.203475   0.963546  -0.261311  -0.000335   0.000002
 -6.353106   0.750507  -0.272860  -0.001103   0.000010
 -5.681437   0.601129  -0.285177  -0.002659   0.000031
 -5.137411   0.492361  -0.298182  -0.005370   0.000079
 -4.687729   0.410713  -0.311643  -0.009589   0.000175
 -4.309749   0.347866  -0.325178  -0.015577   0.000346
 -3.987536   0.298460  -0.338310  -0.023442   0.000627
 -3.709553   0.258919  -0.350543  -0.033105   0.001056
 -3.467239   0.226781  -0.361453  -0.044318   0.001670
 -3.254108   0.200308  -0.370738  -0.056721   0.002506
 -3.065157   0.178243  -0.378244  -0.069906   0.003595
 -2.896465   0.159658  -0.383946  -0.083480   0.004962
 -2.744915   0.143858  -0.387922  -0.097103   0.006630
 -2.607998   0.130314  -0.390309  -0.110503   0.008614
 -2.483672   0.118616  -0.391278  -0.123477   0.010929
 -2.370258   0.108443  -0.391007  -0.135882   0.013583
 -2.266363   0.099541  -0.389668  -0.147623   0.016586
 -2.170822   0.091706  -0.387423  -0.158642   0.019941
 -2.082650   0.084776  -0.384416  -0.168909   0.023652
 -2.001014   0.078615  -0.380777  -0.178413   0.027718
 -1.925201   0.073114  -0.376620  -0.187155   0.032138
 -1.854597   0.068182  -0.372047  -0.195148   0.036908
 -1.788672   0.063744  -0.367148  -0.202410   0.042026
 -1.726966   0.059735  -0.362002  -0.208966   0.047484
 -1.669077   0.056102  -0.356680  -0.214845   0.053278
 -1.614652   0.052799  -0.351243  -0.220077   0.059403
 -1.563382   0.049788  -0.345747  -0.224696   0.065855
 -1.514990   0.047035  -0.340238  -0.228736   0.072630
 -1.469235   0.044512  -0.334759  -0.232232   0.079728
 -1.425899   0.042193  -0.329345  -0.235220   0.087149
 -1.384788   0.040058  -0.324026  -0.237736   0.094897
 -1.345728   0.038087  -0.318829  -0.239815   0.102979
 -1.308564   0.036264  -0.313774  -0.241493   0.111404
 -1.273156   0.034575  -0.308879  -0.242803   0.120183
 -1.239375   0.033006  -0.304156  -0.243777   0.129333
 -1.207107   0.031547  -0.299617  -0.244446   0.138872
 -1.176247   0.030188  -0.295269  -0.244841   0.148823
 -1.146700   0.028920  -0.291116  -0.244989   0.159209
 -1.118380   0.027734  -0.287160  -0.244916   0.170060
 -1.091207   0.026625  -0.283403  -0.244647   0.181406
 -1.065108   0.025585  -0.279843  -0.244206   0.193284
 -1.040016   0.024609  -0.276478  -0.243612   0.205730
 -1.015871   0.023691  -0.273305  -0.242886   0.218786
 -0.992616   0.022828  -0.270318  -0.242044   0.232497
 -0.970198   0.022015  -0.267512  -0.241105   0.246911
 -0.948570   0.021248  -0.264882  -0.240081   0.262078
 -0.927688   0.020524  -0.262422  -0.238988   0.278054
 -0.907509   0.019840  -0.260124  -0.237836   0.294896
 -0.887996   0.019192  -0.257982  -0.236637   0.312665
 -0.869114   0.018579  -0.255990  -0.235401   0.331426
 -0.850828   0.017998  -0.254140  -0.234135   0.351246
 -0.833108   0.017446  -0.252425  -0.232849   0.372195
 -0.815926   0.016923  -0.250840  -0.231548   0.394345
 -0.799254   0.016425  -0.249376  -0.230240   0.417772
 -0.783068   0.015952  -0.248029  -0.228929   0.442552
 -0.767343   0.015501  -0.246791  -0.227620   0.468760
 -0.752058   0.015072  -0.245657  -0.226317   0.496474
 -0.737192   0.014663  -0.244620  -0.225024   0.525766
 -0.722726   0.014273  -0.243676  -0.223743   0.556709
 -0.708641   0.013900  -0.242818  -0.222478   0.589365
 -0.694920   0.013544  -0.242043  -0.221231   0.623793
 -0.681547   0.013204  -0.241344  -0.220004   0.660037
 -0.668507   0.012879  -0.240718  -0.218797   0.698128
 -0.655785   0.012567  -0.240160  -0.217614   0.738078
 -0.643368   0.012269  -0.239666  -0.216454   0.779874
 -0.631242   0.011984  -0.239232  -0.215319   0.823475
 -0.619397   0.011710  -0.238854  -0.214208   0.868805
 -0.607819   0.011447  -0.238529  -0.213124   0.915748
 -0.596498   0.011195  -0.238254  -0.212066   0.964140
 -0.585425   0.010953  -0.238025  -0.211034   1.013765
 -0.574588   0.010721  -0.237839  -0.210028   1.064350
 -0.563979   0.010498  -0.237695  -0.209049   1.115560
 -0.553589   0.010283  -0.237589  -0.208096   1.166998
 -0.543410   0.010077  -0.237518  -0.207170   1.218202
 -0.533433   0.009878  -0.237481  -0.206270   1.268652
 -0.523651   0.009687  -0.237476  -0.205395   1.317779
 -0.514056   0.009503  -0.237499  -0.204546   1.364970
 -0.504641   0.009326  -0.237551  -0.203722   1.409593
 -0.495401   0.009155  -0.237628  -0.202923   1.451007
 -0.486329   0.008991  -0.237729  -0.202149   1.488592
 -0.477418   0.008832  -0.237852  -0.201398   1.521771
 -0.468663   0.008679  -0.237996  -0.200671   1.550032
 -0.460058   0.008531  -0.238160  -0.199967   1.572954
 -0.451598   0.008389  -0.238343  -0.199285   1.590223
 -0.443279   0.008251  -0.238542  -0.198626   1.601650
 -0.435094   0.008118  -0.238758  -0.197988   1.607172
 -0.427040   0.007990  -0.238988  -0.197372   1.606855
 -0.419113   0.007866  -0.239232  -0.196776   1.600889
 -0.411307   0.007746  -0.239489  -0.196201   1.589572
 -0.403619   0.007631  -0.239759  -0.195645   1.573292
 -0.396044   0.007519  -0.240039  -0.195109   1.552511
 -0.388580   0.007410  -0.240330  -0.194591   1.527736
 -0.381223   0.007306  -0.240631  -0.194093   1.499505
 -0.373968   0.007204  -0.240941  -0.193612   1.468363
 -0.366813   0.007106  -0.241260  -0.193148   1.434842
 -0.359754   0.007012  -0.241586  -0.192702   1.399456
 -0.352788   0.006920  -0.241919  -0.192273   1.362681
 -0.345913   0.006831  -0.242260  -0.191859   1.324952
 -0.339125   0.006745  -0.242606  -0.191462   1.286661
 -0.332421   0.006662  -0.242959  -0.191081   1.248151
 -0.325800   0.006582  -0.243317  -0.190714   1.209717
 -0.319257   0.006504  -0.243680  -0.190362   1.171610
 -0.312792   0.006428  -0.244047  -0.190025   1.134039
 -0.306400   0.006355  -0.244419  -0.189702   1.097174
 -0.300081   0.006284  -0.244795  -0.189393   1.061149
 -0.293831   0.006215  -0.245174  -0.189097   1.026069
 -0.287649   0.006149  -0.245556  -0.188814   0.992011
 -0.281533   0.006085  -0.245942  -0.188544   0.959030
 -0.275479   0.006022  -0.246331  -0.188286   0.927160
 -0.269487   0.005962  -0.246722  -0.188041   0.896421
 -0.263555   0.005904  -0.247115  -0.187808   0.866817
 -0.257679   0.005847  -0.247510  -0.187586   0.838344
 -0.251860   0.005792  -0.247908  -0.187376   0.810986
 -0.246094   0.005739  -0.248307  -0.187177   0.784724
 -0.240381   0.005688  -0.248708  -0.186989   0.759529
 -0.234718   0.005638  -0.249110  -0.186812   0.735373
 -0.229104   0.005590  -0.249513  -0.186645   0.712221
 -0.223538   0.005543  -0.249918  -0.186489   0.690038
 -0.218017   0.005498  -0.250323  -0.186342   0.668788
 -0.212540   0.005455  -0.250729  -0.186206   0.648434
 -0.207107   0.005413  -0.251136  -0.186079   0.628938
 -0.201715   0.005372  -0.251544  -0.185961   0.610263
 -0.196362   0.005333  -0.251952  -0.185853   0.592373
 -0.191049   0.005295  -0.252361  -0.185754   0.575233
 -0.185773   0.005258  -0.252770  -0.185664   0.558807
 -0.180533   0.005222  -0.253180  -0.185583   0.543063
 -0.175328   0.005188  -0.253589  -0.185510   0.527968
 -0.170157   0.005155  -0.253999  -0.185446   0.513492
 -0.165018   0.005123  -0.254409  -0.185390   0.499604
 -0.159910   0.005093  -0.254818  -0.185343   0.486276
 -0.154832   0.005063  -0.255228  -0.185303   0.473480
 -0.149783   0.005035  -0.255638  -0.185272   0.461192
 -0.144763   0.005007  -0.256047  -0.185248   0.449387
 -0.139769   0.004981  -0.256457  -0.185232   0.438040
 -0.134800   0.004956  -0.256866  -0.185224   0.427131
 -0.129857   0.004932  -0.257275  -0.185224   0.416637
 -0.124937   0.004908  -0.257683  -0.185231   0.406540
 -0.120039   0.004886  -0.258092  -0.185245   0.396819
 -0.115164   0.004865  -0.258499  -0.185266   0.387457
 -0.110309   0.004845  -0.258907  -0.185295   0.378437
 -0.105474   0.004826  -0.259314  -0.185331   0.369743
 -0.100657   0.004807  -0.259721  -0.185374   0.361359
 -0.095859   0.004790  -0.260127  -0.185424   0.353272
 -0.091078   0.004773  -0.260533  -0.185481   0.345467
 -0.086312   0.004758  -0.260938  -0.185545   0.337931
 -0.081562   0.004743  -0.261343  -0.185615   0.330652
 -0.076826   0.004729  -0.261747  -0.185692   0.323619
 -0.072104   0.004716  -0.262151  -0.185777   0.316820
 -0.067394   0.004704  -0.262554  -0.185867   0.310245
 -0.062695   0.004693  -0.262957  -0.185965   0.303885
 -0.058008   0.004682  -0.263359  -0.186069   0.297729
 -0.053331   0.004673  -0.263761  -0.186179   0.291768
 -0.048663   0.004664  -0.264162  -0.186297   0.285995
 -0.044003   0.004656  -0.264563  -0.186420   0.280402
 -0.039351   0.004649  -0.264963  -0.186551   0.274980
 -0.034705   0.004642  -0.265362  -0.186688   0.269722
 -0.030066   0.004637  -0.265761  -0.186831   0.264623
 -0.025432   0.004632  -0.266159  -0.186981   0.259674
 -0.020802   0.004628  -0.266557  -0.187137   0.254870
 -0.016176   0.004625  -0.266954  -0.187300   0.250205
 -0.011552   0.004622  -0.267350  -0.187470   0.245674
 -0.006930   0.004621  -0.267746  -0.187646   0.241271
 -0.002310   0.004620  -0.268141  -0.187828   0.236991
  0.002310   0.004620  -0.268536  -0.188017   0.232829
  0.006930   0.004621  -0.268930  -0.188213   0.228780
  0.011552   0.004622  -0.269323  -0.188415   0.224841
  0.016176   0.004625  -0.269716  -0.188624   0.221007
  0.020802   0.004628  -0.270108  -0.188840   0.217274
  0.025432   0.004632  -0.270500  -0.189062   0.213638
  0.030066   0.004637  -0.270891  -0.189291   0.210096
  0.034705   0.004642  -0.271281  -0.189527   0.206644
  0.039351   0.004649  -0.271671  -0.189770   0.203279
  0.044003   0.004656  -0.272060  -0.190020   0.199998
  0.048663   0.004664  -0.272448  -0.190276   0.196798
  0.053331   0.004673  -0.272836  -0.190540   0.193675
  0.058008   0.004682  -0.273223  -0.190811   0.190628
  0.062695   0.004693  -0.273609  -0.191089   0.187653
  0.067394   0.004704  -0.273995  -0.191374   0.184748
  0.072104   0.004716  -0.274380  -0.191666   0.181911
  0.076826   0.004729  -0.274764  -0.191966   0.179139
  0.081562   0.004743  -0.275148  -0.192274   0.176430
  0.086312   0.004758  -0.275531  -0.192589   0.173782
  0.091078   0.004773  -0.275913  -0.192911   0.171193
  0.095859   0.004790  -0.276294  -0.193242   0.168660
  0.100657   0.004807  -0.276675  -0.193580   0.166183
  0.105474   0.004826  -0.277055  -0.193926   0.163760
  0.110309   0.004845  -0.277434  -0.194281   0.161388
  0.115164   0.004865  -0.277812  -0.194644   0.159066
  0.120039   0.004886  -0.278189  -0.195015   0.156792
  0.124937   0.004908  -0.278565  -0.195394   0.154565
  0.129857   0.004932  -0.278940  -0.195782   0.152384
  0.134800   0.004956  -0.279314  -0.196179   0.150246
  0.139769   0.004981  -0.279688  -0.196585   0.148152
  0.144763   0.005007  -0.280060  -0.197000   0.146098
  0.149783   0.005035  -0.280431  -0.197425   0.144085
  0.154832   0.005063  -0.280801  -0.197858   0.142111
  0.159910   0.005093  -0.281169  -0.198302   0.140174
  0.165018   0.005123  -0.281537  -0.198755   0.138275
  0.170157   0.005155  -0.281903  -0.199218   0.136411
  0.175328   0.005188  -0.282268  -0.199691   0.134581
  0.180533   0.005222  -0.282631  -0.200175   0.132785
  0.185773   0.005258  -0.282992  -0.200669   0.131022
  0.191049   0.005295  -0.283352  -0.201174   0.129290
  0.196362   0.005333  -0.283711  -0.201691   0.127589
  0.201715   0.005372  -0.284067  -0.202218   0.125918
  0.207107   0.005413  -0.284422  -0.202757   0.124276
  0.212540   0.005455  -0.284775  -0.203308   0.122663
  0.218017   0.005498  -0.285126  -0.203871   0.121077
  0.223538   0.005543  -0.285474  -0.204446   0.119518
  0.229104   0.005590  -0.285820  -0.205034   0.117985
  0.234718   0.005638  -0.286164  -0.205634   0.116478
  0.240381   0.005688  -0.286505  -0.206248   0.114995
  0.246094   0.005739  -0.286843  -0.206876   0.113537
  0.251860   0.005792  -0.287179  -0.207517   0.112101
  0.257679   0.005847  -0.287511  -0.208173   0.110689
  0.263555   0.005904  -0.287840  -0.208843   0.109299
  0.269487   0.005962  -0.288166  -0.209528   0.107931
  0.275479   0.006022  -0.288488  -0.210229   0.106584
  0.281533   0.006085  -0.288807  -0.210945   0.105257
  0.287649   0.006149  -0.289121  -0.211677   0.103951
  0.293831   0.006215  -0.289431  -0.212426   0.102664
  0.300081   0.006284  -0.289737  -0.213192   0.101397
  0.306400   0.006355  -0.290037  -0.213976   0.100148
  0.312792   0.006428  -0.290333  -0.214777   0.098917
  0.319257   0.006504  -0.290623  -0.215597   0.097705
  0.325800   0.006582  -0.290907  -0.216435   0.096509
  0.332421   0.006662  -0.291185  -0.217294   0.095331
  0.339125   0.006745  -0.291457  -0.218172   0.094169
  0.345913   0.006831  -0.291722  -0.219071   0.093023
  0.352788   0.006920  -0.291979  -0.219991   0.091893
  0.359754   0.007012  -0.292229  -0.220933   0.090779
  0.366813   0.007106  -0.292471  -0.221897   0.089679
  0.373968   0.007204  -0.292704  -0.222884   0.088595
  0.381223   0.007306  -0.292927  -0.223895   0.087524
  0.388580   0.007410  -0.293141  -0.224931   0.086468
  0.396044   0.007519  -0.293344  -0.225992   0.085425
  0.403619   0.007631  -0.293536  -0.227078   0.084396
  0.411307   0.007746  -0.293716  -0.228192   0.083380
  0.419113   0.007866  -0.293884  -0.229333   0.082377
  0.427040   0.007990  -0.294038  -0.230502   0.081386
  0.435094   0.008118  -0.294178  -0.231701   0.080408
  0.443279   0.008251  -0.294302  -0.232930   0.079442
  0.451598   0.008389  -0.294411  -0.234190   0.078487
  0.460058   0.008531  -0.294502  -0.235482   0.077544
  0.468663   0.008679  -0.294575  -0.236808   0.076611
  0.477418   0.008832  -0.294628  -0.238167   0.075690
  0.486329   0.008991  -0.294660  -0.239562   0.074780
  0.495401   0.009155  -0.294671  -0.240993   0.073879
  0.504641   0.009326  -0.294657  -0.242461   0.072989
  0.514056   0.009503  -0.294618  -0.243968   0.072109
  0.523651   0.009687  -0.294553  -0.245515   0.071239
  0.533433   0.009878  -0.294458  -0.247103   0.070377
  0.543410   0.010077  -0.294333  -0.248733   0.069526
  0.553589   0.010283  -0.294175  -0.250407   0.068683
  0.563979   0.010498  -0.293982  -0.252126   0.067848
  0.574588   0.010721  -0.293752  -0.253892   0.067022
  0.585425   0.010953  -0.293481  -0.255705   0.066205
  0.596498   0.011195  -0.293168  -0.257567   0.065395
  0.607819   0.011447  -0.292808  -0.259480   0.064593
  0.619397   0.011710  -0.292400  -0.261446   0.063798
  0.631242   0.011984  -0.291939  -0.263465   0.063010
  0.643368   0.012269  -0.291422  -0.265539   0.062229
  0.655785   0.012567  -0.290845  -0.267670   0.061455
  0.668507   0.012879  -0.290203  -0.269859   0.060687
  0.681547   0.013204  -0.289491  -0.272108   0.059925
  0.694920   0.013544  -0.288706  -0.274418   0.059169
  0.708641   0.013900  -0.287840  -0.276790   0.058418
  0.722726   0.014273  -0.286889  -0.279226   0.057672
  0.737192   0.014663  -0.285846  -0.281727   0.056930
  0.752058   0.015072  -0.284704  -0.284293   0.056193
  0.767343   0.015501  -0.283456  -0.286927   0.055459
  0.783068   0.015952  -0.282093  -0.289629   0.054729
  0.799254   0.016425  -0.280608  -0.292398   0.054001
  0.815926   0.016923  -0.278990  -0.295236   0.053276
  0.833108   0.017446  -0.277231  -0.298143   0.052552
  0.850828   0.017998  -0.275318  -0.301117   0.051829
  0.869114   0.018579  -0.273241  -0.304158   0.051106
  0.887996   0.019192  -0.270986  -0.307264   0.050383
  0.907509   0.019840  -0.268540  -0.310432   0.049658
  0.927688   0.020524  -0.265888  -0.313661   0.048931
  0.948570   0.021248  -0.263015  -0.316944   0.048201
  0.970198   0.022015  -0.259903  -0.320278   0.047467
  0.992616   0.022828  -0.256535  -0.323655   0.046727
  1.015871   0.023691  -0.252890  -0.327068   0.045980
  1.040016   0.024609  -0.248949  -0.330505   0.045224
  1.065108   0.025585  -0.244689  -0.333955   0.044459
  1.091207   0.026625  -0.240086  -0.337403   0.043681
  1.118380   0.027734  -0.235116  -0.340831   0.042890
  1.146700   0.028920  -0.229753  -0.344219   0.042082
  1.176247   0.030188  -0.223971  -0.347541   0.041255
  1.207107   0.031547  -0.217740  -0.350767   0.040408
  1.239375   0.033006  -0.211033  -0.353865   0.039535
  1.273156   0.034575  -0.203821  -0.356793   0.038635
  1.308564   0.036264  -0.196076  -0.359505   0.037704
  1.345728   0.038087  -0.187771  -0.361947   0.036738
  1.384788   0.040058  -0.178882  -0.364059   0.035733
  1.425899   0.042193  -0.169385  -0.365768   0.034684
  1.469235   0.044512  -0.159265  -0.366995   0.033587
  1.514990   0.047035  -0.148511  -0.367651   0.032437
  1.563382   0.049788  -0.137120  -0.367634   0.031230
  1.614652   0.052799  -0.125102  -0.366833   0.029962
  1.669077   0.056102  -0.112479  -0.365126   0.028627
  1.726966   0.059735  -0.099292  -0.362381   0.027224
  1.788672   0.063744  -0.085600  -0.358458   0.025750
  1.854597   0.068182  -0.071490  -0.353210   0.024205
  1.925201   0.073114  -0.057074  -0.346486   0.022589
  2.001014   0.078615  -0.042498  -0.338136   0.020909
  2.082650   0.084776  -0.027944  -0.328014   0.019170
  2.170822   0.091706  -0.013633  -0.315990   0.017385
  2.266363   0.099541   0.000171  -0.301949   0.015569
  2.370258   0.108443   0.013158  -0.285806   0.013741
  2.483672   0.118616   0.024972  -0.267515   0.011926
  2.607998   0.130314   0.035207  -0.247086   0.010149
  2.744915   0.143858   0.043405  -0.224598   0.008441
  2.896465   0.159658   0.049064  -0.200231   0.006834
  3.065157   0.178243   0.051640  -0.174299   0.005357
  3.254108   0.200308   0.050589  -0.147300   0.004040
  3.467239   0.226781   0.045423  -0.119968   0.002908
  3.709553   0.258919   0.035835  -0.093297   0.001978
  3.987536   0.298460   0.021863  -0.068507   0.001256
  4.309749   0.347866   0.004057  -0.046873   0.000735
  4.687729   0.410713  -0.016471  -0.029433   0.000390
  5.137411   0.492361  -0.038206  -0.016658   0.000183
  5.681437   0.601129  -0.059611  -0.008297   0.000075
  6.353106   0.750507  -0.079528  -0.003496   0.000025
  7.203475   0.963546  -0.097386  -0.001145   0.000006
