#     w        dw   Re[sigma(w)] Im[sigma(w)] A(K,w)
 -7.203475   0.963546  -0.262028  -0.000339   0.000002
 -6.353106   0.750507  -0.273842  -0.001123   0.000009
 -5.681437   0.601129  -0.286501  -0.002727   0.000026
 -5.137411   0.492361  -0.299938  -0.005549   0.000064
 -4.687729   0.410713  -0.313922  -0.009990   0.000140
 -4.309749   0.347866  -0.328045  -0.016370   0.000271
 -3.987536   0.298460  -0.341770  -0.024846   0.000483
 -3.709553   0.258919  -0.354514  -0.035359   0.000798
 -3.467239   0.226781  -0.365753  -0.047640   0.001237
 -3.254108   0.200308  -0.375106  -0.061257   0.001813
 -3.065157   0.178243  -0.382375  -0.075709   0.002534
 -2.896465   0.159658  -0.387538  -0.090501   0.003401
 -2.744915   0.143858  -0.390706  -0.105203   0.004408
 -2.607998   0.130314  -0.392081  -0.119481   0.005546
 -2.483672   0.118616  -0.391904  -0.133098   0.006804
 -2.370258   0.108443  -0.390421  -0.145902   0.008169
 -2.266363   0.099541  -0.387867  -0.157810   0.009630
 -2.170822   0.091706  -0.384450  -0.168788   0.011173
 -2.082650   0.084776  -0.380352  -0.178834   0.012787
 -2.001014   0.078615  -0.375727  -0.187972   0.014463
 -1.925201   0.073114  -0.370703  -0.196235   0.016188
 -1.854597   0.068182  -0.365389  -0.203669   0.017955
 -1.788672   0.063744  -0.359873  -0.210320   0.019756
 -1.726966   0.059735  -0.354232  -0.216236   0.021581
 -1.669077   0.056102  -0.348525  -0.221467   0.023425
 -1.614652   0.052799  -0.342807  -0.226060   0.025282
 -1.563382   0.049788  -0.337120  -0.230060   0.027146
 -1.514990   0.047035  -0.331499  -0.233514   0.029013
 -1.469235   0.044512  -0.325974  -0.236462   0.030878
 -1.425899   0.042193  -0.320570  -0.238946   0.032740
 -1.384788   0.040058  -0.315306  -0.241003   0.034595
 -1.345728   0.038087  -0.310198  -0.242669   0.036442
 -1.308564   0.036264  -0.305258  -0.243980   0.038279
 -1.273156   0.034575  -0.300496  -0.244966   0.040106
 -1.239375   0.033006  -0.295918  -0.245659   0.041923
 -1.207107   0.031547  -0.291530  -0.246085   0.043729
 -1.176247   0.030188  -0.287332  -0.246272   0.045524
 -1.146700   0.028920  -0.283327  -0.246245   0.047311
 -1.118380   0.027734  -0.279514  -0.246025   0.049089
 -1.091207   0.026625  -0.275891  -0.245634   0.050859
 -1.065108   0.025585  -0.272455  -0.245091   0.052624
 -1.040016   0.024609  -0.269203  -0.244415   0.054385
 -1.015871   0.023691  -0.266130  -0.243621   0.056142
 -0.992616   0.022828  -0.263232  -0.242726   0.057899
 -0.970198   0.022015  -0.260503  -0.241741   0.059656
 -0.948570   0.021248  -0.257938  -0.240681   0.061416
 -0.927688   0.020524  -0.255530  -0.239556   0.063181
 -0.907509   0.019840  -0.253275  -0.238377   0.064951
 -0.887996   0.019192  -0.251166  -0.237154   0.066730
 -0.869114   0.018579  -0.249196  -0.235894   0.068518
 -0.850828   0.017998  -0.247360  -0.234606   0.070318
 -0.833108   0.017446  -0.245652  -0.233295   0.072133
 -0.815926   0.016923  -0.244066  -0.231970   0.073962
 -0.799254   0.016425  -0.242596  -0.230633   0.075810
 -0.783068   0.015952  -0.241237  -0.229292   0.077676
 -0.767343   0.015501  -0.239982  -0.227950   0.079564
 -0.752058   0.015072  -0.238828  -0.226610   0.081474
 -0.737192   0.014663  -0.237768  -0.225277   0.083409
 -0.722726   0.014273  -0.236798  -0.223954   0.085371
 -0.708641   0.013900  -0.235912  -0.222642   0.087361
 -0.694920   0.013544  -0.235108  -0.221344   0.089381
 -0.681547   0.013204  -0.234379  -0.220063   0.091432
 -0.668507   0.012879  -0.233723  -0.218799   0.093517
 -0.655785   0.012567  -0.233134  -0.217554   0.095638
 -0.643368   0.012269  -0.232610  -0.216330   0.097795
 -0.631242   0.011984  -0.232147  -0.215128   0.099991
 -0.619397   0.011710  -0.231741  -0.213948   0.102228
 -0.607819   0.011447  -0.231389  -0.212791   0.104507
 -0.596498   0.011195  -0.231088  -0.211658   0.106830
 -0.585425   0.010953  -0.230835  -0.210548   0.109199
 -0.574588   0.010721  -0.230628  -0.209463   0.111616
 -0.563979   0.010498  -0.230463  -0.208403   0.114083
 -0.553589   0.010283  -0.230339  -0.207367   0.116601
 -0.543410   0.010077  -0.230253  -0.206356   0.119173
 -0.533433   0.009878  -0.230202  -0.205370   0.121800
 -0.523651   0.009687  -0.230186  -0.204408   0.124485
 -0.514056   0.009503  -0.230201  -0.203471   0.127229
 -0.504641   0.009326  -0.230245  -0.202558   0.130034
 -0.495401   0.009155  -0.230318  -0.201669   0.132904
 -0.486329   0.008991  -0.230418  -0.200804   0.135839
 -0.477418   0.008832  -0.230542  -0.199963   0.138843
 -0.468663   0.008679  -0.230690  -0.199145   0.141917
 -0.460058   0.008531  -0.230860  -0.198350   0.145064
 -0.451598   0.008389  -0.231050  -0.197577   0.148286
 -0.443279   0.008251  -0.231260  -0.196826   0.151586
 -0.435094   0.008118  -0.231488  -0.196098   0.154967
 -0.427040   0.007990  -0.231734  -0.195391   0.158431
 -0.419113   0.007866  -0.231995  -0.194704   0.161980
 -0.411307   0.007746  -0.232272  -0.194039   0.165619
 -0.403619   0.007631  -0.232563  -0.193394   0.169349
 -0.396044   0.007519  -0.232868  -0.192769   0.173174
 -0.388580   0.007410  -0.233185  -0.192163   0.177096
 -0.381223   0.007306  -0.233514  -0.191577   0.181120
 -0.373968   0.007204  -0.233854  -0.191009   0.185249
 -0.366813   0.007106  -0.234204  -0.190460   0.189485
 -0.359754   0.007012  -0.234564  -0.189929   0.193834
 -0.352788   0.006920  -0.234933  -0.189415   0.198297
 -0.345913   0.006831  -0.235311  -0.188919   0.202880
 -0.339125   0.006745  -0.235696  -0.188439   0.207587
 -0.332421   0.006662  -0.236090  -0.187976   0.212421
 -0.325800   0.006582  -0.236490  -0.187530   0.217387
 -0.319257   0.006504  -0.236897  -0.187099   0.222490
 -0.312792   0.006428  -0.237310  -0.186684   0.227733
 -0.306400   0.006355  -0.237728  -0.186284   0.233123
 -0.300081   0.006284  -0.238152  -0.185899   0.238664
 -0.293831   0.006215  -0.238581  -0.185529   0.244361
 -0.287649   0.006149  -0.239015  -0.185173   0.250220
 -0.281533   0.006085  -0.239453  -0.184831   0.256247
 -0.275479   0.006022  -0.239895  -0.184503   0.262447
 -0.269487   0.005962  -0.240341  -0.184188   0.268827
 -0.263555   0.005904  -0.240791  -0.183886   0.275392
 -0.257679   0.005847  -0.241243  -0.183597   0.282150
 -0.251860   0.005792  -0.241699  -0.183321   0.289107
 -0.246094   0.005739  -0.242157  -0.183058   0.296271
 -0.240381   0.005688  -0.242619  -0.182807   0.303649
 -0.234718   0.005638  -0.243082  -0.182567   0.311248
 -0.229104   0.005590  -0.243548  -0.182340   0.319077
 -0.223538   0.005543  -0.244016  -0.182124   0.327143
 -0.218017   0.005498  -0.244485  -0.181919   0.335456
 -0.212540   0.005455  -0.244957  -0.181725   0.344025
 -0.207107   0.005413  -0.245430  -0.181543   0.352858
 -0.201715   0.005372  -0.245904  -0.181371   0.361965
 -0.196362   0.005333  -0.246380  -0.181209   0.371356
 -0.191049   0.005295  -0.246857  -0.181058   0.381042
 -0.185773   0.005258  -0.247335  -0.180918   0.391032
 -0.180533   0.005222  -0.247814  -0.180787   0.401339
 -0.175328   0.005188  -0.248295  -0.180666   0.411973
 -0.170157   0.005155  -0.248775  -0.180555   0.422946
 -0.165018   0.005123  -0.249257  -0.180454   0.434271
 -0.159910   0.005093  -0.249739  -0.180362   0.445959
 -0.154832   0.005063  -0.250222  -0.180280   0.458023
 -0.149783   0.005035  -0.250706  -0.180206   0.470477
 -0.144763   0.005007  -0.251189  -0.180142   0.483334
 -0.139769   0.004981  -0.251674  -0.180087   0.496608
 -0.134800   0.004956  -0.252158  -0.180041   0.510313
 -0.129857   0.004932  -0.252643  -0.180003   0.524463
 -0.124937   0.004908  -0.253128  -0.179975   0.539073
 -0.120039   0.004886  -0.253613  -0.179954   0.554157
 -0.115164   0.004865  -0.254099  -0.179943   0.569731
 -0.110309   0.004845  -0.254584  -0.179940   0.585808
 -0.105474   0.004826  -0.255069  -0.179945   0.602406
 -0.100657   0.004807  -0.255555  -0.179958   0.619537
 -0.095859   0.004790  -0.256041  -0.179980   0.637216
 -0.091078   0.004773  -0.256526  -0.180010   0.655459
 -0.086312   0.004758  -0.257011  -0.180048   0.674278
 -0.081562   0.004743  -0.257497  -0.180094   0.693687
 -0.076826   0.004729  -0.257982  -0.180147   0.713699
 -0.072104   0.004716  -0.258467  -0.180209   0.734324
 -0.067394   0.004704  -0.258952  -0.180279   0.755574
 -0.062695   0.004693  -0.259437  -0.180357   0.777456
 -0.058008   0.004682  -0.259921  -0.180442   0.799977
 -0.053331   0.004673  -0.260406  -0.180536   0.823144
 -0.048663   0.004664  -0.260890  -0.180637   0.846958
 -0.044003   0.004656  -0.261374  -0.180746   0.871419
 -0.039351   0.004649  -0.261858  -0.180862   0.896523
 -0.034705   0.004642  -0.262341  -0.180987   0.922264
 -0.030066   0.004637  -0.262824  -0.181119   0.948630
 -0.025432   0.004632  -0.263307  -0.181259   0.975605
 -0.020802   0.004628  -0.263790  -0.181407   1.003167
 -0.016176   0.004625  -0.264272  -0.181562   1.031291
 -0.011552   0.004622  -0.264754  -0.181725   1.059941
 -0.006930   0.004621  -0.265236  -0.181896   1.089078
 -0.002310   0.004620  -0.265717  -0.182075   1.118654
  0.002310   0.004620  -0.266198  -0.182262   1.148611
  0.006930   0.004621  -0.266679  -0.182456   1.178884
  0.011552   0.004622  -0.267159  -0.182658   1.209399
  0.016176   0.004625  -0.267639  -0.182869   1.240070
  0.020802   0.004628  -0.268119  -0.183087   1.270804
  0.025432   0.004632  -0.268598  -0.183313   1.301493
  0.030066   0.004637  -0.269077  -0.183547   1.332022
  0.034705   0.004642  -0.269555  -0.183790   1.362264
  0.039351   0.004649  -0.270033  -0.184041   1.392083
  0.044003   0.004656  -0.270511  -0.184299   1.421332
  0.048663   0.004664  -0.270988  -0.184567   1.449854
  0.053331   0.004673  -0.271464  -0.184842   1.477488
  0.058008   0.004682  -0.271941  -0.185126   1.504063
  0.062695   0.004693  -0.272416  -0.185419   1.529405
  0.067394   0.004704  -0.272892  -0.185720   1.553337
  0.072104   0.004716  -0.273366  -0.186030   1.575682
  0.076826   0.004729  -0.273841  -0.186349   1.596266
  0.081562   0.004743  -0.274314  -0.186676   1.614920
  0.086312   0.004758  -0.274787  -0.187013   1.631482
  0.091078   0.004773  -0.275260  -0.187359   1.645803
  0.095859   0.004790  -0.275732  -0.187714   1.657746
  0.100657   0.004807  -0.276203  -0.188079   1.667194
  0.105474   0.004826  -0.276673  -0.188453   1.674047
  0.110309   0.004845  -0.277143  -0.188836   1.678228
  0.115164   0.004865  -0.277612  -0.189230   1.679684
  0.120039   0.004886  -0.278080  -0.189634   1.678388
  0.124937   0.004908  -0.278548  -0.190047   1.674337
  0.129857   0.004932  -0.279014  -0.190471   1.667555
  0.134800   0.004956  -0.279480  -0.190905   1.658092
  0.139769   0.004981  -0.279944  -0.191350   1.646023
  0.144763   0.005007  -0.280408  -0.191806   1.631444
  0.149783   0.005035  -0.280870  -0.192273   1.614475
  0.154832   0.005063  -0.281332  -0.192751   1.595251
  0.159910   0.005093  -0.281792  -0.193240   1.573925
  0.165018   0.005123  -0.282251  -0.193741   1.550662
  0.170157   0.005155  -0.282708  -0.194254   1.525636
  0.175328   0.005188  -0.283164  -0.194779   1.499029
  0.180533   0.005222  -0.283618  -0.195316   1.471023
  0.185773   0.005258  -0.284071  -0.195866   1.441805
  0.191049   0.005295  -0.284522  -0.196428   1.411556
  0.196362   0.005333  -0.284972  -0.197004   1.380455
  0.201715   0.005372  -0.285419  -0.197593   1.348675
  0.207107   0.005413  -0.285864  -0.198196   1.316379
  0.212540   0.005455  -0.286307  -0.198812   1.283723
  0.218017   0.005498  -0.286748  -0.199443   1.250851
  0.223538   0.005543  -0.287187  -0.200088   1.217897
  0.229104   0.005590  -0.287622  -0.200748   1.184984
  0.234718   0.005638  -0.288055  -0.201424   1.152222
  0.240381   0.005688  -0.288485  -0.202115   1.119713
  0.246094   0.005739  -0.288912  -0.202822   1.087543
  0.251860   0.005792  -0.289335  -0.203545   1.055791
  0.257679   0.005847  -0.289755  -0.204285   1.024525
  0.263555   0.005904  -0.290172  -0.205042   0.993802
  0.269487   0.005962  -0.290584  -0.205817   0.963671
  0.275479   0.006022  -0.290992  -0.206609   0.934173
  0.281533   0.006085  -0.291395  -0.207421   0.905340
  0.287649   0.006149  -0.291794  -0.208251   0.877198
  0.293831   0.006215  -0.292187  -0.209100   0.849766
  0.300081   0.006284  -0.292576  -0.209969   0.823058
  0.306400   0.006355  -0.292958  -0.210859   0.797082
  0.312792   0.006428  -0.293334  -0.211770   0.771843
  0.319257   0.006504  -0.293704  -0.212702   0.747342
  0.325800   0.006582  -0.294067  -0.213656   0.723574
  0.332421   0.006662  -0.294422  -0.214633   0.700534
  0.339125   0.006745  -0.294770  -0.215633   0.678213
  0.345913   0.006831  -0.295109  -0.216657   0.656601
  0.352788   0.006920  -0.295440  -0.217706   0.635685
  0.359754   0.007012  -0.295761  -0.218780   0.615451
  0.366813   0.007106  -0.296072  -0.219880   0.595884
  0.373968   0.007204  -0.296373  -0.221007   0.576968
  0.381223   0.007306  -0.296662  -0.222161   0.558686
  0.388580   0.007410  -0.296940  -0.223343   0.541022
  0.396044   0.007519  -0.297204  -0.224555   0.523957
  0.403619   0.007631  -0.297455  -0.225796   0.507473
  0.411307   0.007746  -0.297692  -0.227068   0.491553
  0.419113   0.007866  -0.297913  -0.228372   0.476179
  0.427040   0.007990  -0.298118  -0.229708   0.461333
  0.435094   0.008118  -0.298305  -0.231078   0.446997
  0.443279   0.008251  -0.298474  -0.232482   0.433155
  0.451598   0.008389  -0.298623  -0.233922   0.419788
  0.460058   0.008531  -0.298751  -0.235398   0.406880
  0.468663   0.008679  -0.298857  -0.236912   0.394415
  0.477418   0.008832  -0.298939  -0.238464   0.382377
  0.486329   0.008991  -0.298995  -0.240056   0.370751
  0.495401   0.009155  -0.299025  -0.241690   0.359520
  0.504641   0.009326  -0.299026  -0.243365   0.348671
  0.514056   0.009503  -0.298995  -0.245084   0.338189
  0.523651   0.009687  -0.298932  -0.246847   0.328061
  0.533433   0.009878  -0.298834  -0.248656   0.318273
  0.543410   0.010077  -0.298699  -0.250513   0.308812
  0.553589   0.010283  -0.298524  -0.252417   0.299666
  0.563979   0.010498  -0.298307  -0.254372   0.290823
  0.574588   0.010721  -0.298044  -0.256377   0.282271
  0.585425   0.010953  -0.297732  -0.258436   0.273999
  0.596498   0.011195  -0.297369  -0.260548   0.265996
  0.607819   0.011447  -0.296951  -0.262715   0.258251
  0.619397   0.011710  -0.296473  -0.264939   0.250756
  0.631242   0.011984  -0.295932  -0.267220   0.243499
  0.643368   0.012269  -0.295324  -0.269561   0.236471
  0.655785   0.012567  -0.294643  -0.271962   0.229664
  0.668507   0.012879  -0.293885  -0.274425   0.223068
  0.681547   0.013204  -0.293044  -0.276951   0.216676
  0.694920   0.013544  -0.292115  -0.279540   0.210479
  0.708641   0.013900  -0.291091  -0.282194   0.204468
  0.722726   0.014273  -0.289965  -0.284914   0.198637
  0.737192   0.014663  -0.288730  -0.287699   0.192978
  0.752058   0.015072  -0.287379  -0.290551   0.187483
  0.767343   0.015501  -0.285902  -0.293470   0.182146
  0.783068   0.015952  -0.284292  -0.296455   0.176960
  0.799254   0.016425  -0.282538  -0.299506   0.171917
  0.815926   0.016923  -0.280630  -0.302621   0.167012
  0.833108   0.017446  -0.278557  -0.305800   0.162237
  0.850828   0.017998  -0.276307  -0.309041   0.157587
  0.869114   0.018579  -0.273867  -0.312340   0.153055
  0.887996   0.019192  -0.271223  -0.315694   0.148635
  0.907509   0.019840  -0.268362  -0.319098   0.144320
  0.927688   0.020524  -0.265267  -0.322548   0.140104
  0.948570   0.021248  -0.261921  -0.326035   0.135981
  0.970198   0.022015  -0.258308  -0.329553   0.131945
  0.992616   0.022828  -0.254408  -0.333090   0.127989
  1.015871   0.023691  -0.250201  -0.336635   0.124107
  1.040016   0.024609  -0.245667  -0.340174   0.120291
  1.065108   0.025585  -0.240785  -0.343690   0.116536
  1.091207   0.026625  -0.235530  -0.347163   0.112834
  1.118380   0.027734  -0.229880  -0.350571   0.109178
  1.146700   0.028920  -0.223811  -0.353887   0.105560
  1.176247   0.030188  -0.217298  -0.357081   0.101972
  1.207107   0.031547  -0.210316  -0.360116   0.098408
  1.239375   0.033006  -0.202843  -0.362952   0.094857
  1.273156   0.034575  -0.194854  -0.365542   0.091312
  1.308564   0.036264  -0.186330  -0.367833   0.087764
  1.345728   0.038087  -0.177250  -0.369765   0.084203
  1.384788   0.040058  -0.167601  -0.371270   0.080622
  1.425899   0.042193  -0.157373  -0.372272   0.077011
  1.469235   0.044512  -0.146563  -0.372688   0.073362
  1.514990   0.047035  -0.135175  -0.372423   0.069667
  1.563382   0.049788  -0.123226  -0.371378   0.065920
  1.614652   0.052799  -0.110745  -0.369443   0.062117
  1.669077   0.056102  -0.097776  -0.366500   0.058254
  1.726966   0.059735  -0.084382  -0.362429   0.054334
  1.788672   0.063744  -0.070646  -0.357102   0.050360
  1.854597   0.068182  -0.056678  -0.350394   0.046343
  1.925201   0.073114  -0.042612  -0.342178   0.042296
  2.001014   0.078615  -0.028613  -0.332338   0.038243
  2.082650   0.084776  -0.014878  -0.320768   0.034211
  2.170822   0.091706  -0.001634  -0.307383   0.030235
  2.266363   0.099541   0.010853  -0.292120   0.026354
  2.370258   0.108443   0.022289  -0.274953   0.022614
  2.483672   0.118616   0.032340  -0.255896   0.019061
  2.607998   0.130314   0.040646  -0.235019   0.015740
  2.744915   0.143858   0.046814  -0.212460   0.012697
  2.896465   0.159658   0.050427  -0.188445   0.009966
  3.065157   0.178243   0.051059  -0.163316   0.007578
  3.254108   0.200308   0.048301  -0.137557   0.005548
  3.467239   0.226781   0.041815  -0.111834   0.003884
  3.709553   0.258919   0.031422  -0.087003   0.002575
  3.987536   0.298460   0.017225  -0.064079   0.001600
  4.309749   0.347866  -0.000271  -0.044106   0.000918
  4.687729   0.410713  -0.020112  -0.027938   0.000479
  5.137411   0.492361  -0.041013  -0.015983   0.000223
  5.681437   0.601129  -0.061636  -0.008052   0.000090
  6.353106   0.750507  -0.080932  -0.003428   0.000030
  7.203475   0.963546  -0.098344  -0.001130   0.000008
