 Results for nuse,nreal,run,beta,isign
          16           8         180   2.00000000000000                1
  
 warm,mcskip,meas,ntr,run
          80           4         643        4000         180
  
 tprime,ed,U,beta,sus
    0.000  0.4136   1.500   2.000    1.000
  
  
    tau      Gtau(n)          +/-       curt  skew  prob
 Real Greens function ReGw
    1.5708 -0.5651617E-01  0.1389858E-04 -0.45  0.15 0.367802E+00
    4.7124 -0.1135588E-01  0.1620000E-05 -0.24  0.06 0.892436E+00
    7.8540 -0.4375898E-02  0.6115410E-06  0.03  0.15 0.435382E+00
   10.9956 -0.2278304E-02  0.3228322E-06  0.67  0.40 0.159713E-01
   14.1372 -0.1389831E-02  0.1992492E-06 -0.09  0.07 0.818265E+00
   17.2788 -0.9342112E-03  0.1317637E-06 -0.46  0.17 0.778708E+00
   20.4204 -0.6705261E-03  0.9156262E-07 -0.45 -0.16 0.966391E+00
   23.5619 -0.5044505E-03  0.6864486E-07 -0.31 -0.19 0.827362E+00
 Imaginary Greens function ImGw
    1.5708 -0.5269375E+00  0.4353254E-04 -0.44  0.02 0.801351E+00
    4.7124 -0.2059263E+00  0.5013171E-05  0.22 -0.11 0.561915E+00
    7.8540 -0.1258861E+00  0.1913479E-05 -0.14  0.08 0.364066E+00
   10.9956 -0.9041329E-01  0.9133350E-06 -0.31  0.06 0.948389E+00
   14.1372 -0.7048406E-01  0.5486672E-06 -0.38  0.06 0.642912E+00
   17.2788 -0.5773579E-01  0.3711058E-06  0.41 -0.16 0.467143E+00
   20.4204 -0.4888693E-01  0.2618523E-06  0.13  0.13 0.582122E+00
   23.5619 -0.4238606E-01  0.2101100E-06 -0.42  0.24 0.846174E+00
  
  Covariance data 
    i     j     Gij-GiGj        +/-
    1     1   0.3457751E-07   0.3250443E-08
    1     2  -0.6580490E-09   0.2914665E-09
    1     3  -0.2698570E-09   0.1052098E-09
    1     4  -0.1818952E-09   0.5791238E-10
    1     5  -0.1157271E-09   0.3430655E-10
    1     6  -0.8907690E-10   0.2252053E-10
    1     7  -0.5565265E-10   0.1572181E-10
    1     8  -0.4219376E-10   0.1302010E-10
    1     9   0.8085051E-07   0.8695526E-08
    1    10   0.3719762E-08   0.1010153E-08
    1    11   0.5867276E-09   0.3967464E-09
    1    12   0.5120150E-09   0.1632141E-09
    1    13   0.2415097E-09   0.1043720E-09
    1    14   0.1480450E-09   0.7199923E-10
    1    15   0.2318075E-10   0.5022871E-10
    1    16   0.1226857E-10   0.3944324E-10
    2     2   0.4697675E-09   0.4702122E-10
    2     3   0.1168244E-09   0.1578253E-10
    2     4   0.5456582E-10   0.9018572E-11
    2     5   0.3242848E-10   0.4959613E-11
    2     6   0.2324263E-10   0.3387853E-11
    2     7   0.1358454E-10   0.2169133E-11
    2     8   0.1051337E-10   0.1632482E-11
    2     9  -0.7629800E-08   0.1162224E-08
    2    10   0.1136458E-09   0.1267039E-09
    2    11   0.6194138E-10   0.4021367E-10
    2    12   0.3029536E-10   0.2148160E-10
    2    13   0.9108905E-11   0.1173517E-10
    2    14   0.1910027E-10   0.8564994E-11
    2    15   0.4138385E-11   0.5495905E-11
    2    16  -0.4566988E-11   0.4471901E-11
    3     3   0.6694283E-10   0.7187714E-11
    3     4   0.2591074E-10   0.3663251E-11
    3     5   0.1475809E-10   0.2075925E-11
    3     6   0.9755699E-11   0.1235843E-11
    3     7   0.6685131E-11   0.8438367E-12
    3     8   0.4953642E-11   0.6582135E-12
    3     9  -0.2807078E-08   0.3913223E-09
    3    10  -0.2210133E-09   0.4708037E-10
    3    11   0.6760502E-11   0.1587874E-10
    3    12   0.5874275E-11   0.8108323E-11
    3    13   0.1632101E-11   0.4653322E-11
    3    14   0.3768813E-11   0.3290917E-11
    3    15   0.1281668E-11   0.2231377E-11
    3    16  -0.2551178E-12   0.1628045E-11
    4     4   0.1865550E-10   0.2294786E-11
    4     5   0.8507264E-11   0.1142176E-11
    4     6   0.5621432E-11   0.6942845E-12
    4     7   0.3738614E-11   0.4647133E-12
    4     8   0.2789127E-11   0.3605877E-12
    4     9  -0.1496802E-08   0.2206108E-09
    4    10  -0.1081209E-09   0.2829435E-10
    4    11  -0.3881502E-10   0.8590258E-11
    4    12  -0.1053830E-11   0.4308620E-11
    4    13   0.1185494E-11   0.2417556E-11
    4    14   0.1980667E-11   0.1853883E-11
    4    15   0.1687953E-11   0.1157107E-11
    4    16   0.4252340E-12   0.8425648E-12
    5     5   0.7106342E-11   0.7398963E-12
    5     6   0.3553350E-11   0.3906707E-12
    5     7   0.2353280E-11   0.2645390E-12
    5     8   0.1784473E-11   0.2204476E-12
    5     9  -0.9464857E-09   0.1281798E-09
    5    10  -0.5964456E-10   0.1542897E-10
    5    11  -0.1724447E-10   0.4706182E-11
    5    12  -0.1087990E-10   0.2540779E-11
    5    13   0.1209689E-11   0.1596928E-11
    5    14   0.1806211E-11   0.1046624E-11
    5    15   0.5348299E-12   0.6925382E-12
    5    16   0.5339306E-12   0.5084033E-12
    6     6   0.3107741E-11   0.2912219E-12
    6     7   0.1620684E-11   0.1764249E-12
    6     8   0.1199788E-11   0.1329498E-12
    6     9  -0.6703318E-09   0.8633764E-10
    6    10  -0.3773053E-10   0.8657933E-11
    6    11  -0.1140643E-10   0.3209413E-11
    6    12  -0.4927229E-11   0.1628879E-11
    6    13  -0.3520782E-11   0.9634758E-12
    6    14   0.4024350E-12   0.6076653E-12
    6    15   0.1154514E-11   0.4921290E-12
    6    16   0.5655607E-12   0.3815963E-12
    7     7   0.1500685E-11   0.1409277E-12
    7     8   0.8700559E-12   0.9507076E-13
    7     9  -0.4278811E-09   0.5428412E-10
    7    10  -0.2750083E-10   0.6946383E-11
    7    11  -0.6188301E-11   0.2254055E-11
    7    12  -0.3212215E-11   0.1084913E-11
    7    13  -0.1490519E-11   0.6486633E-12
    7    14  -0.1189234E-11   0.4616921E-12
    7    15   0.3356151E-12   0.3150231E-12
    7    16   0.9959366E-12   0.2528316E-12
    8     8   0.8434688E-12   0.8258392E-13
    8     9  -0.2995643E-09   0.4289873E-10
    8    10  -0.2120717E-10   0.4654334E-11
    8    11  -0.5275192E-11   0.1847697E-11
    8    12  -0.1988374E-11   0.8665686E-12
    8    13  -0.8364654E-12   0.5140702E-12
    8    14  -0.6568486E-12   0.3300412E-12
    8    15  -0.3911136E-12   0.2405527E-12
    8    16   0.4205861E-12   0.1848691E-12
    9     9   0.3392197E-06   0.3198257E-07
    9    10   0.8721106E-08   0.2986906E-08
    9    11   0.1598910E-08   0.1122203E-08
    9    12   0.1257520E-08   0.5381724E-09
    9    13   0.6465295E-09   0.3037673E-09
    9    14   0.6760066E-10   0.2090983E-09
    9    15  -0.1636420E-11   0.1592501E-09
    9    16   0.2712653E-10   0.1238016E-09
   10    10   0.4498607E-08   0.5051667E-09
   10    11   0.1400296E-09   0.1275033E-09
   10    12   0.7060067E-10   0.6610680E-10
   10    13   0.1410694E-10   0.4143042E-10
   10    14   0.3308304E-10   0.2813024E-10
   10    15  -0.1017904E-10   0.1804698E-10
   10    16  -0.5640783E-11   0.1293506E-10
   11    11   0.6553910E-09   0.6746152E-10
   11    12   0.5597391E-10   0.2568694E-10
   11    13   0.2626705E-10   0.1306538E-10
   11    14  -0.3142426E-11   0.9351746E-11
   11    15  -0.7881066E-11   0.6932013E-11
   11    16  -0.3715057E-11   0.5095217E-11
   12    12   0.1493184E-09   0.1462304E-10
   12    13   0.7126061E-11   0.7459489E-11
   12    14   0.6466526E-11   0.4583749E-11
   12    15   0.2494330E-11   0.2921965E-11
   12    16  -0.4788809E-12   0.2341685E-11
   13    13   0.5388539E-10   0.5168063E-11
   13    14   0.3990107E-11   0.3254275E-11
   13    15  -0.1356035E-11   0.1717514E-11
   13    16  -0.2507832E-11   0.1575398E-11
   14    14   0.2465179E-10   0.2885296E-11
   14    15   0.1777538E-11   0.1246623E-11
   14    16  -0.1823094E-11   0.9219935E-12
   15    15   0.1227342E-10   0.1349705E-11
   15    16   0.2879832E-12   0.7274010E-12
   16    16   0.7902170E-11   0.7498165E-12
