  2.0000000E-02  0.5000000      2.0000000E-02
  3.9999999E-02  0.5000000      2.0000000E-02
  5.9999999E-02  0.5000000      2.0000000E-02
  7.9999998E-02  0.5000000      2.0000000E-02
  9.9999994E-02  0.5000000      2.0000000E-02
  0.1200000      0.5000000      2.0000000E-02
  0.1400000      0.5000000      2.0000000E-02
  0.1600000      0.5000000      2.0000000E-02
  0.1800000      0.5000000      2.0000000E-02
  0.2000000      0.5000000      2.0000000E-02
  0.2200000      0.5000000      2.0000000E-02
  0.2400000      0.5000000      2.0000000E-02
  0.2600000      0.5000000      2.0000000E-02
  0.2800000      0.5000000      2.0000000E-02
  0.3000000      0.5000000      2.0000000E-02
  0.3200000      0.5000000      2.0000000E-02
  0.3400000      0.5000000      2.0000000E-02
  0.3600000      0.5000000      2.0000000E-02
  0.3800000      0.5000000      2.0000000E-02
  0.4000000      0.5000000      2.0000000E-02
  0.4200000      0.5000000      2.0000000E-02
  0.4400000      0.5000000      2.0000000E-02
  0.4600000      0.5000000      2.0000000E-02
  0.4800000      0.5000000      2.0000000E-02
  0.5000000      0.5000000      2.0000000E-02
  0.5200000      0.5000000      2.0000000E-02
  0.5400000      0.5000000      2.0000000E-02
  0.5600000      0.5000000      2.0000000E-02
  0.5800000      0.5000000      2.0000000E-02
  0.6000000      0.5000000      2.0000000E-02
  0.6200000      0.5000000      2.0000000E-02
  0.6400000      0.5000000      2.0000000E-02
  0.6600000      0.5000000      2.0000000E-02
  0.6800000      0.5000000      2.0000000E-02
  0.7000000      0.5000000      2.0000000E-02
  0.7200000      0.5000000      2.0000000E-02
  0.7400000      0.5000000      2.0000000E-02
  0.7600000      0.5000000      2.0000000E-02
  0.7800000      0.5000000      2.0000000E-02
  0.8000000      0.5000000      2.0000000E-02
  0.8200000      0.5000000      2.0000000E-02
  0.8400000      0.5000000      2.0000000E-02
  0.8600000      0.5000000      2.0000000E-02
  0.8800000      0.5000000      2.0000000E-02
  0.9000000      0.5000000      2.0000000E-02
  0.9200000      0.5000000      2.0000000E-02
  0.9400000      0.5000000      2.0000000E-02
  0.9600000      0.5000000      2.0000000E-02
  0.9800000      0.5000000      2.0000000E-02
   1.000000      0.5000000      2.0000000E-02
   1.020000      0.5000000      2.0000000E-02
   1.040000      0.5000000      2.0000000E-02
   1.060000      0.5000000      2.0000000E-02
   1.080000      0.5000000      2.0000000E-02
   1.100000      0.5000000      2.0000000E-02
   1.120000      0.5000000      2.0000000E-02
   1.140000      0.5000000      2.0000000E-02
   1.160000      0.5000000      2.0000000E-02
   1.180000      0.5000000      2.0000000E-02
   1.200000      0.5000000      2.0000000E-02
   1.220000      0.5000000      2.0000000E-02
   1.240000      0.5000000      2.0000000E-02
   1.260000      0.5000000      2.0000000E-02
   1.280000      0.5000000      2.0000000E-02
   1.300000      0.5000000      2.0000000E-02
   1.320000      0.5000000      2.0000000E-02
   1.340000      0.5000000      2.0000000E-02
   1.360000      0.5000000      2.0000000E-02
   1.380000      0.5000000      2.0000000E-02
   1.400000      0.5000000      2.0000000E-02
   1.420000      0.5000000      2.0000000E-02
   1.440000      0.5000000      2.0000000E-02
   1.460000      0.5000000      2.0000000E-02
   1.480000      0.5000000      2.0000000E-02
   1.500000      0.5000000      2.0000000E-02
   1.520000      0.5000000      2.0000000E-02
   1.540000      0.5000000      2.0000000E-02
   1.560000      0.5000000      2.0000000E-02
   1.580000      0.5000000      2.0000000E-02
   1.600000      0.5000000      2.0000000E-02
   1.620000      0.5000000      2.0000000E-02
   1.640000      0.5000000      2.0000000E-02
   1.660000      0.5000000      2.0000000E-02
   1.680000      0.5000000      2.0000000E-02
   1.700000      0.5000000      2.0000000E-02
   1.720000      0.5000000      2.0000000E-02
   1.740000      0.5000000      2.0000000E-02
   1.760000      0.5000000      2.0000000E-02
   1.780000      0.5000000      2.0000000E-02
   1.800000      0.5000000      2.0000000E-02
   1.820000      0.5000000      2.0000000E-02
   1.840000      0.5000000      2.0000000E-02
   1.860000      0.5000000      2.0000000E-02
   1.880000      0.5000000      2.0000000E-02
   1.900000      0.5000000      2.0000000E-02
   1.920000      0.5000000      2.0000000E-02
   1.940000      0.5000000      2.0000000E-02
   1.960000      0.5000000      2.0000000E-02
   1.980000      0.5000000      2.0000000E-02
   2.000000      0.5000000      2.0000000E-02
