 #normalor:  0.339818600000000     
    0.00000000   0.253614911E+01      0.01402497
    0.01402497   0.253145607E+01      0.01402497
    0.02804993   0.251393222E+01      0.01402497
    0.04207490   0.248393686E+01      0.01402497
    0.05609987   0.244207105E+01      0.01402497
    0.07012484   0.238915425E+01      0.01402497
    0.08414980   0.232619317E+01      0.01402497
    0.09817477   0.225434482E+01      0.01402497
    0.11219974   0.217487586E+01      0.01402497
    0.12622470   0.208912045E+01      0.01402497
    0.14024967   0.199843881E+01      0.01402497
    0.15427464   0.190417828E+01      0.01402497
    0.16829961   0.180763853E+01      0.01402497
    0.18232457   0.171004203E+01      0.01402497
    0.19634954   0.161251064E+01      0.01402497
    0.21037451   0.151604834E+01      0.01402497
    0.22439948   0.142153034E+01      0.01402497
    0.23842444   0.132969789E+01      0.01402497
    0.25244941   0.124115824E+01      0.01402497
    0.26647438   0.115638899E+01      0.01402497
    0.28049934   0.107574583E+01      0.01402497
    0.29452431   0.999472791E+00      0.01402497
    0.30854928   0.927714245E+00      0.01402497
    0.32257425   0.860527730E+00      0.01402497
    0.33659921   0.797897085E+00      0.01402497
    0.35062418   0.739745251E+00      0.01402497
    0.36464915   0.685946419E+00      0.01402497
    0.37867411   0.636337168E+00      0.01402497
    0.39269908   0.590726452E+00      0.01402497
    0.40672405   0.548904351E+00      0.01402497
    0.42074902   0.510649525E+00      0.01402497
    0.43477398   0.475735463E+00      0.01402497
    0.44879895   0.443935553E+00      0.01402497
    0.46282392   0.415027134E+00      0.01402497
    0.47684888   0.388794577E+00      0.01402497
    0.49087385   0.365031594E+00      0.01402497
    0.50489882   0.343542832E+00      0.01402497
    0.51892379   0.324144907E+00      0.01402497
    0.53294875   0.306666975E+00      0.01402497
    0.54697372   0.290950916E+00      0.01402497
    0.56099869   0.276851246E+00      0.01402497
    0.57502366   0.264234798E+00      0.01402497
    0.58904862   0.252980247E+00      0.01402497
    0.60307359   0.242977513E+00      0.01402497
    0.61709856   0.234127106E+00      0.01402497
    0.63112352   0.226339412E+00      0.01402497
    0.64514849   0.219533960E+00      0.01402497
    0.65917346   0.213638690E+00      0.01402497
    0.67319843   0.208589225E+00      0.01402497
    0.68722339   0.204328150E+00      0.01402497
    0.70124836   0.200804322E+00      0.01402497
    0.71527333   0.197972191E+00      0.01402497
    0.72929829   0.195791139E+00      0.01402497
    0.74332326   0.194224847E+00      0.01402497
    0.75734823   0.193240659E+00      0.01402497
    0.77137320   0.192808972E+00      0.01402497
    0.78539816   0.192902623E+00      0.01402497
    0.79942313   0.193496285E+00      0.01402497
    0.81344810   0.194565852E+00      0.01402497
    0.82747307   0.196087838E+00      0.01402497
    0.84149803   0.198038757E+00      0.01402497
    0.85552300   0.200394515E+00      0.01402497
    0.86954797   0.203129796E+00      0.01402497
    0.88357293   0.206217455E+00      0.01402497
    0.89759790   0.209627944E+00      0.01402497
    0.91162287   0.213328745E+00      0.01402497
    0.92564784   0.217283866E+00      0.01402497
    0.93967280   0.221453388E+00      0.01402497
    0.95369777   0.225793114E+00      0.01402497
    0.96772274   0.230254300E+00      0.01402497
    0.98174770   0.234783541E+00      0.01402497
    0.99577267   0.239322795E+00      0.01402497
    1.00979764   0.243809596E+00      0.01402497
    1.02382261   0.248177453E+00      0.01402497
    1.03784757   0.252356462E+00      0.01402497
    1.05187254   0.256274137E+00      0.01402497
    1.06589751   0.259856443E+00      0.01402497
    1.07992247   0.263029031E+00      0.01402497
    1.09394744   0.265718652E+00      0.01402497
    1.10797241   0.267854693E+00      0.01402497
    1.12199738   0.269370817E+00      0.01402497
    1.13602234   0.270206624E+00      0.01402497
    1.15004731   0.270309286E+00      0.01402497
    1.16407228   0.269635076E+00      0.01402497
    1.17809725   0.268150730E+00      0.01402497
    1.19212221   0.265834576E+00      0.01402497
    1.20614718   0.262677379E+00      0.01402497
    1.22017215   0.258682831E+00      0.01402497
    1.23419711   0.253867693E+00      0.01402497
    1.24822208   0.248261565E+00      0.01402497
    1.26224705   0.241906249E+00      0.01402497
    1.27627202   0.234854801E+00      0.01402497
    1.29029698   0.227170243E+00      0.01402497
    1.30432195   0.218924025E+00      0.01402497
    1.31834692   0.210194292E+00      0.01402497
    1.33237188   0.201064021E+00      0.01402497
    1.34639685   0.191619105E+00      0.01402497
    1.36042182   0.181946449E+00      0.01402497
    1.37444679   0.172132156E+00      0.01402497
    1.38847175   0.162259843E+00      0.01402497
    1.40249672   0.152409142E+00      0.01402497
    1.41652169   0.142654424E+00      0.01402497
    1.43054665   0.133063759E+00      0.01402497
    1.44457162   0.123698137E+00      0.01402497
    1.45859659   0.114610931E+00      0.01402497
    1.47262156   0.105847603E+00      0.01402497
    1.48664652   0.974456395E-01      0.01402497
    1.50067149   0.894346758E-01      0.01402497
    1.51469646   0.818367975E-01      0.01402497
    1.52872143   0.746669780E-01      0.01402497
    1.54274639   0.679336268E-01      0.01402497
    1.55677136   0.616392139E-01      0.01402497
    1.57079633   0.557809445E-01      0.01402497
    1.58482129   0.503514578E-01      0.01402497
    1.59884626   0.453395272E-01      0.01402497
    1.61287123   0.407307430E-01      0.01402497
    1.62689620   0.365081616E-01      0.01402497
    1.64092116   0.326529125E-01      0.01402497
    1.65494613   0.291447508E-01      0.01402497
    1.66897110   0.259625534E-01      0.01402497
    1.68299606   0.230847544E-01      0.01402497
    1.69702103   0.204897202E-01      0.01402497
    1.71104600   0.181560658E-01      0.01402497
    1.72507097   0.160629138E-01      0.01402497
    1.73909593   0.141901029E-01      0.01402497
    1.75312090   0.125183482E-01      0.01402497
    1.76714587   0.110293572E-01      0.01402497
    1.78117083   0.970591127E-02      0.01402497
    1.79519580   0.853191283E-02      0.01402497
    1.80922077   0.749240590E-02      0.01402497
    1.82324574   0.657357420E-02      0.01402497
    1.83727070   0.576272081E-02      0.01402497
    1.85129567   0.504823350E-02      0.01402497
    1.86532064   0.441953921E-02      0.01402497
    1.87934561   0.386705057E-02      0.01402497
    1.89337057   0.338210705E-02      0.01402497
    1.90739554   0.295691304E-02      0.01402497
    1.92142051   0.258447452E-02      0.01402497
    1.93544547   0.225853576E-02      0.01402497
    1.94947044   0.197351725E-02      0.01402497
    1.96349541   0.172445579E-02      0.01402497
    1.97752038   0.150694716E-02      0.01402497
    1.99154534   0.131709214E-02      0.01402497
    2.00557031   0.115144581E-02      0.01402497
    2.01959528   0.100697061E-02      0.01402497
    2.03362024   0.880992989E-03      0.01402497
    2.04764521   0.771163699E-03      0.01402497
    2.06167018   0.675421613E-03      0.01402497
    2.07569515   0.591960919E-03      0.01402497
    2.08972011   0.519201521E-03      0.01402497
    2.10374508   0.455762418E-03      0.01402497
    2.11777005   0.400437887E-03      0.01402497
    2.13179501   0.352176228E-03      0.01402497
    2.14581998   0.310060845E-03      0.01402497
    2.15984495   0.273293484E-03      0.01402497
    2.17386992   0.241179392E-03      0.01402497
    2.18789488   0.213114230E-03      0.01402497
    2.20191985   0.188572542E-03      0.01402497
    2.21594482   0.167097633E-03      0.01402497
    2.22996979   0.148292680E-03      0.01402497
    2.24399475   0.131812955E-03      0.01402497
    2.25801972   0.117359029E-03      0.01402497
    2.27204469   0.104670828E-03      0.01402497
    2.28606965   0.935224652E-04      0.01402497
    2.30009462   0.837177238E-04      0.01402497
    2.31411959   0.750861404E-04      0.01402497
    2.32814456   0.674795927E-04      0.01402497
    2.34216952   0.607693377E-04      0.01402497
    2.35619449   0.548434408E-04      0.01402497
    2.37021946   0.496045456E-04      0.01402497
    2.38424442   0.449679404E-04      0.01402497
    2.39826939   0.408598816E-04      0.01402497
    2.41229436   0.372161426E-04      0.01402497
    2.42631933   0.339807558E-04      0.01402497
    2.44034429   0.311049236E-04      0.01402497
    2.45436926   0.285460751E-04      0.01402497
    2.46839423   0.262670509E-04      0.01402497
    2.48241920   0.242353957E-04      0.01402497
    2.49644416   0.224227464E-04      0.01402497
    2.51046913   0.208043029E-04      0.01402497
    2.52449410   0.193583702E-04      0.01402497
    2.53851906   0.180659605E-04      0.01402497
    2.55254403   0.169104504E-04      0.01402497
    2.56656900   0.158772833E-04      0.01402497
    2.58059397   0.149537125E-04      0.01402497
    2.59461893   0.141285779E-04      0.01402497
    2.60864390   0.133921145E-04      0.01402497
    2.62266887   0.127357856E-04      0.01402497
    2.63669383   0.121521399E-04      0.01402497
    2.65071880   0.116346880E-04      0.01402497
    2.66474377   0.111777966E-04      0.01402497
    2.67876874   0.107765987E-04      0.01402497
    2.69279370   0.104269164E-04      0.01402497
    2.70681867   0.101251969E-04      0.01402497
    2.72084364   0.986845922E-05      0.01402497
    2.73486860   0.965425106E-05      0.01402497
    2.74889357   0.948061476E-05      0.01402497
    2.76291854   0.934606277E-05      0.01402497
    2.77694351   0.924956110E-05      0.01402497
    2.79096847   0.919052169E-05      0.01402497
    2.80499344   0.916880322E-05      0.01402497
    2.81901841   0.918472120E-05      0.01402497
    2.83304338   0.923906770E-05      0.01402497
    2.84706834   0.933314180E-05      0.01402497
    2.86109331   0.946879204E-05      0.01402497
    2.87511828   0.964847294E-05      0.01402497
    2.88914324   0.987531727E-05      0.01402497
    2.90316821   0.101532274E-04      0.01402497
    2.91719318   0.104869891E-04      0.01402497
    2.93121815   0.108824121E-04      0.01402497
    2.94524311   0.113465039E-04      0.01402497
    2.95926808   0.118876808E-04      0.01402497
    2.97329305   0.125160291E-04      0.01402497
    2.98731801   0.132436210E-04      0.01402497
    3.00134298   0.140849025E-04      0.01402497
    3.01536795   0.150571646E-04      0.01402497
    3.02939292   0.161811166E-04      0.01402497
    3.04341788   0.174815834E-04      0.01402497
    3.05744285   0.189883495E-04      0.01402497
    3.07146782   0.207371807E-04      0.01402497
    3.08549278   0.227710548E-04      0.01402497
    3.09951775   0.251416400E-04      0.01402497
    3.11354272   0.279110622E-04      0.01402497
    3.12756769   0.311540059E-04      0.01402497
    3.14159265   0.349601971E-04      0.01402497
    3.15561762   0.394373146E-04      0.01402497
    3.16964259   0.447143758E-04      0.01402497
    3.18366756   0.509456335E-04      0.01402497
    3.19769252   0.583150096E-04      0.01402497
    3.21171749   0.670410712E-04      0.01402497
    3.22574246   0.773825260E-04      0.01402497
    3.23976742   0.896441730E-04      0.01402497
    3.25379239   0.104183196E-03      0.01402497
    3.26781736   0.121415626E-03      0.01402497
    3.28184233   0.141822708E-03      0.01402497
    3.29586729   0.165956844E-03      0.01402497
    3.30989226   0.194446666E-03      0.01402497
    3.32391723   0.228000705E-03      0.01402497
    3.33794219   0.267409012E-03      0.01402497
    3.35196716   0.313542037E-03      0.01402497
    3.36599213   0.367345956E-03      0.01402497
    3.38001710   0.429833694E-03      0.01402497
    3.39404206   0.502070850E-03      0.01402497
    3.40806703   0.585155892E-03      0.01402497
    3.42209200   0.680194141E-03      0.01402497
    3.43611696   0.788265357E-03      0.01402497
    3.45014193   0.910385059E-03      0.01402497
    3.46416690   0.104746022E-02      0.01402497
    3.47819187   0.120024039E-02      0.01402497
    3.49221683   0.136926594E-02      0.01402497
    3.50624180   0.155481548E-02      0.01402497
    3.52026677   0.175685521E-02      0.01402497
    3.53429174   0.197499309E-02      0.01402497
    3.54831670   0.220844095E-02      0.01402497
    3.56234167   0.245598775E-02      0.01402497
    3.57636664   0.271598676E-02      0.01402497
    3.59039160   0.298635911E-02      0.01402497
    3.60441657   0.326461498E-02      0.01402497
    3.61844154   0.354789322E-02      0.01402497
    3.63246651   0.383301865E-02      0.01402497
    3.64649147   0.411657534E-02      0.01402497
    3.66051644   0.439499307E-02      0.01402497
    3.67454141   0.466464286E-02      0.01402497
    3.68856637   0.492193750E-02      0.01402497
    3.70259134   0.516343173E-02      0.01402497
    3.71661631   0.538591749E-02      0.01402497
    3.73064128   0.558650965E-02      0.01402497
    3.74466624   0.576271837E-02      0.01402497
    3.75869121   0.591250531E-02      0.01402497
    3.77271618   0.603432183E-02      0.01402497
    3.78674114   0.612712876E-02      0.01402497
    3.80076611   0.619039819E-02      0.01402497
    3.81479108   0.622409854E-02      0.01402497
    3.82881605   0.622866561E-02      0.01402497
    3.84284101   0.620496166E-02      0.01402497
    3.85686598   0.615422607E-02      0.01402497
    3.87089095   0.607801988E-02      0.01402497
    3.88491592   0.597816750E-02      0.01402497
    3.89894088   0.585669766E-02      0.01402497
    3.91296585   0.571578587E-02      0.01402497
    3.92699082   0.555769987E-02      0.01402497
    3.94101578   0.538474937E-02      0.01402497
    3.95504075   0.519924111E-02      0.01402497
    3.96906572   0.500343939E-02      0.01402497
    3.98309069   0.479953287E-02      0.01402497
    3.99711565   0.458960715E-02      0.01402497
    4.01114062   0.437562346E-02      0.01402497
    4.02516559   0.415940265E-02      0.01402497
    4.03919055   0.394261455E-02      0.01402497
    4.05321552   0.372677193E-02      0.01402497
    4.06724049   0.351322818E-02      0.01402497
    4.08126546   0.330317877E-02      0.01402497
    4.09529042   0.309766512E-02      0.01402497
    4.10931539   0.289758082E-02      0.01402497
    4.12334036   0.270367914E-02      0.01402497
    4.13736533   0.251658181E-02      0.01402497
    4.15139029   0.233678827E-02      0.01402497
    4.16541526   0.216468516E-02      0.01402497
    4.17944023   0.200055582E-02      0.01402497
    4.19346519   0.184458964E-02      0.01402497
    4.20749016   0.169689110E-02      0.01402497
    4.22151513   0.155748835E-02      0.01402497
    4.23554010   0.142634152E-02      0.01402497
    4.24956506   0.130335065E-02      0.01402497
    4.26359003   0.118836317E-02      0.01402497
    4.27761500   0.108118102E-02      0.01402497
    4.29163996   0.981567593E-03      0.01402497
    4.30566493   0.889254129E-03      0.01402497
    4.31968990   0.803945859E-03      0.01402497
    4.33371487   0.725327766E-03      0.01402497
    4.34773983   0.653069934E-03      0.01402497
    4.36176480   0.586832510E-03      0.01402497
    4.37578977   0.526270173E-03      0.01402497
    4.38981473   0.471036194E-03      0.01402497
    4.40383970   0.420786019E-03      0.01402497
    4.41786467   0.375180361E-03      0.01402497
    4.43188964   0.333887863E-03      0.01402497
    4.44591460   0.296587299E-03      0.01402497
    4.45993957   0.262969374E-03      0.01402497
    4.47396454   0.232738110E-03      0.01402497
    4.48798951   0.205611891E-03      0.01402497
    4.50201447   0.181324185E-03      0.01402497
    4.51603944   0.159623981E-03      0.01402497
    4.53006441   0.140275970E-03      0.01402497
    4.54408937   0.123060523E-03      0.01402497
    4.55811434   0.107773489E-03      0.01402497
    4.57213931   0.942258316E-04      0.01402497
    4.58616428   0.822431656E-04      0.01402497
    4.60018924   0.716651829E-04      0.01402497
    4.61421421   0.623450170E-04      0.01402497
    4.62823918   0.541485495E-04      0.01402497
    4.64226414   0.469536858E-04      0.01402497
    4.65628911   0.406496144E-04      0.01402497
    4.67031408   0.351360538E-04      0.01402497
    4.68433905   0.303225091E-04      0.01402497
    4.69836401   0.261275409E-04      0.01402497
    4.71238898   0.224780536E-04      0.01402497
    4.72641395   0.193086103E-04      0.01402497
    4.74043891   0.165607773E-04      0.01402497
    4.75446388   0.141825047E-04      0.01402497
    4.76848885   0.121275389E-04      0.01402497
    4.78251382   0.103548739E-04      0.01402497
    4.79653878   0.882823961E-05      0.01402497
    4.81056375   0.751562717E-05      0.01402497
    4.82458872   0.638885014E-05      0.01402497
    4.83861369   0.542314183E-05      0.01402497
    4.85263865   0.459678655E-05      0.01402497
    4.86666362   0.389078347E-05      0.01402497
    4.88068859   0.328854103E-05      0.01402497
    4.89471355   0.277560057E-05      0.01402497
    4.90873852   0.233938729E-05      0.01402497
    4.92276349   0.196898582E-05      0.01402497
    4.93678846   0.165493947E-05      0.01402497
    4.95081342   0.138907080E-05      0.01402497
    4.96483839   0.116432172E-05      0.01402497
    4.97886336   0.974611393E-06      0.01402497
    4.99288832   0.814710428E-06      0.01402497
    5.00691329   0.680129725E-06      0.01402497
    5.02093826   0.567022409E-06      0.01402497
    5.03496323   0.472097731E-06      0.01402497
    5.04898819   0.392545487E-06      0.01402497
    5.06301316   0.325969954E-06      0.01402497
    5.07703813   0.270332151E-06      0.01402497
    5.09106309   0.223899624E-06      0.01402497
    5.10508806   0.224773116E-06      0.01402497
    5.11911303   0.228329247E-06      0.01402497
    5.13313800   0.231956524E-06      0.01402497
    5.14716296   0.235655597E-06      0.01402497
    5.16118793   0.239427097E-06      0.01402497
    5.17521290   0.243271625E-06      0.01402497
    5.18923787   0.247189755E-06      0.01402497
    5.20326283   0.251182031E-06      0.01402497
    5.21728780   0.255248980E-06      0.01402497
    5.23131277   0.259391086E-06      0.01402497
    5.24533773   0.263608806E-06      0.01402497
    5.25936270   0.267902572E-06      0.01402497
    5.27338767   0.272272776E-06      0.01402497
    5.28741264   0.276719781E-06      0.01402497
    5.30143760   0.281243910E-06      0.01402497
    5.31546257   0.285845462E-06      0.01402497
    5.32948754   0.290524692E-06      0.01402497
    5.34351250   0.295281818E-06      0.01402497
    5.35753747   0.300117031E-06      0.01402497
    5.37156244   0.305030475E-06      0.01402497
    5.38558741   0.310022260E-06      0.01402497
    5.39961237   0.315092453E-06      0.01402497
    5.41363734   0.320241095E-06      0.01402497
    5.42766231   0.325468175E-06      0.01402497
    5.44168727   0.330773644E-06      0.01402497
    5.45571224   0.336157425E-06      0.01402497
    5.46973721   0.341619389E-06      0.01402497
    5.48376218   0.347159371E-06      0.01402497
    5.49778714   0.352777163E-06      0.01402497
    5.51181211   0.358472526E-06      0.01402497
    5.52583708   0.364245172E-06      0.01402497
    5.53986205   0.370094776E-06      0.01402497
    5.55388701   0.376020969E-06      0.01402497
    5.56791198   0.382023352E-06      0.01402497
    5.58193695   0.388101478E-06      0.01402497
    5.59596191   0.394254856E-06      0.01402497
    5.60998688   0.400482972E-06      0.01402497
    5.62401185   0.406785258E-06      0.01402497
    5.63803682   0.413161111E-06      0.01402497
    5.65206178   0.419609885E-06      0.01402497
    5.66608675   0.426130912E-06      0.01402497
    5.68011172   0.432723468E-06      0.01402497
    5.69413668   0.439386795E-06      0.01402497
    5.70816165   0.446120108E-06      0.01402497
    5.72218662   0.452922575E-06      0.01402497
    5.73621159   0.459793330E-06      0.01402497
    5.75023655   0.466731466E-06      0.01402497
    5.76426152   0.473736055E-06      0.01402497
    5.77828649   0.480806118E-06      0.01402497
    5.79231146   0.487940648E-06      0.01402497
    5.80633642   0.495138597E-06      0.01402497
    5.82036139   0.502398898E-06      0.01402497
    5.83438636   0.509720434E-06      0.01402497
    5.84841132   0.517102056E-06      0.01402497
    5.86243629   0.524542597E-06      0.01402497
    5.87646126   0.532040840E-06      0.01402497
    5.89048623   0.539595543E-06      0.01402497
    5.90451119   0.547205423E-06      0.01402497
    5.91853616   0.554869186E-06      0.01402497
    5.93256113   0.562585485E-06      0.01402497
    5.94658609   0.570352945E-06      0.01402497
    5.96061106   0.578170175E-06      0.01402497
    5.97463603   0.586035738E-06      0.01402497
    5.98866100   0.593948170E-06      0.01402497
    6.00268596   0.601905972E-06      0.01402497
    6.01671093   0.609907632E-06      0.01402497
    6.03073590   0.617951590E-06      0.01402497
    6.04476086   0.626036259E-06      0.01402497
    6.05878583   0.634160037E-06      0.01402497
    6.07281080   0.642321278E-06      0.01402497
    6.08683577   0.650518311E-06      0.01402497
    6.10086073   0.658749431E-06      0.01402497
    6.11488570   0.667012925E-06      0.01402497
    6.12891067   0.675307031E-06      0.01402497
    6.14293564   0.683629967E-06      0.01402497
    6.15696060   0.691979920E-06      0.01402497
    6.17098557   0.700355064E-06      0.01402497
    6.18501054   0.708753533E-06      0.01402497
    6.19903550   0.717173433E-06      0.01402497
    6.21306047   0.725612864E-06      0.01402497
    6.22708544   0.734069882E-06      0.01402497
    6.24111041   0.742542528E-06      0.01402497
    6.25513537   0.751028811E-06      0.01402497
    6.26916034   0.759526738E-06      0.01402497
    6.28318531   0.768034275E-06      0.01402497
    6.29721027   0.776549367E-06      0.01402497
    6.31123524   0.785069960E-06      0.01402497
    6.32526021   0.793593960E-06      0.01402497
    6.33928518   0.802119264E-06      0.01402497
    6.35331014   0.810643745E-06      0.01402497
    6.36733511   0.819165280E-06      0.01402497
    6.38136008   0.827681714E-06      0.01402497
    6.39538504   0.836190877E-06      0.01402497
    6.40941001   0.844690610E-06      0.01402497
    6.42343498   0.853178723E-06      0.01402497
    6.43745995   0.861653026E-06      0.01402497
    6.45148491   0.870111316E-06      0.01402497
    6.46550988   0.878551401E-06      0.01402497
    6.47953485   0.886971071E-06      0.01402497
    6.49355982   0.895368120E-06      0.01402497
    6.50758478   0.903740334E-06      0.01402497
    6.52160975   0.912085523E-06      0.01402497
    6.53563472   0.920401480E-06      0.01402497
    6.54965968   0.928686006E-06      0.01402497
    6.56368465   0.936936928E-06      0.01402497
    6.57770962   0.945152065E-06      0.01402497
    6.59173459   0.953329253E-06      0.01402497
    6.60575955   0.961466338E-06      0.01402497
    6.61978452   0.969561198E-06      0.01402497
    6.63380949   0.977611714E-06      0.01402497
    6.64783445   0.985615785E-06      0.01402497
    6.66185942   0.993571351E-06      0.01402497
    6.67588439   0.100147636E-05      0.01402497
    6.68990936   0.100932878E-05      0.01402497
    6.70393432   0.101712663E-05      0.01402497
    6.71795929   0.102486794E-05      0.01402497
    6.73198426   0.103255079E-05      0.01402497
    6.74600922   0.104017326E-05      0.01402497
    6.76003419   0.104773350E-05      0.01402497
    6.77405916   0.105522970E-05      0.01402497
    6.78808413   0.106266005E-05      0.01402497
    6.80210909   0.107002281E-05      0.01402497
    6.81613406   0.107731628E-05      0.01402497
    6.83015903   0.108453880E-05      0.01402497
    6.84418400   0.109168876E-05      0.01402497
    6.85820896   0.109876457E-05      0.01402497
    6.87223393   0.110576473E-05      0.01402497
    6.88625890   0.111268776E-05      0.01402497
    6.90028386   0.111953222E-05      0.01402497
    6.91430883   0.112629676E-05      0.01402497
    6.92833380   0.113298004E-05      0.01402497
    6.94235877   0.113958079E-05      0.01402497
    6.95638373   0.114609779E-05      0.01402497
    6.97040870   0.115252988E-05      0.01402497
    6.98443367   0.115887594E-05      0.01402497
    6.99845863   0.116513491E-05      0.01402497
    7.01248360   0.117130579E-05      0.01402497
    7.02650857   0.117738762E-05      0.01402497
    7.04053354   0.118337952E-05      0.01402497
    7.05455850   0.118928062E-05      0.01402497
    7.06858347   0.119509016E-05      0.01402497
    7.08260844   0.120080738E-05      0.01402497
    7.09663340   0.120643161E-05      0.01402497
    7.11065837   0.121196222E-05      0.01402497
    7.12468334   0.121739864E-05      0.01402497
    7.13870831   0.122274033E-05      0.01402497
    7.15273327   0.122798682E-05      0.01402497
    7.16675824   0.123313770E-05      0.01402497
    7.18078321   0.123819259E-05      0.01402497
    7.19480818   0.124315117E-05      0.01402497
    7.20883314   0.124801316E-05      0.01402497
    7.22285811   0.125277834E-05      0.01402497
    7.23688308   0.125744653E-05      0.01402497
    7.25090804   0.126201759E-05      0.01402497
    7.26493301   0.126649145E-05      0.01402497
    7.27895798   0.127086804E-05      0.01402497
    7.29298295   0.127514737E-05      0.01402497
    7.30700791   0.127932947E-05      0.01402497
    7.32103288   0.128341443E-05      0.01402497
    7.33505785   0.128740237E-05      0.01402497
    7.34908281   0.129129343E-05      0.01402497
    7.36310778   0.129508781E-05      0.01402497
    7.37713275   0.129878575E-05      0.01402497
    7.39115772   0.130238750E-05      0.01402497
    7.40518268   0.130589336E-05      0.01402497
    7.41920765   0.130930366E-05      0.01402497
    7.43323262   0.131261876E-05      0.01402497
    7.44725759   0.131583905E-05      0.01402497
    7.46128255   0.131896495E-05      0.01402497
    7.47530752   0.132199690E-05      0.01402497
    7.48933249   0.132493538E-05      0.01402497
    7.50335745   0.132778088E-05      0.01402497
    7.51738242   0.133053393E-05      0.01402497
    7.53140739   0.133319507E-05      0.01402497
    7.54543236   0.133576487E-05      0.01402497
    7.55945732   0.133824391E-05      0.01402497
    7.57348229   0.134063282E-05      0.01402497
    7.58750726   0.134293220E-05      0.01402497
    7.60153222   0.134514272E-05      0.01402497
    7.61555719   0.134726503E-05      0.01402497
    7.62958216   0.134929981E-05      0.01402497
    7.64360713   0.135124776E-05      0.01402497
    7.65763209   0.135310959E-05      0.01402497
    7.67165706   0.135488603E-05      0.01402497
    7.68568203   0.135657780E-05      0.01402497
    7.69970699   0.135818566E-05      0.01402497
    7.71373196   0.135971038E-05      0.01402497
    7.72775693   0.136115271E-05      0.01402497
    7.74178190   0.136251346E-05      0.01402497
    7.75580686   0.136379339E-05      0.01402497
    7.76983183   0.136499333E-05      0.01402497
    7.78385680   0.136611407E-05      0.01402497
    7.79788177   0.136715644E-05      0.01402497
    7.81190673   0.136812125E-05      0.01402497
    7.82593170   0.136900935E-05      0.01402497
    7.83995667   0.136982156E-05      0.01402497
    7.85398163   0.137055874E-05      0.01402497
    7.86800660   0.137122172E-05      0.01402497
    7.88203157   0.137181136E-05      0.01402497
    7.89605654   0.137232852E-05      0.01402497
    7.91008150   0.137277407E-05      0.01402497
    7.92410647   0.137314886E-05      0.01402497
    7.93813144   0.137345376E-05      0.01402497
    7.95215640   0.137368965E-05      0.01402497
    7.96618137   0.137385740E-05      0.01402497
    7.98020634   0.137395788E-05      0.01402497
    7.99423131   0.137399198E-05      0.01402497
    8.00825627   0.137396056E-05      0.01402497
    8.02228124   0.137386452E-05      0.01402497
    8.03630621   0.137370472E-05      0.01402497
    8.05033117   0.137348206E-05      0.01402497
    8.06435614   0.137319741E-05      0.01402497
    8.07838111   0.137285166E-05      0.01402497
    8.09240608   0.137244568E-05      0.01402497
    8.10643104   0.137198036E-05      0.01402497
    8.12045601   0.137145658E-05      0.01402497
    8.13448098   0.137087521E-05      0.01402497
    8.14850595   0.137023714E-05      0.01402497
    8.16253091   0.136954324E-05      0.01402497
    8.17655588   0.136879439E-05      0.01402497
    8.19058085   0.136799145E-05      0.01402497
    8.20460581   0.136713530E-05      0.01402497
    8.21863078   0.136622681E-05      0.01402497
    8.23265575   0.136526683E-05      0.01402497
    8.24668072   0.136425625E-05      0.01402497
    8.26070568   0.136319591E-05      0.01402497
    8.27473065   0.136208667E-05      0.01402497
    8.28875562   0.136092938E-05      0.01402497
    8.30278058   0.135972491E-05      0.01402497
    8.31680555   0.135847408E-05      0.01402497
    8.33083052   0.135717775E-05      0.01402497
    8.34485549   0.135583674E-05      0.01402497
    8.35888045   0.135445191E-05      0.01402497
    8.37290542   0.135302407E-05      0.01402497
    8.38693039   0.135155406E-05      0.01402497
    8.40095535   0.135004269E-05      0.01402497
    8.41498032   0.134849077E-05      0.01402497
    8.42900529   0.134689913E-05      0.01402497
    8.44303026   0.134526856E-05      0.01402497
    8.45705522   0.134359987E-05      0.01402497
    8.47108019   0.134189385E-05      0.01402497
    8.48510516   0.134015129E-05      0.01402497
    8.49913013   0.133837298E-05      0.01402497
    8.51315509   0.133655969E-05      0.01402497
    8.52718006   0.133471220E-05      0.01402497
    8.54120503   0.133283127E-05      0.01402497
    8.55522999   0.133091766E-05      0.01402497
    8.56925496   0.132897213E-05      0.01402497
    8.58327993   0.132699543E-05      0.01402497
    8.59730490   0.132498829E-05      0.01402497
    8.61132986   0.132295146E-05      0.01402497
    8.62535483   0.132088566E-05      0.01402497
    8.63937980   0.131879160E-05      0.01402497
    8.65340476   0.131667002E-05      0.01402497
    8.66742973   0.131452161E-05      0.01402497
    8.68145470   0.131234708E-05      0.01402497
    8.69547967   0.131014712E-05      0.01402497
    8.70950463   0.130792242E-05      0.01402497
    8.72352960   0.130567366E-05      0.01402497
    8.73755457   0.130340151E-05      0.01402497
    8.75157954   0.130110664E-05      0.01402497
    8.76560450   0.129878971E-05      0.01402497
    8.77962947   0.129645136E-05      0.01402497
    8.79365444   0.129409225E-05      0.01402497
    8.80767940   0.129171301E-05      0.01402497
    8.82170437   0.128931427E-05      0.01402497
    8.83572934   0.128689665E-05      0.01402497
    8.84975431   0.128446077E-05      0.01402497
    8.86377927   0.128200723E-05      0.01402497
    8.87780424   0.127953663E-05      0.01402497
    8.89182921   0.127704957E-05      0.01402497
    8.90585417   0.127454664E-05      0.01402497
    8.91987914   0.127202840E-05      0.01402497
    8.93390411   0.126949543E-05      0.01402497
    8.94792908   0.126694829E-05      0.01402497
    8.96195404   0.126438754E-05      0.01402497
    8.97597901   0.126181372E-05      0.01402497
    8.99000398   0.125922737E-05      0.01402497
    9.00402894   0.125662904E-05      0.01402497
    9.01805391   0.125401923E-05      0.01402497
    9.03207888   0.125139847E-05      0.01402497
    9.04610385   0.124876728E-05      0.01402497
    9.06012881   0.124612615E-05      0.01402497
    9.07415378   0.124347558E-05      0.01402497
    9.08817875   0.124081606E-05      0.01402497
    9.10220372   0.123814807E-05      0.01402497
    9.11622868   0.123547208E-05      0.01402497
    9.13025365   0.123278856E-05      0.01402497
    9.14427862   0.123009798E-05      0.01402497
    9.15830358   0.122740078E-05      0.01402497
    9.17232855   0.122469740E-05      0.01402497
    9.18635352   0.122198829E-05      0.01402497
    9.20037849   0.121927388E-05      0.01402497
    9.21440345   0.121655460E-05      0.01402497
    9.22842842   0.121383085E-05      0.01402497
    9.24245339   0.121110306E-05      0.01402497
    9.25647835   0.120837162E-05      0.01402497
    9.27050332   0.120563693E-05      0.01402497
    9.28452829   0.120289938E-05      0.01402497
    9.29855326   0.120015936E-05      0.01402497
    9.31257822   0.119741725E-05      0.01402497
    9.32660319   0.119467341E-05      0.01402497
    9.34062816   0.119192820E-05      0.01402497
    9.35465312   0.118918199E-05      0.01402497
    9.36867809   0.118643513E-05      0.01402497
    9.38270306   0.118368796E-05      0.01402497
    9.39672803   0.118094081E-05      0.01402497
    9.41075299   0.117819403E-05      0.01402497
    9.42477796   0.117544794E-05      0.01402497
    9.43880293   0.117270286E-05      0.01402497
    9.45282790   0.116995910E-05      0.01402497
    9.46685286   0.116721697E-05      0.01402497
    9.48087783   0.116447677E-05      0.01402497
    9.49490280   0.116173880E-05      0.01402497
    9.50892776   0.115900335E-05      0.01402497
    9.52295273   0.115627070E-05      0.01402497
    9.53697770   0.115354113E-05      0.01402497
    9.55100267   0.115081492E-05      0.01402497
    9.56502763   0.114809234E-05      0.01402497
    9.57905260   0.114537364E-05      0.01402497
    9.59307757   0.114265908E-05      0.01402497
    9.60710253   0.113994892E-05      0.01402497
    9.62112750   0.113724340E-05      0.01402497
    9.63515247   0.113454277E-05      0.01402497
    9.64917744   0.113184724E-05      0.01402497
    9.66320240   0.112915707E-05      0.01402497
    9.67722737   0.112647248E-05      0.01402497
    9.69125234   0.112379367E-05      0.01402497
    9.70527730   0.112112088E-05      0.01402497
    9.71930227   0.111845431E-05      0.01402497
    9.73332724   0.111579416E-05      0.01402497
    9.74735221   0.111314065E-05      0.01402497
    9.76137717   0.111049396E-05      0.01402497
    9.77540214   0.110785428E-05      0.01402497
    9.78942711   0.110522181E-05      0.01402497
    9.80345208   0.110259673E-05      0.01402497
    9.81747704   0.109997921E-05      0.01402497
    9.83150201   0.109736944E-05      0.01402497
    9.84552698   0.109476757E-05      0.01402497
    9.85955194   0.109217378E-05      0.01402497
    9.87357691   0.108958822E-05      0.01402497
    9.88760188   0.108701106E-05      0.01402497
    9.90162685   0.108444244E-05      0.01402497
    9.91565181   0.108188252E-05      0.01402497
    9.92967678   0.107933144E-05      0.01402497
    9.94370175   0.107678934E-05      0.01402497
    9.95772671   0.107425637E-05      0.01402497
    9.97175168   0.107173264E-05      0.01402497
    9.98577665   0.106921830E-05      0.01402497
    9.99980162   0.106671346E-05      0.01402497
   10.01382658   0.106421826E-05      0.01402497
   10.02785155   0.106173280E-05      0.01402497
   10.04187652   0.105925721E-05      0.01402497
   10.05590148   0.105679160E-05      0.01402497
   10.06992645   0.105433608E-05      0.01402497
   10.08395142   0.105189074E-05      0.01402497
   10.09797639   0.104945570E-05      0.01402497
   10.11200135   0.104703105E-05      0.01402497
   10.12602632   0.104461688E-05      0.01402497
   10.14005129   0.104221330E-05      0.01402497
   10.15407626   0.103982038E-05      0.01402497
   10.16810122   0.103743822E-05      0.01402497
   10.18212619   0.103506689E-05      0.01402497
   10.19615116   0.103270648E-05      0.01402497
   10.21017612   0.103035707E-05      0.01402497
   10.22420109   0.102801873E-05      0.01402497
   10.23822606   0.102569152E-05      0.01402497
   10.25225103   0.102337553E-05      0.01402497
   10.26627599   0.102107082E-05      0.01402497
   10.28030096   0.101877744E-05      0.01402497
   10.29432593   0.101649547E-05      0.01402497
   10.30835089   0.101422495E-05      0.01402497
   10.32237586   0.101196595E-05      0.01402497
   10.33640083   0.100971852E-05      0.01402497
   10.35042580   0.100748271E-05      0.01402497
   10.36445076   0.100525857E-05      0.01402497
   10.37847573   0.100304614E-05      0.01402497
   10.39250070   0.100084548E-05      0.01402497
   10.40652567   0.998656611E-06      0.01402497
   10.42055063   0.996479586E-06      0.01402497
   10.43457560   0.994314438E-06      0.01402497
   10.44860057   0.992161204E-06      0.01402497
   10.46262553   0.990019918E-06      0.01402497
   10.47665050   0.987890608E-06      0.01402497
   10.49067547   0.985773306E-06      0.01402497
   10.50470044   0.983668038E-06      0.01402497
   10.51872540   0.981574831E-06      0.01402497
   10.53275037   0.979493706E-06      0.01402497
   10.54677534   0.977424686E-06      0.01402497
   10.56080030   0.975367792E-06      0.01402497
   10.57482527   0.973323039E-06      0.01402497
   10.58885024   0.971290446E-06      0.01402497
   10.60287521   0.969270026E-06      0.01402497
   10.61690017   0.967261795E-06      0.01402497
   10.63092514   0.965265760E-06      0.01402497
   10.64495011   0.963281932E-06      0.01402497
   10.65897507   0.961310323E-06      0.01402497
   10.67300004   0.959350934E-06      0.01402497
   10.68702501   0.957403773E-06      0.01402497
   10.70104998   0.955468844E-06      0.01402497
   10.71507494   0.953546150E-06      0.01402497
   10.72909991   0.951635690E-06      0.01402497
   10.74312488   0.949737463E-06      0.01402497
   10.75714985   0.947851470E-06      0.01402497
   10.77117481   0.945977706E-06      0.01402497
   10.78519978   0.944116167E-06      0.01402497
   10.79922475   0.942266847E-06      0.01402497
   10.81324971   0.940429740E-06      0.01402497
   10.82727468   0.938604837E-06      0.01402497
   10.84129965   0.936792130E-06      0.01402497
   10.85532462   0.934991607E-06      0.01402497
   10.86934958   0.933203260E-06      0.01402497
   10.88337455   0.931427072E-06      0.01402497
   10.89739952   0.929663032E-06      0.01402497
   10.91142448   0.927911126E-06      0.01402497
   10.92544945   0.926171337E-06      0.01402497
   10.93947442   0.924443649E-06      0.01402497
   10.95349939   0.922728045E-06      0.01402497
   10.96752435   0.921024507E-06      0.01402497
   10.98154932   0.919333014E-06      0.01402497
   10.99557429   0.917653547E-06      0.01402497
   11.00959925   0.915986086E-06      0.01402497
   11.02362422   0.914330607E-06      0.01402497
   11.03764919   0.912687089E-06      0.01402497
   11.05167416   0.911055507E-06      0.01402497
   11.06569912   0.909435840E-06      0.01402497
   11.07972409   0.907828059E-06      0.01402497
   11.09374906   0.906232141E-06      0.01402497
   11.10777403   0.904648059E-06      0.01402497
   11.12179899   0.903075787E-06      0.01402497
   11.13582396   0.901515296E-06      0.01402497
   11.14984893   0.899966557E-06      0.01402497
   11.16387389   0.898429545E-06      0.01402497
   11.17789886   0.896904225E-06      0.01402497
   11.19192383   0.895390571E-06      0.01402497
   11.20594880   0.893888550E-06      0.01402497
   11.21997376   0.892398133E-06      0.01402497
   11.23399873   0.890919287E-06      0.01402497
   11.24802370   0.889451979E-06      0.01402497
   11.26204866   0.887996179E-06      0.01402497
   11.27607363   0.886551850E-06      0.01402497
   11.29009860   0.885118961E-06      0.01402497
   11.30412357   0.883697477E-06      0.01402497
   11.31814853   0.882287365E-06      0.01402497
   11.33217350   0.880888588E-06      0.01402497
   11.34619847   0.879501111E-06      0.01402497
   11.36022343   0.878124901E-06      0.01402497
   11.37424840   0.876759918E-06      0.01402497
   11.38827337   0.875406127E-06      0.01402497
   11.40229834   0.874063492E-06      0.01402497
   11.41632330   0.872731976E-06      0.01402497
   11.43034827   0.871411541E-06      0.01402497
   11.44437324   0.870102149E-06      0.01402497
   11.45839821   0.868803762E-06      0.01402497
   11.47242317   0.867516344E-06      0.01402497
   11.48644814   0.866239853E-06      0.01402497
   11.50047311   0.864974252E-06      0.01402497
   11.51449807   0.863719503E-06      0.01402497
   11.52852304   0.862475565E-06      0.01402497
   11.54254801   0.861242400E-06      0.01402497
   11.55657298   0.860019967E-06      0.01402497
   11.57059794   0.858808228E-06      0.01402497
   11.58462291   0.857607141E-06      0.01402497
   11.59864788   0.856416667E-06      0.01402497
   11.61267284   0.855236766E-06      0.01402497
   11.62669781   0.854067397E-06      0.01402497
   11.64072278   0.852908518E-06      0.01402497
   11.65474775   0.851760091E-06      0.01402497
   11.66877271   0.850622074E-06      0.01402497
   11.68279768   0.849494426E-06      0.01402497
   11.69682265   0.848377105E-06      0.01402497
   11.71084761   0.847270072E-06      0.01402497
   11.72487258   0.846173283E-06      0.01402497
   11.73889755   0.845086699E-06      0.01402497
   11.75292252   0.844010278E-06      0.01402497
   11.76694748   0.842943979E-06      0.01402497
   11.78097245   0.841887759E-06      0.01402497
   11.79499742   0.840841578E-06      0.01402497
   11.80902239   0.839805394E-06      0.01402497
   11.82304735   0.838779166E-06      0.01402497
   11.83707232   0.837762850E-06      0.01402497
   11.85109729   0.836756408E-06      0.01402497
   11.86512225   0.835759796E-06      0.01402497
   11.87914722   0.834772973E-06      0.01402497
   11.89317219   0.833795897E-06      0.01402497
   11.90719716   0.832828527E-06      0.01402497
   11.92122212   0.831870823E-06      0.01402497
   11.93524709   0.830922740E-06      0.01402497
   11.94927206   0.829984238E-06      0.01402497
   11.96329702   0.829055277E-06      0.01402497
   11.97732199   0.828135814E-06      0.01402497
   11.99134696   0.827225808E-06      0.01402497
   12.00537193   0.826325217E-06      0.01402497
   12.01939689   0.825434002E-06      0.01402497
   12.03342186   0.824552119E-06      0.01402497
   12.04744683   0.823679528E-06      0.01402497
   12.06147180   0.822816189E-06      0.01402497
   12.07549676   0.821962060E-06      0.01402497
   12.08952173   0.821117100E-06      0.01402497
   12.10354670   0.820281269E-06      0.01402497
   12.11757166   0.819454526E-06      0.01402497
   12.13159663   0.818636830E-06      0.01402497
   12.14562160   0.817828140E-06      0.01402497
   12.15964657   0.817028417E-06      0.01402497
   12.17367153   0.816237620E-06      0.01402497
   12.18769650   0.815455709E-06      0.01402497
   12.20172147   0.814682643E-06      0.01402497
   12.21574643   0.813918384E-06      0.01402497
   12.22977140   0.813162891E-06      0.01402497
   12.24379637   0.812416124E-06      0.01402497
   12.25782134   0.811678043E-06      0.01402497
   12.27184630   0.810948611E-06      0.01402497
   12.28587127   0.810227786E-06      0.01402497
   12.29989624   0.809515531E-06      0.01402497
   12.31392120   0.808811806E-06      0.01402497
   12.32794617   0.808116571E-06      0.01402497
   12.34197114   0.807429789E-06      0.01402497
   12.35599611   0.806751421E-06      0.01402497
   12.37002107   0.806081429E-06      0.01402497
   12.38404604   0.805419773E-06      0.01402497
   12.39807101   0.804766417E-06      0.01402497
   12.41209598   0.804121322E-06      0.01402497
   12.42612094   0.803484450E-06      0.01402497
   12.44014591   0.802855764E-06      0.01402497
   12.45417088   0.802235227E-06      0.01402497
   12.46819584   0.801622800E-06      0.01402497
   12.48222081   0.801018447E-06      0.01402497
   12.49624578   0.800422132E-06      0.01402497
   12.51027075   0.799833816E-06      0.01402497
   12.52429571   0.799253464E-06      0.01402497
   12.53832068   0.798681039E-06      0.01402497
   12.55234565   0.798116505E-06      0.01402497
   12.56637061   0.797559826E-06      0.01402497
   12.58039558   0.797010966E-06      0.01402497
   12.59442055   0.796469889E-06      0.01402497
   12.60844552   0.795936560E-06      0.01402497
   12.62247048   0.795410943E-06      0.01402497
   12.63649545   0.794893004E-06      0.01402497
   12.65052042   0.794382706E-06      0.01402497
   12.66454538   0.793880016E-06      0.01402497
   12.67857035   0.793384899E-06      0.01402497
   12.69259532   0.792897320E-06      0.01402497
   12.70662029   0.792417246E-06      0.01402497
   12.72064525   0.791944642E-06      0.01402497
   12.73467022   0.791479474E-06      0.01402497
   12.74869519   0.791021708E-06      0.01402497
   12.76272016   0.790571312E-06      0.01402497
   12.77674512   0.790128252E-06      0.01402497
   12.79077009   0.789692495E-06      0.01402497
   12.80479506   0.789264008E-06      0.01402497
   12.81882002   0.788842758E-06      0.01402497
   12.83284499   0.788428713E-06      0.01402497
   12.84686996   0.788021840E-06      0.01402497
   12.86089493   0.787622108E-06      0.01402497
   12.87491989   0.787229484E-06      0.01402497
   12.88894486   0.786843937E-06      0.01402497
   12.90296983   0.786465436E-06      0.01402497
   12.91699479   0.786093948E-06      0.01402497
   12.93101976   0.785729444E-06      0.01402497
   12.94504473   0.785371891E-06      0.01402497
   12.95906970   0.785021259E-06      0.01402497
   12.97309466   0.784677518E-06      0.01402497
   12.98711963   0.784340638E-06      0.01402497
   13.00114460   0.784010587E-06      0.01402497
   13.01516956   0.783687337E-06      0.01402497
   13.02919453   0.783370858E-06      0.01402497
   13.04321950   0.783061119E-06      0.01402497
   13.05724447   0.782758092E-06      0.01402497
   13.07126943   0.782461748E-06      0.01402497
   13.08529440   0.782172057E-06      0.01402497
   13.09931937   0.781888990E-06      0.01402497
   13.11334434   0.781612520E-06      0.01402497
   13.12736930   0.781342618E-06      0.01402497
   13.14139427   0.781079256E-06      0.01402497
   13.15541924   0.780822405E-06      0.01402497
   13.16944420   0.780572038E-06      0.01402497
   13.18346917   0.780328127E-06      0.01402497
   13.19749414   0.780090645E-06      0.01402497
   13.21151911   0.779859565E-06      0.01402497
   13.22554407   0.779634860E-06      0.01402497
   13.23956904   0.779416503E-06      0.01402497
   13.25359401   0.779204466E-06      0.01402497
   13.26761897   0.778998725E-06      0.01402497
   13.28164394   0.778799252E-06      0.01402497
   13.29566891   0.778606022E-06      0.01402497
   13.30969388   0.778419008E-06      0.01402497
   13.32371884   0.778238186E-06      0.01402497
   13.33774381   0.778063529E-06      0.01402497
   13.35176878   0.777895012E-06      0.01402497
   13.36579374   0.777732610E-06      0.01402497
   13.37981871   0.777576299E-06      0.01402497
   13.39384368   0.777426053E-06      0.01402497
   13.40786865   0.777281848E-06      0.01402497
   13.42189361   0.777143660E-06      0.01402497
   13.43591858   0.777011464E-06      0.01402497
   13.44994355   0.776885236E-06      0.01402497
   13.46396852   0.776764953E-06      0.01402497
   13.47799348   0.776650592E-06      0.01402497
   13.49201845   0.776542128E-06      0.01402497
   13.50604342   0.776439538E-06      0.01402497
   13.52006838   0.776342800E-06      0.01402497
   13.53409335   0.776251890E-06      0.01402497
   13.54811832   0.776166785E-06      0.01402497
   13.56214329   0.776087464E-06      0.01402497
   13.57616825   0.776013904E-06      0.01402497
   13.59019322   0.775946083E-06      0.01402497
   13.60421819   0.775883978E-06      0.01402497
   13.61824315   0.775827568E-06      0.01402497
   13.63226812   0.775776831E-06      0.01402497
   13.64629309   0.775731746E-06      0.01402497
   13.66031806   0.775692291E-06      0.01402497
   13.67434302   0.775658446E-06      0.01402497
   13.68836799   0.775630189E-06      0.01402497
   13.70239296   0.775607500E-06      0.01402497
   13.71641793   0.775590357E-06      0.01402497
   13.73044289   0.775578742E-06      0.01402497
   13.74446786   0.775572632E-06      0.01402497
   13.75849283   0.775572009E-06      0.01402497
   13.77251779   0.775576852E-06      0.01402497
   13.78654276   0.775587142E-06      0.01402497
   13.80056773   0.775602858E-06      0.01402497
   13.81459270   0.775623982E-06      0.01402497
   13.82861766   0.775650494E-06      0.01402497
   13.84264263   0.775682376E-06      0.01402497
   13.85666760   0.775719607E-06      0.01402497
   13.87069256   0.775762170E-06      0.01402497
   13.88471753   0.775810046E-06      0.01402497
   13.89874250   0.775863216E-06      0.01402497
   13.91276747   0.775921662E-06      0.01402497
   13.92679243   0.775985367E-06      0.01402497
   13.94081740   0.776054311E-06      0.01402497
   13.95484237   0.776128477E-06      0.01402497
   13.96886733   0.776207847E-06      0.01402497
   13.98289230   0.776292405E-06      0.01402497
   13.99691727   0.776382132E-06      0.01402497
   14.01094224   0.776477012E-06      0.01402497
   14.02496720   0.776577027E-06      0.01402497
   14.03899217   0.776682160E-06      0.01402497
   14.05301714   0.776792396E-06      0.01402497
   14.06704211   0.776907716E-06      0.01402497
   14.08106707   0.777028105E-06      0.01402497
   14.09509204   0.777153546E-06      0.01402497
   14.10911701   0.777284024E-06      0.01402497
   14.12314197   0.777419522E-06      0.01402497
   14.13716694   0.777560024E-06      0.01402497
   14.15119191   0.777705515E-06      0.01402497
   14.16521688   0.777855979E-06      0.01402497
   14.17924184   0.778011400E-06      0.01402497
   14.19326681   0.778171765E-06      0.01402497
   14.20729178   0.778337056E-06      0.01402497
   14.22131674   0.778507260E-06      0.01402497
   14.23534171   0.778682361E-06      0.01402497
   14.24936668   0.778862345E-06      0.01402497
   14.26339165   0.779047197E-06      0.01402497
   14.27741661   0.779236903E-06      0.01402497
   14.29144158   0.779431448E-06      0.01402497
   14.30546655   0.779630819E-06      0.01402497
   14.31949151   0.779835000E-06      0.01402497
   14.33351648   0.780043979E-06      0.01402497
   14.34754145   0.780257742E-06      0.01402497
   14.36156642   0.780476275E-06      0.01402497
   14.37559138   0.780699564E-06      0.01402497
   14.38961635   0.780927596E-06      0.01402497
   14.40364132   0.781160358E-06      0.01402497
   14.41766629   0.781397837E-06      0.01402497
   14.43169125   0.781640019E-06      0.01402497
   14.44571622   0.781886893E-06      0.01402497
   14.45974119   0.782138445E-06      0.01402497
   14.47376615   0.782394662E-06      0.01402497
   14.48779112   0.782655533E-06      0.01402497
   14.50181609   0.782921045E-06      0.01402497
   14.51584106   0.783191185E-06      0.01402497
   14.52986602   0.783465942E-06      0.01402497
   14.54389099   0.783745303E-06      0.01402497
   14.55791596   0.784029258E-06      0.01402497
   14.57194092   0.784317793E-06      0.01402497
   14.58596589   0.784610898E-06      0.01402497
   14.59999086   0.784908560E-06      0.01402497
   14.61401583   0.785210769E-06      0.01402497
   14.62804079   0.785517514E-06      0.01402497
   14.64206576   0.785828783E-06      0.01402497
   14.65609073   0.786144565E-06      0.01402497
   14.67011569   0.786464849E-06      0.01402497
   14.68414066   0.786789625E-06      0.01402497
   14.69816563   0.787118882E-06      0.01402497
   14.71219060   0.787452609E-06      0.01402497
   14.72621556   0.787790795E-06      0.01402497
   14.74024053   0.788133432E-06      0.01402497
   14.75426550   0.788480508E-06      0.01402497
   14.76829047   0.788832013E-06      0.01402497
   14.78231543   0.789187937E-06      0.01402497
   14.79634040   0.789548271E-06      0.01402497
   14.81036537   0.789913005E-06      0.01402497
   14.82439033   0.790282128E-06      0.01402497
   14.83841530   0.790655631E-06      0.01402497
   14.85244027   0.791033506E-06      0.01402497
   14.86646524   0.791415743E-06      0.01402497
   14.88049020   0.791802331E-06      0.01402497
   14.89451517   0.792193263E-06      0.01402497
   14.90854014   0.792588529E-06      0.01402497
   14.92256510   0.792988120E-06      0.01402497
   14.93659007   0.793392028E-06      0.01402497
   14.95061504   0.793800244E-06      0.01402497
   14.96464001   0.794212759E-06      0.01402497
   14.97866497   0.794629564E-06      0.01402497
   14.99268994   0.795050652E-06      0.01402497
   15.00671491   0.795476013E-06      0.01402497
   15.02073987   0.795905640E-06      0.01402497
   15.03476484   0.796339525E-06      0.01402497
   15.04878981   0.796777659E-06      0.01402497
   15.06281478   0.797220035E-06      0.01402497
   15.07683974   0.797666644E-06      0.01402497
   15.09086471   0.798117480E-06      0.01402497
   15.10488968   0.798572534E-06      0.01402497
   15.11891465   0.799031799E-06      0.01402497
   15.13293961   0.799495267E-06      0.01402497
   15.14696458   0.799962931E-06      0.01402497
   15.16098955   0.800434784E-06      0.01402497
   15.17501451   0.800910819E-06      0.01402497
   15.18903948   0.801391028E-06      0.01402497
   15.20306445   0.801875405E-06      0.01402497
   15.21708942   0.802363943E-06      0.01402497
   15.23111438   0.802856634E-06      0.01402497
   15.24513935   0.803353473E-06      0.01402497
   15.25916432   0.803854452E-06      0.01402497
   15.27318928   0.804359564E-06      0.01402497
   15.28721425   0.804868805E-06      0.01402497
   15.30123922   0.805382167E-06      0.01402497
   15.31526419   0.805899644E-06      0.01402497
   15.32928915   0.806421229E-06      0.01402497
   15.34331412   0.806946917E-06      0.01402497
   15.35733909   0.807476701E-06      0.01402497
   15.37136406   0.808010576E-06      0.01402497
   15.38538902   0.808548536E-06      0.01402497
   15.39941399   0.809090575E-06      0.01402497
   15.41343896   0.809636687E-06      0.01402497
   15.42746392   0.810186867E-06      0.01402497
   15.44148889   0.810741109E-06      0.01402497
   15.45551386   0.811299408E-06      0.01402497
   15.46953883   0.811861758E-06      0.01402497
   15.48356379   0.812428154E-06      0.01402497
   15.49758876   0.812998591E-06      0.01402497
   15.51161373   0.813573064E-06      0.01402497
   15.52563869   0.814151568E-06      0.01402497
   15.53966366   0.814734097E-06      0.01402497
   15.55368863   0.815320647E-06      0.01402497
   15.56771360   0.815911214E-06      0.01402497
   15.58173856   0.816505791E-06      0.01402497
   15.59576353   0.817104375E-06      0.01402497
   15.60978850   0.817706962E-06      0.01402497
   15.62381346   0.818313545E-06      0.01402497
   15.63783843   0.818924123E-06      0.01402497
   15.65186340   0.819538688E-06      0.01402497
   15.66588837   0.820157239E-06      0.01402497
   15.67991333   0.820779769E-06      0.01402497
   15.69393830   0.821406276E-06      0.01402497
