 #            /
 #    G   =   | df f(w) g(w)
 #            /
 # 
 #  w_ave       G         dG        w_low   w_high
   0.077  0.3881E+00  0.4530E-02   -0.007    0.161
   0.238  0.2075E+00  0.1998E-02    0.161    0.316
   0.393  0.9383E-01  0.2946E-02    0.316    0.470
   0.547  0.4597E-01  0.1602E-02    0.470    0.624
   0.701  0.3139E-01  0.7163E-03    0.624    0.778
   0.863  0.3422E-01  0.1049E-02    0.778    0.947
   1.024  0.3812E-01  0.1589E-02    0.947    1.101
   1.178  0.4081E-01  0.1511E-02    1.101    1.255
   1.332  0.3089E-01  0.9203E-03    1.255    1.410
   1.487  0.1540E-01  0.8134E-03    1.410    1.564
   1.648  0.5557E-02  0.6461E-03    1.564    1.732
   1.809  0.1253E-02  0.2864E-03    1.732    1.886
   1.963  0.2902E-03  0.1099E-03    1.886    2.041
   2.118  0.6668E-04  0.3742E-04    2.041    2.195
   2.272  0.1703E-04  0.1284E-04    2.195    2.349
   2.433  0.5642E-05  0.5281E-05    2.349    2.517
   2.595  0.2159E-05  0.2324E-05    2.517    2.672
   2.749  0.1422E-05  0.1626E-05    2.672    2.826
   2.903  0.1526E-05  0.1737E-05    2.826    2.980
   3.057  0.2958E-05  0.3134E-05    2.980    3.135
   3.212  0.1106E-04  0.1017E-04    3.135    3.289
   3.373  0.7299E-04  0.5316E-04    3.289    3.457
   3.534  0.3058E-03  0.1620E-03    3.457    3.611
   3.689  0.7311E-03  0.2420E-03    3.611    3.766
   3.843  0.9262E-03  0.1400E-03    3.766    3.920
   3.997  0.7030E-03  0.1343E-03    3.920    4.074
   4.158  0.3870E-03  0.1710E-03    4.074    4.243
   4.320  0.1290E-03  0.9957E-04    4.243    4.397
   4.474  0.3780E-04  0.4359E-04    4.397    4.551
   4.628  0.8809E-05  0.1419E-04    4.551    4.705
   4.783  0.1669E-05  0.3579E-05    4.705    4.860
   4.944  0.2682E-06  0.7416E-06    4.860    5.028
   5.105  0.3616E-07  0.1286E-06    5.028    5.182
   5.259  0.3243E-07  0.1410E-06    5.182    5.337
   5.414  0.3655E-07  0.1869E-06    5.337    5.491
   5.568  0.4129E-07  0.2431E-06    5.491    5.645
   5.729  0.5124E-07  0.3426E-06    5.645    5.813
   5.890  0.5343E-07  0.3981E-06    5.813    5.968
   6.045  0.6041E-07  0.4915E-06    5.968    6.122
   6.199  0.6820E-07  0.5976E-06    6.122    6.276
   6.353  0.7683E-07  0.7159E-06    6.276    6.430
   6.508  0.8631E-07  0.8452E-06    6.430    6.585
   6.669  0.1060E-06  0.1080E-05    6.585    6.753
   6.830  0.1088E-06  0.1143E-05    6.753    6.907
   6.984  0.1208E-06  0.1292E-05    6.907    7.062
   7.139  0.1334E-06  0.1442E-05    7.062    7.216
   7.293  0.1467E-06  0.1589E-05    7.216    7.370
   7.454  0.1756E-06  0.1892E-05    7.370    7.538
   7.616  0.1757E-06  0.1868E-05    7.538    7.693
   7.770  0.1899E-06  0.1981E-05    7.693    7.847
   7.924  0.2041E-06  0.2079E-05    7.847    8.001
   8.078  0.2181E-06  0.2158E-05    8.001    8.156
   8.240  0.2535E-06  0.2424E-05    8.156    8.324
   8.401  0.2461E-06  0.2266E-05    8.324    8.478
   8.555  0.2584E-06  0.2293E-05    8.478    8.632
   8.710  0.2699E-06  0.2306E-05    8.632    8.787
   8.864  0.2803E-06  0.2308E-05    8.787    8.941
   9.025  0.3163E-06  0.2513E-05    8.941    9.109
   9.186  0.2983E-06  0.2295E-05    9.109    9.263
   9.341  0.3050E-06  0.2286E-05    9.263    9.418
   9.495  0.3103E-06  0.2276E-05    9.418    9.572
   9.649  0.3142E-06  0.2268E-05    9.572    9.726
   9.803  0.3168E-06  0.2259E-05    9.726    9.881
   9.965  0.3470E-06  0.2453E-05    9.881   10.049
  10.126  0.3180E-06  0.2235E-05   10.049   10.203
  10.280  0.3167E-06  0.2215E-05   10.203   10.357
  10.435  0.3142E-06  0.2188E-05   10.357   10.512
  10.589  0.3107E-06  0.2150E-05   10.512   10.666
  10.750  0.3338E-06  0.2290E-05   10.666   10.834
  10.911  0.3004E-06  0.2035E-05   10.834   10.989
  11.066  0.2943E-06  0.1962E-05   10.989   11.143
  11.220  0.2876E-06  0.1877E-05   11.143   11.297
  11.374  0.2803E-06  0.1781E-05   11.297   11.451
  11.536  0.2971E-06  0.1824E-05   11.451   11.620
  11.697  0.2639E-06  0.1557E-05   11.620   11.774
  11.851  0.2557E-06  0.1443E-05   11.774   11.928
  12.005  0.2472E-06  0.1328E-05   11.928   12.083
  12.160  0.2387E-06  0.1217E-05   12.083   12.237
  12.321  0.2506E-06  0.1210E-05   12.237   12.405
  12.482  0.2208E-06  0.1014E-05   12.405   12.559
  12.636  0.2124E-06  0.9422E-06   12.559   12.714
  12.791  0.2041E-06  0.8923E-06   12.714   12.868
  12.945  0.1959E-06  0.8681E-06   12.868   13.022
  13.099  0.1880E-06  0.8701E-06   13.022   13.176
  13.261  0.1962E-06  0.9793E-06   13.176   13.345
  13.422  0.1720E-06  0.9464E-06   13.345   13.499
  13.576  0.1648E-06  0.1007E-05   13.499   13.653
  13.730  0.1578E-06  0.1077E-05   13.653   13.808
  13.885  0.1510E-06  0.1151E-05   13.808   13.962
  14.046  0.1574E-06  0.1343E-05   13.962   14.130
  14.207  0.1378E-06  0.1311E-05   14.130   14.284
  14.362  0.1319E-06  0.1384E-05   14.284   14.439
  14.516  0.1263E-06  0.1455E-05   14.439   14.593
  14.670  0.1209E-06  0.1522E-05   14.593   14.747
  14.831  0.1261E-06  0.1732E-05   14.747   14.916
  14.993  0.1105E-06  0.1648E-05   14.916   15.070
  15.147  0.1059E-06  0.1701E-05   15.070   15.224
  15.301  0.1015E-06  0.1750E-05   15.224   15.378
  15.456  0.9731E-07  0.1794E-05   15.378   15.533
  15.617  0.1016E-06  0.2002E-05   15.533   15.701
 #  
 #  the image at the mode
 #    w         f(w) 
 0.0000E+00  0.3562E-01
 0.1402E-01  0.3555E-01
 0.2805E-01  0.3530E-01
 0.4207E-01  0.3488E-01
 0.5610E-01  0.3429E-01
 0.7012E-01  0.3355E-01
 0.8415E-01  0.3266E-01
 0.9817E-01  0.3165E-01
 0.1122E+00  0.3053E-01
 0.1262E+00  0.2932E-01
 0.1402E+00  0.2805E-01
 0.1543E+00  0.2672E-01
 0.1683E+00  0.2536E-01
 0.1823E+00  0.2399E-01
 0.1963E+00  0.2262E-01
 0.2104E+00  0.2126E-01
 0.2244E+00  0.1993E-01
 0.2384E+00  0.1864E-01
 0.2524E+00  0.1740E-01
 0.2665E+00  0.1621E-01
 0.2805E+00  0.1507E-01
 0.2945E+00  0.1400E-01
 0.3085E+00  0.1299E-01
 0.3226E+00  0.1205E-01
 0.3366E+00  0.1117E-01
 0.3506E+00  0.1036E-01
 0.3646E+00  0.9601E-02
 0.3787E+00  0.8905E-02
 0.3927E+00  0.8265E-02
 0.4067E+00  0.7679E-02
 0.4207E+00  0.7142E-02
 0.4348E+00  0.6653E-02
 0.4488E+00  0.6207E-02
 0.4628E+00  0.5802E-02
 0.4768E+00  0.5435E-02
 0.4909E+00  0.5102E-02
 0.5049E+00  0.4801E-02
 0.5189E+00  0.4529E-02
 0.5329E+00  0.4285E-02
 0.5470E+00  0.4065E-02
 0.5610E+00  0.3867E-02
 0.5750E+00  0.3691E-02
 0.5890E+00  0.3533E-02
 0.6031E+00  0.3394E-02
 0.6171E+00  0.3270E-02
 0.6311E+00  0.3161E-02
 0.6451E+00  0.3066E-02
 0.6592E+00  0.2984E-02
 0.6732E+00  0.2913E-02
 0.6872E+00  0.2854E-02
 0.7012E+00  0.2805E-02
 0.7153E+00  0.2765E-02
 0.7293E+00  0.2735E-02
 0.7433E+00  0.2713E-02
 0.7573E+00  0.2700E-02
 0.7714E+00  0.2694E-02
 0.7854E+00  0.2696E-02
 0.7994E+00  0.2704E-02
 0.8134E+00  0.2720E-02
 0.8275E+00  0.2741E-02
 0.8415E+00  0.2769E-02
 0.8555E+00  0.2802E-02
 0.8695E+00  0.2841E-02
 0.8836E+00  0.2885E-02
 0.8976E+00  0.2933E-02
 0.9116E+00  0.2985E-02
 0.9256E+00  0.3041E-02
 0.9397E+00  0.3100E-02
 0.9537E+00  0.3162E-02
 0.9677E+00  0.3225E-02
 0.9817E+00  0.3289E-02
 0.9958E+00  0.3353E-02
 0.1010E+01  0.3417E-02
 0.1024E+01  0.3478E-02
 0.1038E+01  0.3538E-02
 0.1052E+01  0.3593E-02
 0.1066E+01  0.3645E-02
 0.1080E+01  0.3690E-02
 0.1094E+01  0.3728E-02
 0.1108E+01  0.3759E-02
 0.1122E+01  0.3781E-02
 0.1136E+01  0.3794E-02
 0.1150E+01  0.3796E-02
 0.1164E+01  0.3787E-02
 0.1178E+01  0.3767E-02
 0.1192E+01  0.3736E-02
 0.1206E+01  0.3692E-02
 0.1220E+01  0.3637E-02
 0.1234E+01  0.3570E-02
 0.1248E+01  0.3491E-02
 0.1262E+01  0.3403E-02
 0.1276E+01  0.3304E-02
 0.1290E+01  0.3197E-02
 0.1304E+01  0.3081E-02
 0.1318E+01  0.2959E-02
 0.1332E+01  0.2831E-02
 0.1346E+01  0.2698E-02
 0.1360E+01  0.2562E-02
 0.1374E+01  0.2425E-02
 0.1388E+01  0.2286E-02
 0.1402E+01  0.2147E-02
 0.1417E+01  0.2010E-02
 0.1431E+01  0.1875E-02
 0.1445E+01  0.1743E-02
 0.1459E+01  0.1615E-02
 0.1473E+01  0.1492E-02
 0.1487E+01  0.1374E-02
 0.1501E+01  0.1261E-02
 0.1515E+01  0.1154E-02
 0.1529E+01  0.1053E-02
 0.1543E+01  0.9578E-03
 0.1557E+01  0.8691E-03
 0.1571E+01  0.7865E-03
 0.1585E+01  0.7099E-03
 0.1599E+01  0.6392E-03
 0.1613E+01  0.5742E-03
 0.1627E+01  0.5146E-03
 0.1641E+01  0.4602E-03
 0.1655E+01  0.4107E-03
 0.1669E+01  0.3658E-03
 0.1683E+01  0.3252E-03
 0.1697E+01  0.2886E-03
 0.1711E+01  0.2557E-03
 0.1725E+01  0.2262E-03
 0.1739E+01  0.1997E-03
 0.1753E+01  0.1762E-03
 0.1767E+01  0.1552E-03
 0.1781E+01  0.1365E-03
 0.1795E+01  0.1200E-03
 0.1809E+01  0.1053E-03
 0.1823E+01  0.9235E-04
 0.1837E+01  0.8093E-04
 0.1851E+01  0.7086E-04
 0.1865E+01  0.6201E-04
 0.1879E+01  0.5423E-04
 0.1893E+01  0.4741E-04
 0.1907E+01  0.4143E-04
 0.1921E+01  0.3619E-04
 0.1935E+01  0.3161E-04
 0.1949E+01  0.2760E-04
 0.1963E+01  0.2411E-04
 0.1978E+01  0.2105E-04
 0.1992E+01  0.1839E-04
 0.2006E+01  0.1606E-04
 0.2020E+01  0.1404E-04
 0.2034E+01  0.1227E-04
 0.2048E+01  0.1074E-04
 0.2062E+01  0.9397E-05
 0.2076E+01  0.8229E-05
 0.2090E+01  0.7212E-05
 0.2104E+01  0.6326E-05
 0.2118E+01  0.5554E-05
 0.2132E+01  0.4880E-05
 0.2146E+01  0.4293E-05
 0.2160E+01  0.3781E-05
 0.2174E+01  0.3334E-05
 0.2188E+01  0.2943E-05
 0.2202E+01  0.2602E-05
 0.2216E+01  0.2304E-05
 0.2230E+01  0.2042E-05
 0.2244E+01  0.1814E-05
 0.2258E+01  0.1613E-05
 0.2272E+01  0.1438E-05
 0.2286E+01  0.1283E-05
 0.2300E+01  0.1148E-05
 0.2314E+01  0.1028E-05
 0.2328E+01  0.9234E-06
 0.2342E+01  0.8308E-06
 0.2356E+01  0.7490E-06
 0.2370E+01  0.6768E-06
 0.2384E+01  0.6130E-06
 0.2398E+01  0.5565E-06
 0.2412E+01  0.5064E-06
 0.2426E+01  0.4619E-06
 0.2440E+01  0.4224E-06
 0.2454E+01  0.3873E-06
 0.2468E+01  0.3561E-06
 0.2482E+01  0.3282E-06
 0.2496E+01  0.3034E-06
 0.2510E+01  0.2813E-06
 0.2524E+01  0.2615E-06
 0.2539E+01  0.2438E-06
 0.2553E+01  0.2280E-06
 0.2567E+01  0.2139E-06
 0.2581E+01  0.2013E-06
 0.2595E+01  0.1900E-06
 0.2609E+01  0.1800E-06
 0.2623E+01  0.1710E-06
 0.2637E+01  0.1631E-06
 0.2651E+01  0.1560E-06
 0.2665E+01  0.1498E-06
 0.2679E+01  0.1443E-06
 0.2693E+01  0.1395E-06
 0.2707E+01  0.1354E-06
 0.2721E+01  0.1319E-06
 0.2735E+01  0.1290E-06
 0.2749E+01  0.1266E-06
 0.2763E+01  0.1247E-06
 0.2777E+01  0.1233E-06
 0.2791E+01  0.1225E-06
 0.2805E+01  0.1222E-06
 0.2819E+01  0.1223E-06
 0.2833E+01  0.1230E-06
 0.2847E+01  0.1242E-06
 0.2861E+01  0.1259E-06
 0.2875E+01  0.1283E-06
 0.2889E+01  0.1313E-06
 0.2903E+01  0.1349E-06
 0.2917E+01  0.1393E-06
 0.2931E+01  0.1446E-06
 0.2945E+01  0.1507E-06
 0.2959E+01  0.1579E-06
 0.2973E+01  0.1662E-06
 0.2987E+01  0.1758E-06
 0.3001E+01  0.1870E-06
 0.3015E+01  0.1999E-06
 0.3029E+01  0.2148E-06
 0.3043E+01  0.2321E-06
 0.3057E+01  0.2521E-06
 0.3071E+01  0.2754E-06
 0.3085E+01  0.3024E-06
 0.3100E+01  0.3340E-06
 0.3114E+01  0.3709E-06
 0.3128E+01  0.4140E-06
 0.3142E+01  0.4648E-06
 0.3156E+01  0.5244E-06
 0.3170E+01  0.5948E-06
 0.3184E+01  0.6780E-06
 0.3198E+01  0.7764E-06
 0.3212E+01  0.8929E-06
 0.3226E+01  0.1031E-05
 0.3240E+01  0.1195E-05
 0.3254E+01  0.1390E-05
 0.3268E+01  0.1620E-05
 0.3282E+01  0.1894E-05
 0.3296E+01  0.2218E-05
 0.3310E+01  0.2600E-05
 0.3324E+01  0.3051E-05
 0.3338E+01  0.3581E-05
 0.3352E+01  0.4201E-05
 0.3366E+01  0.4926E-05
 0.3380E+01  0.5768E-05
 0.3394E+01  0.6743E-05
 0.3408E+01  0.7866E-05
 0.3422E+01  0.9151E-05
 0.3436E+01  0.1061E-04
 0.3450E+01  0.1227E-04
 0.3464E+01  0.1413E-04
 0.3478E+01  0.1621E-04
 0.3492E+01  0.1850E-04
 0.3506E+01  0.2103E-04
 0.3520E+01  0.2379E-04
 0.3534E+01  0.2677E-04
 0.3548E+01  0.2996E-04
 0.3562E+01  0.3336E-04
 0.3576E+01  0.3693E-04
 0.3590E+01  0.4064E-04
 0.3604E+01  0.4448E-04
 0.3618E+01  0.4839E-04
 0.3632E+01  0.5233E-04
 0.3646E+01  0.5626E-04
 0.3661E+01  0.6013E-04
 0.3675E+01  0.6389E-04
 0.3689E+01  0.6749E-04
 0.3703E+01  0.7087E-04
 0.3717E+01  0.7401E-04
 0.3731E+01  0.7685E-04
 0.3745E+01  0.7935E-04
 0.3759E+01  0.8150E-04
 0.3773E+01  0.8327E-04
 0.3787E+01  0.8464E-04
 0.3801E+01  0.8560E-04
 0.3815E+01  0.8615E-04
 0.3829E+01  0.8630E-04
 0.3843E+01  0.8605E-04
 0.3857E+01  0.8543E-04
 0.3871E+01  0.8445E-04
 0.3885E+01  0.8314E-04
 0.3899E+01  0.8153E-04
 0.3913E+01  0.7963E-04
 0.3927E+01  0.7750E-04
 0.3941E+01  0.7514E-04
 0.3955E+01  0.7261E-04
 0.3969E+01  0.6993E-04
 0.3983E+01  0.6713E-04
 0.3997E+01  0.6423E-04
 0.4011E+01  0.6128E-04
 0.4025E+01  0.5828E-04
 0.4039E+01  0.5528E-04
 0.4053E+01  0.5228E-04
 0.4067E+01  0.4930E-04
 0.4081E+01  0.4637E-04
 0.4095E+01  0.4350E-04
 0.4109E+01  0.4071E-04
 0.4123E+01  0.3799E-04
 0.4137E+01  0.3537E-04
 0.4151E+01  0.3285E-04
 0.4165E+01  0.3043E-04
 0.4179E+01  0.2812E-04
 0.4193E+01  0.2593E-04
 0.4207E+01  0.2385E-04
 0.4222E+01  0.2189E-04
 0.4236E+01  0.2004E-04
 0.4250E+01  0.1830E-04
 0.4264E+01  0.1668E-04
 0.4278E+01  0.1517E-04
 0.4292E+01  0.1376E-04
 0.4306E+01  0.1246E-04
 0.4320E+01  0.1126E-04
 0.4334E+01  0.1015E-04
 0.4348E+01  0.9130E-05
 0.4362E+01  0.8196E-05
 0.4376E+01  0.7342E-05
 0.4390E+01  0.6564E-05
 0.4404E+01  0.5857E-05
 0.4418E+01  0.5215E-05
 0.4432E+01  0.4635E-05
 0.4446E+01  0.4111E-05
 0.4460E+01  0.3639E-05
 0.4474E+01  0.3215E-05
 0.4488E+01  0.2835E-05
 0.4502E+01  0.2496E-05
 0.4516E+01  0.2193E-05
 0.4530E+01  0.1923E-05
 0.4544E+01  0.1683E-05
 0.4558E+01  0.1471E-05
 0.4572E+01  0.1283E-05
 0.4586E+01  0.1117E-05
 0.4600E+01  0.9709E-06
 0.4614E+01  0.8424E-06
 0.4628E+01  0.7296E-06
 0.4642E+01  0.6309E-06
 0.4656E+01  0.5445E-06
 0.4670E+01  0.4693E-06
 0.4684E+01  0.4037E-06
 0.4698E+01  0.3467E-06
 0.4712E+01  0.2973E-06
 0.4726E+01  0.2545E-06
 0.4740E+01  0.2175E-06
 0.4754E+01  0.1856E-06
 0.4768E+01  0.1581E-06
 0.4783E+01  0.1345E-06
 0.4797E+01  0.1142E-06
 0.4811E+01  0.9686E-07
 0.4825E+01  0.8201E-07
 0.4839E+01  0.6932E-07
 0.4853E+01  0.5851E-07
 0.4867E+01  0.4932E-07
 0.4881E+01  0.4150E-07
 0.4895E+01  0.3487E-07
 0.4909E+01  0.2926E-07
 0.4923E+01  0.2451E-07
 0.4937E+01  0.2051E-07
 0.4951E+01  0.1713E-07
 0.4965E+01  0.1429E-07
 0.4979E+01  0.1191E-07
 0.4993E+01  0.9903E-08
 0.5007E+01  0.8227E-08
 0.5021E+01  0.6824E-08
 0.5035E+01  0.5653E-08
 0.5049E+01  0.4677E-08
 0.5063E+01  0.3863E-08
 0.5077E+01  0.3187E-08
 0.5091E+01  0.2626E-08
 0.5105E+01  0.2623E-08
 0.5119E+01  0.2650E-08
 0.5133E+01  0.2678E-08
 0.5147E+01  0.2706E-08
 0.5161E+01  0.2735E-08
 0.5175E+01  0.2764E-08
 0.5189E+01  0.2793E-08
 0.5203E+01  0.2823E-08
 0.5217E+01  0.2853E-08
 0.5231E+01  0.2884E-08
 0.5245E+01  0.2915E-08
 0.5259E+01  0.2946E-08
 0.5273E+01  0.2978E-08
 0.5287E+01  0.3010E-08
 0.5301E+01  0.3043E-08
 0.5315E+01  0.3076E-08
 0.5329E+01  0.3110E-08
 0.5344E+01  0.3144E-08
 0.5358E+01  0.3178E-08
 0.5372E+01  0.3213E-08
 0.5386E+01  0.3248E-08
 0.5400E+01  0.3284E-08
 0.5414E+01  0.3320E-08
 0.5428E+01  0.3357E-08
 0.5442E+01  0.3394E-08
 0.5456E+01  0.3432E-08
 0.5470E+01  0.3470E-08
 0.5484E+01  0.3509E-08
 0.5498E+01  0.3548E-08
 0.5512E+01  0.3588E-08
 0.5526E+01  0.3628E-08
 0.5540E+01  0.3668E-08
 0.5554E+01  0.3709E-08
 0.5568E+01  0.3751E-08
 0.5582E+01  0.3793E-08
 0.5596E+01  0.3836E-08
 0.5610E+01  0.3879E-08
 0.5624E+01  0.3922E-08
 0.5638E+01  0.3967E-08
 0.5652E+01  0.4011E-08
 0.5666E+01  0.4057E-08
 0.5680E+01  0.4102E-08
 0.5694E+01  0.4149E-08
 0.5708E+01  0.4195E-08
 0.5722E+01  0.4243E-08
 0.5736E+01  0.4291E-08
 0.5750E+01  0.4339E-08
 0.5764E+01  0.4388E-08
 0.5778E+01  0.4438E-08
 0.5792E+01  0.4488E-08
 0.5806E+01  0.4538E-08
 0.5820E+01  0.4590E-08
 0.5834E+01  0.4642E-08
 0.5848E+01  0.4694E-08
 0.5862E+01  0.4747E-08
 0.5876E+01  0.4800E-08
 0.5890E+01  0.4854E-08
 0.5905E+01  0.4909E-08
 0.5919E+01  0.4964E-08
 0.5933E+01  0.5020E-08
 0.5947E+01  0.5077E-08
 0.5961E+01  0.5134E-08
 0.5975E+01  0.5192E-08
 0.5989E+01  0.5250E-08
 0.6003E+01  0.5309E-08
 0.6017E+01  0.5368E-08
 0.6031E+01  0.5428E-08
 0.6045E+01  0.5489E-08
 0.6059E+01  0.5550E-08
 0.6073E+01  0.5612E-08
 0.6087E+01  0.5675E-08
 0.6101E+01  0.5738E-08
 0.6115E+01  0.5802E-08
 0.6129E+01  0.5866E-08
 0.6143E+01  0.5931E-08
 0.6157E+01  0.5997E-08
 0.6171E+01  0.6063E-08
 0.6185E+01  0.6130E-08
 0.6199E+01  0.6197E-08
 0.6213E+01  0.6265E-08
 0.6227E+01  0.6334E-08
 0.6241E+01  0.6404E-08
 0.6255E+01  0.6474E-08
 0.6269E+01  0.6544E-08
 0.6283E+01  0.6616E-08
 0.6297E+01  0.6688E-08
 0.6311E+01  0.6760E-08
 0.6325E+01  0.6833E-08
 0.6339E+01  0.6907E-08
 0.6353E+01  0.6982E-08
 0.6367E+01  0.7057E-08
 0.6381E+01  0.7133E-08
 0.6395E+01  0.7209E-08
 0.6409E+01  0.7286E-08
 0.6423E+01  0.7364E-08
 0.6437E+01  0.7442E-08
 0.6451E+01  0.7521E-08
 0.6466E+01  0.7601E-08
 0.6480E+01  0.7681E-08
 0.6494E+01  0.7762E-08
 0.6508E+01  0.7843E-08
 0.6522E+01  0.7926E-08
 0.6536E+01  0.8008E-08
 0.6550E+01  0.8092E-08
 0.6564E+01  0.8176E-08
 0.6578E+01  0.8261E-08
 0.6592E+01  0.8346E-08
 0.6606E+01  0.8432E-08
 0.6620E+01  0.8518E-08
 0.6634E+01  0.8606E-08
 0.6648E+01  0.8693E-08
 0.6662E+01  0.8782E-08
 0.6676E+01  0.8871E-08
 0.6690E+01  0.8960E-08
 0.6704E+01  0.9051E-08
 0.6718E+01  0.9141E-08
 0.6732E+01  0.9233E-08
 0.6746E+01  0.9325E-08
 0.6760E+01  0.9418E-08
 0.6774E+01  0.9511E-08
 0.6788E+01  0.9605E-08
 0.6802E+01  0.9699E-08
 0.6816E+01  0.9794E-08
 0.6830E+01  0.9890E-08
 0.6844E+01  0.9986E-08
 0.6858E+01  0.1008E-07
 0.6872E+01  0.1018E-07
 0.6886E+01  0.1028E-07
 0.6900E+01  0.1038E-07
 0.6914E+01  0.1047E-07
 0.6928E+01  0.1057E-07
 0.6942E+01  0.1067E-07
 0.6956E+01  0.1077E-07
 0.6970E+01  0.1088E-07
 0.6984E+01  0.1098E-07
 0.6998E+01  0.1108E-07
 0.7012E+01  0.1118E-07
 0.7027E+01  0.1129E-07
 0.7041E+01  0.1139E-07
 0.7055E+01  0.1149E-07
 0.7069E+01  0.1160E-07
 0.7083E+01  0.1170E-07
 0.7097E+01  0.1181E-07
 0.7111E+01  0.1191E-07
 0.7125E+01  0.1202E-07
 0.7139E+01  0.1213E-07
 0.7153E+01  0.1224E-07
 0.7167E+01  0.1234E-07
 0.7181E+01  0.1245E-07
 0.7195E+01  0.1256E-07
 0.7209E+01  0.1267E-07
 0.7223E+01  0.1278E-07
 0.7237E+01  0.1289E-07
 0.7251E+01  0.1300E-07
 0.7265E+01  0.1311E-07
 0.7279E+01  0.1322E-07
 0.7293E+01  0.1333E-07
 0.7307E+01  0.1344E-07
 0.7321E+01  0.1356E-07
 0.7335E+01  0.1367E-07
 0.7349E+01  0.1378E-07
 0.7363E+01  0.1389E-07
 0.7377E+01  0.1401E-07
 0.7391E+01  0.1412E-07
 0.7405E+01  0.1423E-07
 0.7419E+01  0.1435E-07
 0.7433E+01  0.1446E-07
 0.7447E+01  0.1458E-07
 0.7461E+01  0.1469E-07
 0.7475E+01  0.1481E-07
 0.7489E+01  0.1492E-07
 0.7503E+01  0.1504E-07
 0.7517E+01  0.1516E-07
 0.7531E+01  0.1527E-07
 0.7545E+01  0.1539E-07
 0.7559E+01  0.1550E-07
 0.7573E+01  0.1562E-07
 0.7588E+01  0.1574E-07
 0.7602E+01  0.1585E-07
 0.7616E+01  0.1597E-07
 0.7630E+01  0.1609E-07
 0.7644E+01  0.1621E-07
 0.7658E+01  0.1632E-07
 0.7672E+01  0.1644E-07
 0.7686E+01  0.1656E-07
 0.7700E+01  0.1668E-07
 0.7714E+01  0.1679E-07
 0.7728E+01  0.1691E-07
 0.7742E+01  0.1703E-07
 0.7756E+01  0.1715E-07
 0.7770E+01  0.1726E-07
 0.7784E+01  0.1738E-07
 0.7798E+01  0.1750E-07
 0.7812E+01  0.1762E-07
 0.7826E+01  0.1774E-07
 0.7840E+01  0.1785E-07
 0.7854E+01  0.1797E-07
 0.7868E+01  0.1809E-07
 0.7882E+01  0.1821E-07
 0.7896E+01  0.1832E-07
 0.7910E+01  0.1844E-07
 0.7924E+01  0.1856E-07
 0.7938E+01  0.1867E-07
 0.7952E+01  0.1879E-07
 0.7966E+01  0.1891E-07
 0.7980E+01  0.1902E-07
 0.7994E+01  0.1914E-07
 0.8008E+01  0.1926E-07
 0.8022E+01  0.1937E-07
 0.8036E+01  0.1949E-07
 0.8050E+01  0.1960E-07
 0.8064E+01  0.1972E-07
 0.8078E+01  0.1983E-07
 0.8092E+01  0.1995E-07
 0.8106E+01  0.2006E-07
 0.8120E+01  0.2017E-07
 0.8134E+01  0.2029E-07
 0.8149E+01  0.2040E-07
 0.8163E+01  0.2051E-07
 0.8177E+01  0.2063E-07
 0.8191E+01  0.2074E-07
 0.8205E+01  0.2085E-07
 0.8219E+01  0.2096E-07
 0.8233E+01  0.2107E-07
 0.8247E+01  0.2118E-07
 0.8261E+01  0.2130E-07
 0.8275E+01  0.2141E-07
 0.8289E+01  0.2151E-07
 0.8303E+01  0.2162E-07
 0.8317E+01  0.2173E-07
 0.8331E+01  0.2184E-07
 0.8345E+01  0.2195E-07
 0.8359E+01  0.2205E-07
 0.8373E+01  0.2216E-07
 0.8387E+01  0.2227E-07
 0.8401E+01  0.2237E-07
 0.8415E+01  0.2248E-07
 0.8429E+01  0.2258E-07
 0.8443E+01  0.2269E-07
 0.8457E+01  0.2279E-07
 0.8471E+01  0.2289E-07
 0.8485E+01  0.2299E-07
 0.8499E+01  0.2309E-07
 0.8513E+01  0.2320E-07
 0.8527E+01  0.2330E-07
 0.8541E+01  0.2340E-07
 0.8555E+01  0.2349E-07
 0.8569E+01  0.2359E-07
 0.8583E+01  0.2369E-07
 0.8597E+01  0.2379E-07
 0.8611E+01  0.2388E-07
 0.8625E+01  0.2398E-07
 0.8639E+01  0.2407E-07
 0.8653E+01  0.2417E-07
 0.8667E+01  0.2426E-07
 0.8681E+01  0.2435E-07
 0.8695E+01  0.2444E-07
 0.8710E+01  0.2454E-07
 0.8724E+01  0.2463E-07
 0.8738E+01  0.2472E-07
 0.8752E+01  0.2480E-07
 0.8766E+01  0.2489E-07
 0.8780E+01  0.2498E-07
 0.8794E+01  0.2507E-07
 0.8808E+01  0.2515E-07
 0.8822E+01  0.2524E-07
 0.8836E+01  0.2532E-07
 0.8850E+01  0.2540E-07
 0.8864E+01  0.2548E-07
 0.8878E+01  0.2557E-07
 0.8892E+01  0.2565E-07
 0.8906E+01  0.2573E-07
 0.8920E+01  0.2580E-07
 0.8934E+01  0.2588E-07
 0.8948E+01  0.2596E-07
 0.8962E+01  0.2604E-07
 0.8976E+01  0.2611E-07
 0.8990E+01  0.2618E-07
 0.9004E+01  0.2626E-07
 0.9018E+01  0.2633E-07
 0.9032E+01  0.2640E-07
 0.9046E+01  0.2647E-07
 0.9060E+01  0.2654E-07
 0.9074E+01  0.2661E-07
 0.9088E+01  0.2668E-07
 0.9102E+01  0.2675E-07
 0.9116E+01  0.2681E-07
 0.9130E+01  0.2688E-07
 0.9144E+01  0.2694E-07
 0.9158E+01  0.2700E-07
 0.9172E+01  0.2706E-07
 0.9186E+01  0.2713E-07
 0.9200E+01  0.2719E-07
 0.9214E+01  0.2724E-07
 0.9228E+01  0.2730E-07
 0.9242E+01  0.2736E-07
 0.9256E+01  0.2742E-07
 0.9271E+01  0.2747E-07
 0.9285E+01  0.2752E-07
 0.9299E+01  0.2758E-07
 0.9313E+01  0.2763E-07
 0.9327E+01  0.2768E-07
 0.9341E+01  0.2773E-07
 0.9355E+01  0.2778E-07
 0.9369E+01  0.2783E-07
 0.9383E+01  0.2787E-07
 0.9397E+01  0.2792E-07
 0.9411E+01  0.2797E-07
 0.9425E+01  0.2801E-07
 0.9439E+01  0.2805E-07
 0.9453E+01  0.2809E-07
 0.9467E+01  0.2813E-07
 0.9481E+01  0.2817E-07
 0.9495E+01  0.2821E-07
 0.9509E+01  0.2825E-07
 0.9523E+01  0.2829E-07
 0.9537E+01  0.2832E-07
 0.9551E+01  0.2836E-07
 0.9565E+01  0.2839E-07
 0.9579E+01  0.2842E-07
 0.9593E+01  0.2846E-07
 0.9607E+01  0.2849E-07
 0.9621E+01  0.2852E-07
 0.9635E+01  0.2854E-07
 0.9649E+01  0.2857E-07
 0.9663E+01  0.2860E-07
 0.9677E+01  0.2862E-07
 0.9691E+01  0.2865E-07
 0.9705E+01  0.2867E-07
 0.9719E+01  0.2869E-07
 0.9733E+01  0.2872E-07
 0.9747E+01  0.2874E-07
 0.9761E+01  0.2875E-07
 0.9775E+01  0.2877E-07
 0.9789E+01  0.2879E-07
 0.9803E+01  0.2881E-07
 0.9817E+01  0.2882E-07
 0.9832E+01  0.2884E-07
 0.9846E+01  0.2885E-07
 0.9860E+01  0.2886E-07
 0.9874E+01  0.2887E-07
 0.9888E+01  0.2888E-07
 0.9902E+01  0.2889E-07
 0.9916E+01  0.2890E-07
 0.9930E+01  0.2891E-07
 0.9944E+01  0.2892E-07
 0.9958E+01  0.2892E-07
 0.9972E+01  0.2893E-07
 0.9986E+01  0.2893E-07
 0.1000E+02  0.2893E-07
 0.1001E+02  0.2893E-07
 0.1003E+02  0.2893E-07
 0.1004E+02  0.2893E-07
 0.1006E+02  0.2893E-07
 0.1007E+02  0.2893E-07
 0.1008E+02  0.2893E-07
 0.1010E+02  0.2892E-07
 0.1011E+02  0.2892E-07
 0.1013E+02  0.2891E-07
 0.1014E+02  0.2891E-07
 0.1015E+02  0.2890E-07
 0.1017E+02  0.2889E-07
 0.1018E+02  0.2888E-07
 0.1020E+02  0.2887E-07
 0.1021E+02  0.2886E-07
 0.1022E+02  0.2885E-07
 0.1024E+02  0.2884E-07
 0.1025E+02  0.2882E-07
 0.1027E+02  0.2881E-07
 0.1028E+02  0.2879E-07
 0.1029E+02  0.2878E-07
 0.1031E+02  0.2876E-07
 0.1032E+02  0.2874E-07
 0.1034E+02  0.2872E-07
 0.1035E+02  0.2870E-07
 0.1036E+02  0.2868E-07
 0.1038E+02  0.2866E-07
 0.1039E+02  0.2864E-07
 0.1041E+02  0.2862E-07
 0.1042E+02  0.2859E-07
 0.1043E+02  0.2857E-07
 0.1045E+02  0.2854E-07
 0.1046E+02  0.2852E-07
 0.1048E+02  0.2849E-07
 0.1049E+02  0.2846E-07
 0.1050E+02  0.2843E-07
 0.1052E+02  0.2840E-07
 0.1053E+02  0.2837E-07
 0.1055E+02  0.2834E-07
 0.1056E+02  0.2831E-07
 0.1057E+02  0.2828E-07
 0.1059E+02  0.2825E-07
 0.1060E+02  0.2821E-07
 0.1062E+02  0.2818E-07
 0.1063E+02  0.2814E-07
 0.1064E+02  0.2811E-07
 0.1066E+02  0.2807E-07
 0.1067E+02  0.2804E-07
 0.1069E+02  0.2800E-07
 0.1070E+02  0.2796E-07
 0.1072E+02  0.2792E-07
 0.1073E+02  0.2788E-07
 0.1074E+02  0.2784E-07
 0.1076E+02  0.2780E-07
 0.1077E+02  0.2776E-07
 0.1079E+02  0.2772E-07
 0.1080E+02  0.2768E-07
 0.1081E+02  0.2763E-07
 0.1083E+02  0.2759E-07
 0.1084E+02  0.2754E-07
 0.1086E+02  0.2750E-07
 0.1087E+02  0.2745E-07
 0.1088E+02  0.2741E-07
 0.1090E+02  0.2736E-07
 0.1091E+02  0.2731E-07
 0.1093E+02  0.2727E-07
 0.1094E+02  0.2722E-07
 0.1095E+02  0.2717E-07
 0.1097E+02  0.2712E-07
 0.1098E+02  0.2707E-07
 0.1100E+02  0.2702E-07
 0.1101E+02  0.2697E-07
 0.1102E+02  0.2692E-07
 0.1104E+02  0.2686E-07
 0.1105E+02  0.2681E-07
 0.1107E+02  0.2676E-07
 0.1108E+02  0.2670E-07
 0.1109E+02  0.2665E-07
 0.1111E+02  0.2660E-07
 0.1112E+02  0.2654E-07
 0.1114E+02  0.2649E-07
 0.1115E+02  0.2643E-07
 0.1116E+02  0.2638E-07
 0.1118E+02  0.2632E-07
 0.1119E+02  0.2626E-07
 0.1121E+02  0.2620E-07
 0.1122E+02  0.2615E-07
 0.1123E+02  0.2609E-07
 0.1125E+02  0.2603E-07
 0.1126E+02  0.2597E-07
 0.1128E+02  0.2591E-07
 0.1129E+02  0.2585E-07
 0.1130E+02  0.2579E-07
 0.1132E+02  0.2573E-07
 0.1133E+02  0.2567E-07
 0.1135E+02  0.2561E-07
 0.1136E+02  0.2555E-07
 0.1137E+02  0.2549E-07
 0.1139E+02  0.2543E-07
 0.1140E+02  0.2536E-07
 0.1142E+02  0.2530E-07
 0.1143E+02  0.2524E-07
 0.1144E+02  0.2517E-07
 0.1146E+02  0.2511E-07
 0.1147E+02  0.2505E-07
 0.1149E+02  0.2498E-07
 0.1150E+02  0.2492E-07
 0.1151E+02  0.2485E-07
 0.1153E+02  0.2479E-07
 0.1154E+02  0.2472E-07
 0.1156E+02  0.2466E-07
 0.1157E+02  0.2459E-07
 0.1158E+02  0.2453E-07
 0.1160E+02  0.2446E-07
 0.1161E+02  0.2440E-07
 0.1163E+02  0.2433E-07
 0.1164E+02  0.2426E-07
 0.1165E+02  0.2420E-07
 0.1167E+02  0.2413E-07
 0.1168E+02  0.2406E-07
 0.1170E+02  0.2399E-07
 0.1171E+02  0.2393E-07
 0.1172E+02  0.2386E-07
 0.1174E+02  0.2379E-07
 0.1175E+02  0.2372E-07
 0.1177E+02  0.2365E-07
 0.1178E+02  0.2359E-07
 0.1179E+02  0.2352E-07
 0.1181E+02  0.2345E-07
 0.1182E+02  0.2338E-07
 0.1184E+02  0.2331E-07
 0.1185E+02  0.2324E-07
 0.1187E+02  0.2317E-07
 0.1188E+02  0.2310E-07
 0.1189E+02  0.2303E-07
 0.1191E+02  0.2296E-07
 0.1192E+02  0.2289E-07
 0.1194E+02  0.2282E-07
 0.1195E+02  0.2275E-07
 0.1196E+02  0.2268E-07
 0.1198E+02  0.2261E-07
 0.1199E+02  0.2254E-07
 0.1201E+02  0.2247E-07
 0.1202E+02  0.2240E-07
 0.1203E+02  0.2233E-07
 0.1205E+02  0.2226E-07
 0.1206E+02  0.2219E-07
 0.1208E+02  0.2212E-07
 0.1209E+02  0.2205E-07
 0.1210E+02  0.2198E-07
 0.1212E+02  0.2191E-07
 0.1213E+02  0.2184E-07
 0.1215E+02  0.2177E-07
 0.1216E+02  0.2170E-07
 0.1217E+02  0.2163E-07
 0.1219E+02  0.2156E-07
 0.1220E+02  0.2149E-07
 0.1222E+02  0.2142E-07
 0.1223E+02  0.2135E-07
 0.1224E+02  0.2127E-07
 0.1226E+02  0.2120E-07
 0.1227E+02  0.2113E-07
 0.1229E+02  0.2106E-07
 0.1230E+02  0.2099E-07
 0.1231E+02  0.2092E-07
 0.1233E+02  0.2085E-07
 0.1234E+02  0.2078E-07
 0.1236E+02  0.2071E-07
 0.1237E+02  0.2064E-07
 0.1238E+02  0.2057E-07
 0.1240E+02  0.2050E-07
 0.1241E+02  0.2043E-07
 0.1243E+02  0.2036E-07
 0.1244E+02  0.2029E-07
 0.1245E+02  0.2022E-07
 0.1247E+02  0.2015E-07
 0.1248E+02  0.2008E-07
 0.1250E+02  0.2001E-07
 0.1251E+02  0.1994E-07
 0.1252E+02  0.1987E-07
 0.1254E+02  0.1980E-07
 0.1255E+02  0.1973E-07
 0.1257E+02  0.1966E-07
 0.1258E+02  0.1959E-07
 0.1259E+02  0.1952E-07
 0.1261E+02  0.1945E-07
 0.1262E+02  0.1938E-07
 0.1264E+02  0.1931E-07
 0.1265E+02  0.1924E-07
 0.1266E+02  0.1917E-07
 0.1268E+02  0.1910E-07
 0.1269E+02  0.1903E-07
 0.1271E+02  0.1896E-07
 0.1272E+02  0.1889E-07
 0.1273E+02  0.1883E-07
 0.1275E+02  0.1876E-07
 0.1276E+02  0.1869E-07
 0.1278E+02  0.1862E-07
 0.1279E+02  0.1855E-07
 0.1280E+02  0.1848E-07
 0.1282E+02  0.1842E-07
 0.1283E+02  0.1835E-07
 0.1285E+02  0.1828E-07
 0.1286E+02  0.1821E-07
 0.1287E+02  0.1815E-07
 0.1289E+02  0.1808E-07
 0.1290E+02  0.1801E-07
 0.1292E+02  0.1794E-07
 0.1293E+02  0.1788E-07
 0.1295E+02  0.1781E-07
 0.1296E+02  0.1774E-07
 0.1297E+02  0.1768E-07
 0.1299E+02  0.1761E-07
 0.1300E+02  0.1755E-07
 0.1302E+02  0.1748E-07
 0.1303E+02  0.1741E-07
 0.1304E+02  0.1735E-07
 0.1306E+02  0.1728E-07
 0.1307E+02  0.1722E-07
 0.1309E+02  0.1715E-07
 0.1310E+02  0.1709E-07
 0.1311E+02  0.1702E-07
 0.1313E+02  0.1696E-07
 0.1314E+02  0.1689E-07
 0.1316E+02  0.1683E-07
 0.1317E+02  0.1676E-07
 0.1318E+02  0.1670E-07
 0.1320E+02  0.1664E-07
 0.1321E+02  0.1657E-07
 0.1323E+02  0.1651E-07
 0.1324E+02  0.1645E-07
 0.1325E+02  0.1638E-07
 0.1327E+02  0.1632E-07
 0.1328E+02  0.1626E-07
 0.1330E+02  0.1619E-07
 0.1331E+02  0.1613E-07
 0.1332E+02  0.1607E-07
 0.1334E+02  0.1601E-07
 0.1335E+02  0.1594E-07
 0.1337E+02  0.1588E-07
 0.1338E+02  0.1582E-07
 0.1339E+02  0.1576E-07
 0.1341E+02  0.1570E-07
 0.1342E+02  0.1564E-07
 0.1344E+02  0.1558E-07
 0.1345E+02  0.1552E-07
 0.1346E+02  0.1546E-07
 0.1348E+02  0.1539E-07
 0.1349E+02  0.1533E-07
 0.1351E+02  0.1527E-07
 0.1352E+02  0.1522E-07
 0.1353E+02  0.1516E-07
 0.1355E+02  0.1510E-07
 0.1356E+02  0.1504E-07
 0.1358E+02  0.1498E-07
 0.1359E+02  0.1492E-07
 0.1360E+02  0.1486E-07
 0.1362E+02  0.1480E-07
 0.1363E+02  0.1474E-07
 0.1365E+02  0.1469E-07
 0.1366E+02  0.1463E-07
 0.1367E+02  0.1457E-07
 0.1369E+02  0.1451E-07
 0.1370E+02  0.1446E-07
 0.1372E+02  0.1440E-07
 0.1373E+02  0.1434E-07
 0.1374E+02  0.1429E-07
 0.1376E+02  0.1423E-07
 0.1377E+02  0.1417E-07
 0.1379E+02  0.1412E-07
 0.1380E+02  0.1406E-07
 0.1381E+02  0.1401E-07
 0.1383E+02  0.1395E-07
 0.1384E+02  0.1390E-07
 0.1386E+02  0.1384E-07
 0.1387E+02  0.1379E-07
 0.1388E+02  0.1373E-07
 0.1390E+02  0.1368E-07
 0.1391E+02  0.1362E-07
 0.1393E+02  0.1357E-07
 0.1394E+02  0.1351E-07
 0.1395E+02  0.1346E-07
 0.1397E+02  0.1341E-07
 0.1398E+02  0.1335E-07
 0.1400E+02  0.1330E-07
 0.1401E+02  0.1325E-07
 0.1402E+02  0.1320E-07
 0.1404E+02  0.1314E-07
 0.1405E+02  0.1309E-07
 0.1407E+02  0.1304E-07
 0.1408E+02  0.1299E-07
 0.1410E+02  0.1294E-07
 0.1411E+02  0.1288E-07
 0.1412E+02  0.1283E-07
 0.1414E+02  0.1278E-07
 0.1415E+02  0.1273E-07
 0.1417E+02  0.1268E-07
 0.1418E+02  0.1263E-07
 0.1419E+02  0.1258E-07
 0.1421E+02  0.1253E-07
 0.1422E+02  0.1248E-07
 0.1424E+02  0.1243E-07
 0.1425E+02  0.1238E-07
 0.1426E+02  0.1233E-07
 0.1428E+02  0.1228E-07
 0.1429E+02  0.1223E-07
 0.1431E+02  0.1219E-07
 0.1432E+02  0.1214E-07
 0.1433E+02  0.1209E-07
 0.1435E+02  0.1204E-07
 0.1436E+02  0.1199E-07
 0.1438E+02  0.1195E-07
 0.1439E+02  0.1190E-07
 0.1440E+02  0.1185E-07
 0.1442E+02  0.1180E-07
 0.1443E+02  0.1176E-07
 0.1445E+02  0.1171E-07
 0.1446E+02  0.1167E-07
 0.1447E+02  0.1162E-07
 0.1449E+02  0.1157E-07
 0.1450E+02  0.1153E-07
 0.1452E+02  0.1148E-07
 0.1453E+02  0.1144E-07
 0.1454E+02  0.1139E-07
 0.1456E+02  0.1135E-07
 0.1457E+02  0.1130E-07
 0.1459E+02  0.1126E-07
 0.1460E+02  0.1121E-07
 0.1461E+02  0.1117E-07
 0.1463E+02  0.1112E-07
 0.1464E+02  0.1108E-07
 0.1466E+02  0.1104E-07
 0.1467E+02  0.1099E-07
 0.1468E+02  0.1095E-07
 0.1470E+02  0.1091E-07
 0.1471E+02  0.1086E-07
 0.1473E+02  0.1082E-07
 0.1474E+02  0.1078E-07
 0.1475E+02  0.1074E-07
 0.1477E+02  0.1069E-07
 0.1478E+02  0.1065E-07
 0.1480E+02  0.1061E-07
 0.1481E+02  0.1057E-07
 0.1482E+02  0.1053E-07
 0.1484E+02  0.1049E-07
 0.1485E+02  0.1044E-07
 0.1487E+02  0.1040E-07
 0.1488E+02  0.1036E-07
 0.1489E+02  0.1032E-07
 0.1491E+02  0.1028E-07
 0.1492E+02  0.1024E-07
 0.1494E+02  0.1020E-07
 0.1495E+02  0.1016E-07
 0.1496E+02  0.1012E-07
 0.1498E+02  0.1008E-07
 0.1499E+02  0.1004E-07
 0.1501E+02  0.1000E-07
 0.1502E+02  0.9966E-08
 0.1503E+02  0.9927E-08
 0.1505E+02  0.9889E-08
 0.1506E+02  0.9850E-08
 0.1508E+02  0.9812E-08
 0.1509E+02  0.9774E-08
 0.1510E+02  0.9736E-08
 0.1512E+02  0.9699E-08
 0.1513E+02  0.9661E-08
 0.1515E+02  0.9624E-08
 0.1516E+02  0.9587E-08
 0.1518E+02  0.9550E-08
 0.1519E+02  0.9513E-08
 0.1520E+02  0.9476E-08
 0.1522E+02  0.9440E-08
 0.1523E+02  0.9404E-08
 0.1525E+02  0.9367E-08
 0.1526E+02  0.9331E-08
 0.1527E+02  0.9296E-08
 0.1529E+02  0.9260E-08
 0.1530E+02  0.9225E-08
 0.1532E+02  0.9189E-08
 0.1533E+02  0.9154E-08
 0.1534E+02  0.9119E-08
 0.1536E+02  0.9085E-08
 0.1537E+02  0.9050E-08
 0.1539E+02  0.9015E-08
 0.1540E+02  0.8981E-08
 0.1541E+02  0.8947E-08
 0.1543E+02  0.8913E-08
 0.1544E+02  0.8879E-08
 0.1546E+02  0.8846E-08
 0.1547E+02  0.8812E-08
 0.1548E+02  0.8779E-08
 0.1550E+02  0.8746E-08
 0.1551E+02  0.8713E-08
 0.1553E+02  0.8680E-08
 0.1554E+02  0.8647E-08
 0.1555E+02  0.8614E-08
 0.1557E+02  0.8582E-08
 0.1558E+02  0.8550E-08
 0.1560E+02  0.8518E-08
 0.1561E+02  0.8486E-08
 0.1562E+02  0.8454E-08
 0.1564E+02  0.8422E-08
 0.1565E+02  0.8391E-08
 0.1567E+02  0.8360E-08
 0.1568E+02  0.8328E-08
 0.1569E+02  0.8297E-08
