 #normalor:   1.00000000000000     
  -8.79645943005142       2.165914949746902E-024  1.570796326794897E-002
  -8.78075146678347       2.623686812405452E-024  1.570796326794897E-002
  -8.76504350351552       3.177121002201118E-024  1.570796326794897E-002
  -8.74933554024757       3.845977048316159E-024  1.570796326794897E-002
  -8.73362757697962       4.654047275420437E-024  1.570796326794897E-002
  -8.71791961371167       5.629969764019140E-024  1.570796326794897E-002
  -8.70221165044372       6.808203116544919E-024  1.570796326794897E-002
  -8.68650368717577       8.230194812171979E-024  1.570796326794897E-002
  -8.67079572390782       9.945781091777260E-024  1.570796326794897E-002
  -8.65508776063987       1.201486364946291E-023  1.570796326794897E-002
  -8.63937979737192       1.450941714007800E-023  1.570796326794897E-002
  -8.62367183410397       1.751589190579860E-023  1.570796326794897E-002
  -8.60796387083602       2.113808869017775E-023  1.570796326794897E-002
  -8.59225590756807       2.550059681366208E-023  1.570796326794897E-002
  -8.57654794430012       3.075290476675085E-023  1.570796326794897E-002
  -8.56083998103217       3.707431295218347E-023  1.570796326794897E-002
  -8.54513201776422       4.467980298678628E-023  1.570796326794897E-002
  -8.52942405449627       5.382704727950246E-023  1.570796326794897E-002
  -8.51371609122832       6.482477738897457E-023  1.570796326794897E-002
  -8.49800812796038       7.804277094131662E-023  1.570796326794897E-002
  -8.48230016469243       9.392376584898627E-023  1.570796326794897E-002
  -8.46659220142448       1.129976686231035E-022  1.570796326794897E-002
  -8.45088423815653       1.358984923762994E-022  1.570796326794897E-002
  -8.43517627488858       1.633845416323418E-022  1.570796326794897E-002
  -8.41946831162063       1.963624576056060E-022  1.570796326794897E-002
  -8.40376034835268       2.359158519148311E-022  1.570796326794897E-002
  -8.38805238508473       2.833393919656139E-022  1.570796326794897E-002
  -8.37234442181678       3.401793612609317E-022  1.570796326794897E-002
  -8.35663645854883       4.082819071373334E-022  1.570796326794897E-002
  -8.34092849528088       4.898504121246846E-022  1.570796326794897E-002
  -8.32522053201293       5.875136894657168E-022  1.570796326794897E-002
  -8.30951256874498       7.044070155717139E-022  1.570796326794897E-002
  -8.29380460547703       8.442683808738672E-022  1.570796326794897E-002
  -8.27809664220908       1.011552775694473E-021  1.570796326794897E-002
  -8.26238867894113       1.211567841200924E-021  1.570796326794897E-002
  -8.24668071567318       1.450634821068852E-021  1.570796326794897E-002
  -8.23097275240523       1.736279463427790E-021  1.570796326794897E-002
  -8.21526478913728       2.077458364071033E-021  1.570796326794897E-002
  -8.19955682586933       2.484827233162214E-021  1.570796326794897E-002
  -8.18384886260138       2.971058735004356E-021  1.570796326794897E-002
  -8.16814089933343       3.551218924610419E-021  1.570796326794897E-002
  -8.15243293606548       4.243212921860167E-021  1.570796326794897E-002
  -8.13672497279753       5.068312366153117E-021  1.570796326794897E-002
  -8.12101700952958       6.051779431073671E-021  1.570796326794897E-002
  -8.10530904626163       7.223604807488654E-021  1.570796326794897E-002
  -8.08960108299368       8.619380152338361E-021  1.570796326794897E-002
  -8.07389311972573       1.028132912823184E-020  1.570796326794897E-002
  -8.05818515645778       1.225952541825942E-020  1.570796326794897E-002
  -8.04247719318983       1.461333109919122E-020  1.570796326794897E-002
  -8.02676922992188       1.741309462056813E-020  1.570796326794897E-002
  -8.01106126665393       2.074215451437251E-020  1.570796326794897E-002
  -7.99535330338598       2.469920302185268E-020  1.570796326794897E-002
  -7.97964534011803       2.940107327110860E-020  1.570796326794897E-002
  -7.96393737685009       3.498602470501355E-020  1.570796326794897E-002
  -7.94822941358214       4.161761441640297E-020  1.570796326794897E-002
  -7.93252145031419       4.948925721368693E-020  1.570796326794897E-002
  -7.91681348704624       5.882959498486521E-020  1.570796326794897E-002
  -7.90110552377829       6.990881668184024E-020  1.570796326794897E-002
  -7.88539756051034       8.304609451085685E-020  1.570796326794897E-002
  -7.86968959724239       9.861833027163709E-020  1.570796326794897E-002
  -7.85398163397444       1.170704389148961E-019  1.570796326794897E-002
  -7.83827367070649       1.389274350732125E-019  1.570796326794897E-002
  -7.82256570743855       1.648086334786515E-019  1.570796326794897E-002
  -7.80685774417060       1.954443268752446E-019  1.570796326794897E-002
  -7.79114978090265       2.316953664991901E-019  1.570796326794897E-002
  -7.77544181763470       2.745761418666588E-019  1.570796326794897E-002
  -7.75973385436675       3.252815401394699E-019  1.570796326794897E-002
  -7.74402589109880       3.852185626590482E-019  1.570796326794897E-002
  -7.72831792783085       4.560433895815088E-019  1.570796326794897E-002
  -7.71260996456290       5.397048154987297E-019  1.570796326794897E-002
  -7.69690200129495       6.384951324875197E-019  1.570796326794897E-002
  -7.68119403802701       7.551097156604492E-019  1.570796326794897E-002
  -7.66548607475906       8.927167740111757E-019  1.570796326794897E-002
  -7.64977811149111       1.055038970797671E-018  1.570796326794897E-002
  -7.63407014822316       1.246448898257157E-018  1.570796326794897E-002
  -7.61836218495521       1.472080717302501E-018  1.570796326794897E-002
  -7.60265422168726       1.737960651180939E-018  1.570796326794897E-002
  -7.58694625841931       2.051159461162289E-018  1.570796326794897E-002
  -7.57123829515136       2.419970541723455E-018  1.570796326794897E-002
  -7.55553033188342       2.854117863441025E-018  1.570796326794897E-002
  -7.53982236861547       3.364998676614526E-018  1.570796326794897E-002
  -7.52411440534752       3.965966682193221E-018  1.570796326794897E-002
  -7.50840644207957       4.672662295773227E-018  1.570796326794897E-002
  -7.49269847881162       5.503397694752679E-018  1.570796326794897E-002
  -7.47699051554367       6.479605570608351E-018  1.570796326794897E-002
  -7.46128255227572       7.626361933516131E-018  1.570796326794897E-002
  -7.44557458900777       8.972994964887292E-018  1.570796326794897E-002
  -7.42986662573982       1.055379381901219E-017  1.570796326794897E-002
  -7.41415866247188       1.240883347718785E-017  1.570796326794897E-002
  -7.39845069920393       1.458493430160409E-017  1.570796326794897E-002
  -7.38274273593598       1.713677787376407E-017  1.570796326794897E-002
  -7.36703477266803       2.012820409287384E-017  1.570796326794897E-002
  -7.35132680940008       2.363371842183934E-017  1.570796326794897E-002
  -7.33561884613213       2.774024268069675E-017  1.570796326794897E-002
  -7.31991088286418       3.254914798946492E-017  1.570796326794897E-002
  -7.30420291959623       3.817861445767206E-017  1.570796326794897E-002
  -7.28849495632828       4.476636912438892E-017  1.570796326794897E-002
  -7.27278699306034       5.247286160589673E-017  1.570796326794897E-002
  -7.25707902979239       6.148494606312909E-017  1.570796326794897E-002
  -7.24137106652444       7.202014863521352E-017  1.570796326794897E-002
  -7.22566310325649       8.433161160175385E-017  1.570796326794897E-002
  -7.20995513998854       9.871381946710165E-017  1.570796326794897E-002
  -7.19424717672059       1.155092281700333E-016  1.570796326794897E-002
  -7.17853921345264       1.351159370152777E-016  1.570796326794897E-002
  -7.16283125018469       1.579965640453254E-016  1.570796326794897E-002
  -7.14712328691674       1.846885098173979E-016  1.570796326794897E-002
  -7.13141532364880       2.158158223723317E-016  1.570796326794897E-002
  -7.11570736038085       2.521029080941695E-016  1.570796326794897E-002
  -7.09999939711290       2.943903697480833E-016  1.570796326794897E-002
  -7.08429143384495       3.436532949187537E-016  1.570796326794897E-002
  -7.06858347057700       4.010223661132759E-016  1.570796326794897E-002
  -7.05287550730905       4.678082188097207E-016  1.570796326794897E-002
  -7.03716754404110       5.455295367122600E-016  1.570796326794897E-002
  -7.02145958077315       6.359454455399499E-016  1.570796326794897E-002
  -7.00575161750520       7.410928491068057E-016  1.570796326794897E-002
  -6.99004365423726       8.633294456990815E-016  1.570796326794897E-002
  -6.97433569096931       1.005383270471899E-015  1.570796326794897E-002
  -6.95862772770136       1.170409732648067E-015  1.570796326794897E-002
  -6.94291976443341       1.362057256835674E-015  1.570796326794897E-002
  -6.92721180116546       1.584542798204866E-015  1.570796326794897E-002
  -6.91150383789751       1.842738684319759E-015  1.570796326794897E-002
  -6.89579587462956       2.142272445217383E-015  1.570796326794897E-002
  -6.88008791136161       2.489641531385987E-015  1.570796326794897E-002
  -6.86437994809366       2.892345090611643E-015  1.570796326794897E-002
  -6.84867198482572       3.359035283756930E-015  1.570796326794897E-002
  -6.83296402155777       3.899690971527118E-015  1.570796326794897E-002
  -6.81725605828982       4.525817004956606E-015  1.570796326794897E-002
  -6.80154809502187       5.250672808265523E-015  1.570796326794897E-002
  -6.78584013175392       6.089534461295315E-015  1.570796326794897E-002
  -6.77013216848597       7.059995078301913E-015  1.570796326794897E-002
  -6.75442420521802       8.182308949919792E-015  1.570796326794897E-002
  -6.73871624195007       9.479785676281315E-015  1.570796326794897E-002
  -6.72300827868212       1.097924138362631E-014  1.570796326794897E-002
  -6.70730031541418       1.271151509786037E-014  1.570796326794897E-002
  -6.69159235214623       1.471205946173051E-014  1.570796326794897E-002
  -6.67588438887828       1.702161624486033E-014  1.570796326794897E-002
  -6.66017642561033       1.968698852727129E-014  1.570796326794897E-002
  -6.64446846234238       2.276192305913304E-014  1.570796326794897E-002
  -6.62876049907443       2.630811813697327E-014  1.570796326794897E-002
  -6.61305253580648       3.039637441721805E-014  1.570796326794897E-002
  -6.59734457253853       3.510790844288936E-014  1.570796326794897E-002
  -6.58163660927058       4.053585132367550E-014  1.570796326794897E-002
  -6.56592864600264       4.678695802279942E-014  1.570796326794897E-002
  -6.55022068273469       5.398355611042709E-014  1.570796326794897E-002
  -6.53451271946674       6.226576669245947E-014  1.570796326794897E-002
  -6.51880475619879       7.179403457124051E-014  1.570796326794897E-002
  -6.50309679293084       8.275200960348619E-014  1.570796326794897E-002
  -6.48738882966289       9.534982676078235E-014  1.570796326794897E-002
  -6.47168086639494       1.098278386478477E-013  1.570796326794897E-002
  -6.45597290312699       1.264608612814786E-013  1.570796326794897E-002
  -6.44026493985904       1.455630018771891E-013  1.570796326794897E-002
  -6.42455697659110       1.674931463414210E-013  1.570796326794897E-002
  -6.40884901332315       1.926611942480530E-013  1.570796326794897E-002
  -6.39314105005520       2.215351404269047E-013  1.570796326794897E-002
  -6.37743308678725       2.546491150630233E-013  1.570796326794897E-002
  -6.36172512351930       2.926125085711146E-013  1.570796326794897E-002
  -6.34601716025135       3.361203236616500E-013  1.570796326794897E-002
  -6.33030919698340       3.859649151688368E-013  1.570796326794897E-002
  -6.31460123371545       4.430492986048472E-013  1.570796326794897E-002
  -6.29889327044750       5.084022313066975E-013  1.570796326794897E-002
  -6.28318530717956       5.831952957493539E-013  1.570796326794897E-002
  -6.26747734391161       6.687622434424161E-013  1.570796326794897E-002
  -6.25176938064366       7.666208901772348E-013  1.570796326794897E-002
  -6.23606141737571       8.784978896573163E-013  1.570796326794897E-002
  -6.22035345410776       1.006356753184154E-012  1.570796326794897E-002
  -6.20464549083981       1.152429528591426E-012  1.570796326794897E-002
  -6.18893752757186       1.319252602587518E-012  1.570796326794897E-002
  -6.17322956430391       1.509707147706785E-012  1.570796326794897E-002
  -6.15752160103597       1.727064798880215E-012  1.570796326794897E-002
  -6.14181363776802       1.975039215990169E-012  1.570796326794897E-002
  -6.12610567450007       2.257844268527594E-012  1.570796326794897E-002
  -6.11039771123212       2.580259667576092E-012  1.570796326794897E-002
  -6.09468974796417       2.947704969858243E-012  1.570796326794897E-002
  -6.07898178469622       3.366322989663326E-012  1.570796326794897E-002
  -6.06327382142827       3.843073778424030E-012  1.570796326794897E-002
  -6.04756585816032       4.385840469954878E-012  1.570796326794897E-002
  -6.03185789489237       5.003548443486099E-012  1.570796326794897E-002
  -6.01614993162443       5.706299428376217E-012  1.570796326794897E-002
  -6.00044196835648       6.505522365694856E-012  1.570796326794897E-002
  -5.98473400508853       7.414143054871435E-012  1.570796326794897E-002
  -5.96902604182058       8.446774850659899E-012  1.570796326794897E-002
  -5.95331807855263       9.619932939380122E-012  1.570796326794897E-002
  -5.93761011528468       1.095227501662448E-011  1.570796326794897E-002
  -5.92190215201673       1.246487151453332E-011  1.570796326794897E-002
  -5.90619418874878       1.418150888882325E-011  1.570796326794897E-002
  -5.89048622548083       1.612902987783902E-011  1.570796326794897E-002
  -5.87477826221289       1.833771509221173E-011  1.570796326794897E-002
  -5.85907029894494       2.084171078889675E-011  1.570796326794897E-002
  -5.84336233567699       2.367950823253283E-011  1.570796326794897E-002
  -5.82765437240904       2.689448065583625E-011  1.570796326794897E-002
  -5.81194640914109       3.053548450527769E-011  1.570796326794897E-002
  -5.79623844587314       3.465753240536950E-011  1.570796326794897E-002
  -5.78053048260519       3.932254610192799E-011  1.570796326794897E-002
  -5.76482251933724       4.460019855985811E-011  1.570796326794897E-002
  -5.74911455606929       5.056885540321846E-011  1.570796326794897E-002
  -5.73340659280135       5.731662700441003E-011  1.570796326794897E-002
  -5.71769862953340       6.494254376597142E-011  1.570796326794897E-002
  -5.70199066626545       7.355786850441859E-011  1.570796326794897E-002
  -5.68628270299750       8.328756135364617E-011  1.570796326794897E-002
  -5.67057473972955       9.427191426970783E-011  1.570796326794897E-002
  -5.65486677646160       1.066683740545591E-010  1.570796326794897E-002
  -5.63915881319365       1.206535748404311E-010  1.570796326794897E-002
  -5.62345084992570       1.364256032071255E-010  1.570796326794897E-002
  -5.60774288665775       1.542065215616814E-010  1.570796326794897E-002
  -5.59203492338981       1.742451781152604E-010  1.570796326794897E-002
  -5.57632696012186       1.968203347695598E-010  1.570796326794897E-002
  -5.56061899685391       2.222441475002549E-010  1.570796326794897E-002
  -5.54491103358596       2.508660374261874E-010  1.570796326794897E-002
  -5.52920307031801       2.830769947107384E-010  1.570796326794897E-002
  -5.51349510705006       3.193143617893811E-010  1.570796326794897E-002
  -5.49778714378211       3.600671471909037E-010  1.570796326794897E-002
  -5.48207918051416       4.058819264586716E-010  1.570796326794897E-002
  -5.46637121724621       4.573693924249343E-010  1.570796326794897E-002
  -5.45066325397827       5.152116233921293E-010  1.570796326794897E-002
  -5.43495529071032       5.801701446804118E-010  1.570796326794897E-002
  -5.41924732744237       6.530948665646438E-010  1.570796326794897E-002
  -5.40353936417442       7.349339899057081E-010  1.570796326794897E-002
  -5.38783140090647       8.267449798441768E-010  1.570796326794897E-002
  -5.37212343763852       9.297067178376936E-010  1.570796326794897E-002
  -5.35641547437057       1.045132953161960E-009  1.570796326794897E-002
  -5.34070751110262       1.174487186839101E-009  1.570796326794897E-002
  -5.32499954783467       1.319399133893829E-009  1.570796326794897E-002
  -5.30929158456673       1.481682923960736E-009  1.570796326794897E-002
  -5.29358362129878       1.663357215677171E-009  1.570796326794897E-002
  -5.27787565803083       1.866667417103777E-009  1.570796326794897E-002
  -5.26216769476288       2.094110222737580E-009  1.570796326794897E-002
  -5.24645973149493       2.348460697646163E-009  1.570796326794897E-002
  -5.23075176822698       2.632802160993260E-009  1.570796326794897E-002
  -5.21504380495903       2.950559144891063E-009  1.570796326794897E-002
  -5.19933584169108       3.305533730262357E-009  1.570796326794897E-002
  -5.18362787842313       3.701945589392502E-009  1.570796326794897E-002
  -5.16791991515519       4.144476095281363E-009  1.570796326794897E-002
  -5.15221195188724       4.638316890961172E-009  1.570796326794897E-002
  -5.13650398861929       5.189223347837786E-009  1.570796326794897E-002
  -5.12079602535134       5.803573381061196E-009  1.570796326794897E-002
  -5.10508806208339       6.488432132179695E-009  1.570796326794897E-002
  -5.08938009881544       7.251623075129652E-009  1.570796326794897E-002
  -5.07367213554749       8.101806151239519E-009  1.570796326794897E-002
  -5.05796417227954       9.048563592669129E-009  1.570796326794897E-002
  -5.04225620901159       1.010249415187826E-008  1.570796326794897E-002
  -5.02654824574365       1.127531651764930E-008  1.570796326794897E-002
  -5.01084028247570       1.257998276623946E-008  1.570796326794897E-002
  -4.99513231920775       1.403080276977372E-008  1.570796326794897E-002
  -4.97942435593980       1.564358056342269E-008  1.570796326794897E-002
  -4.96371639267185       1.743576375865812E-008  1.570796326794897E-002
  -4.94800842940390       1.942660718240007E-008  1.570796326794897E-002
  -4.93230046613595       2.163735202163866E-008  1.570796326794897E-002
  -4.91659250286800       2.409142186065237E-008  1.570796326794897E-002
  -4.90088453960005       2.681463711377355E-008  1.570796326794897E-002
  -4.88517657633211       2.983544948136565E-008  1.570796326794897E-002
  -4.86946861306416       3.318519819086115E-008  1.570796326794897E-002
  -4.85376064979621       3.689838992901974E-008  1.570796326794897E-002
  -4.83805268652826       4.101300452666177E-008  1.570796326794897E-002
  -4.82234472326031       4.557082862375088E-008  1.570796326794897E-002
  -4.80663675999236       5.061781972156289E-008  1.570796326794897E-002
  -4.79092879672441       5.620450322059991E-008  1.570796326794897E-002
  -4.77522083345646       6.238640524872285E-008  1.570796326794897E-002
  -4.75951287018851       6.922452430453575E-008  1.570796326794897E-002
  -4.74380490692057       7.678584497731662E-008  1.570796326794897E-002
  -4.72809694365262       8.514389725768150E-008  1.570796326794897E-002
  -4.71238898038467       9.437936522372928E-008  1.570796326794897E-002
  -4.69668101711672       1.045807491766954E-007  1.570796326794897E-002
  -4.68097305384877       1.158450856092483E-007  1.570796326794897E-002
  -4.66526509058082       1.282787297196428E-007  1.570796326794897E-002
  -4.64955712731287       1.419982055372432E-007  1.570796326794897E-002
  -4.63384916404492       1.571311291006473E-007  1.570796326794897E-002
  -4.61814120077698       1.738172105301442E-007  1.570796326794897E-002
  -4.60243323750903       1.922093412628521E-007  1.570796326794897E-002
  -4.58672527424108       2.124747731730440E-007  1.570796326794897E-002
  -4.57101731097313       2.347963967833068E-007  1.570796326794897E-002
  -4.55530934770518       2.593741262858742E-007  1.570796326794897E-002
  -4.53960138443723       2.864263996392308E-007  1.570796326794897E-002
  -4.52389342116928       3.161918025845294E-007  1.570796326794897E-002
  -4.50818545790133       3.489308260412545E-007  1.570796326794897E-002
  -4.49247749463338       3.849277669934560E-007  1.570796326794897E-002
  -4.47676953136544       4.244927836686576E-007  1.570796326794897E-002
  -4.46106156809749       4.679641165430345E-007  1.570796326794897E-002
  -4.44535360482954       5.157104874803397E-007  1.570796326794897E-002
  -4.42964564156159       5.681336901304030E-007  1.570796326794897E-002
  -4.41393767829364       6.256713855776997E-007  1.570796326794897E-002
  -4.39822971502569       6.888001181433345E-007  1.570796326794897E-002
  -4.38252175175774       7.580385672069055E-007  1.570796326794897E-002
  -4.36681378848979       8.339510519301389E-007  1.570796326794897E-002
  -4.35110582522184       9.171513068336896E-007  1.570796326794897E-002
  -4.33539786195390       1.008306547304403E-006  1.570796326794897E-002
  -4.31968989868595       1.108141845294506E-006  1.570796326794897E-002
  -4.30398193541800       1.217444836718555E-006  1.570796326794897E-002
  -4.28827397215005       1.337070783360776E-006  1.570796326794897E-002
  -4.27256600888210       1.467948013476426E-006  1.570796326794897E-002
  -4.25685804561415       1.611083766708047E-006  1.570796326794897E-002
  -4.24115008234620       1.767570470442778E-006  1.570796326794897E-002
  -4.22544211907825       1.938592476312304E-006  1.570796326794897E-002
  -4.20973415581030       2.125433287183974E-006  1.570796326794897E-002
  -4.19402619254236       2.329483306712007E-006  1.570796326794897E-002
  -4.17831822927441       2.552248145313238E-006  1.570796326794897E-002
  -4.16261026600646       2.795357518303752E-006  1.570796326794897E-002
  -4.14690230273851       3.060574773882188E-006  1.570796326794897E-002
  -4.13119433947056       3.349807090674506E-006  1.570796326794897E-002
  -4.11548637620261       3.665116386663535E-006  1.570796326794897E-002
  -4.09977841293466       4.008730983515875E-006  1.570796326794897E-002
  -4.08407044966671       4.383058072590177E-006  1.570796326794897E-002
  -4.06836248639876       4.790697031263122E-006  1.570796326794897E-002
  -4.05265452313082       5.234453640644340E-006  1.570796326794897E-002
  -4.03694655986287       5.717355258268170E-006  1.570796326794897E-002
  -4.02123859659492       6.242667001947760E-006  1.570796326794897E-002
  -4.00553063332697       6.813909003655537E-006  1.570796326794897E-002
  -3.98982267005902       7.434874795051958E-006  1.570796326794897E-002
  -3.97411470679107       8.109650889120015E-006  1.570796326794897E-002
  -3.95840674352312       8.842637625274093E-006  1.570796326794897E-002
  -3.94269878025517       9.638571348297309E-006  1.570796326794897E-002
  -3.92699081698722       1.050254799451647E-005  1.570796326794897E-002
  -3.91128285371928       1.144004816174596E-005  1.570796326794897E-002
  -3.89557489045133       1.245696374271832E-005  1.570796326794897E-002
  -3.87986692718338       1.355962620496270E-005  1.570796326794897E-002
  -3.86415896391543       1.475483660338991E-005  1.570796326794897E-002
  -3.84845100064748       1.604989741518822E-005  1.570796326794897E-002
  -3.83274303737953       1.745264629001973E-005  1.570796326794897E-002
  -3.81703507411158       1.897149181192647E-005  1.570796326794897E-002
  -3.80132711084363       2.061545137280186E-005  1.570796326794897E-002
  -3.78561914757568       2.239419126074419E-005  1.570796326794897E-002
  -3.76991118430774       2.431806907007865E-005  1.570796326794897E-002
  -3.75420322103979       2.639817854330154E-005  1.570796326794897E-002
  -3.73849525777184       2.864639695865027E-005  1.570796326794897E-002
  -3.72278729450389       3.107543518042768E-005  1.570796326794897E-002
  -3.70707933123594       3.369889049259376E-005  1.570796326794897E-002
  -3.69137136796799       3.653130233946643E-005  1.570796326794897E-002
  -3.67566340470004       3.958821110063078E-005  1.570796326794897E-002
  -3.65995544143209       4.288622003033128E-005  1.570796326794897E-002
  -3.64424747816414       4.644306049468811E-005  1.570796326794897E-002
  -3.62853951489620       5.027766064302249E-005  1.570796326794897E-002
  -3.61283155162825       5.441021765238445E-005  1.570796326794897E-002
  -3.59712358836030       5.886227368701082E-005  1.570796326794897E-002
  -3.58141562509235       6.365679571689701E-005  1.570796326794897E-002
  -3.56570766182440       6.881825934191608E-005  1.570796326794897E-002
  -3.54999969855645       7.437273676992624E-005  1.570796326794897E-002
  -3.53429173528850       8.034798909906267E-005  1.570796326794897E-002
  -3.51858377202055       8.677356305588563E-005  1.570796326794897E-002
  -3.50287580875260       9.368089234220291E-005  1.570796326794897E-002
  -3.48716784548466       1.011034037442049E-004  1.570796326794897E-002
  -3.47145988221671       1.090766281579917E-004  1.570796326794897E-002
  -3.45575191894876       1.176383166856082E-004  1.570796326794897E-002
  -3.44004395568081       1.268285619553024E-004  1.570796326794897E-002
  -3.42433599241286       1.366899248188643E-004  1.570796326794897E-002
  -3.40862802914491       1.472675665775204E-004  1.570796326794897E-002
  -3.39292006587696       1.586093868859563E-004  1.570796326794897E-002
  -3.37721210260901       1.707661674815584E-004  1.570796326794897E-002
  -3.36150413934106       1.837917218828614E-004  1.570796326794897E-002
  -3.34579617607312       1.977430511974490E-004  1.570796326794897E-002
  -3.33008821280517       2.126805061751237E-004  1.570796326794897E-002
  -3.31438024953722       2.286679556370025E-004  1.570796326794897E-002
  -3.29867228626927       2.457729614052664E-004  1.570796326794897E-002
  -3.28296432300132       2.640669598515760E-004  1.570796326794897E-002
  -3.26725635973337       2.836254501745897E-004  1.570796326794897E-002
  -3.25154839646542       3.045281895085551E-004  1.570796326794897E-002
  -3.23584043319747       3.268593949555980E-004  1.570796326794897E-002
  -3.22013246992953       3.507079526239694E-004  1.570796326794897E-002
  -3.20442450666158       3.761676337431826E-004  1.570796326794897E-002
  -3.18871654339363       4.033373179146188E-004  1.570796326794897E-002
  -3.17300858012568       4.323212235427101E-004  1.570796326794897E-002
  -3.15730061685773       4.632291454772614E-004  1.570796326794897E-002
  -3.14159265358978       4.961766998817940E-004  1.570796326794897E-002
  -3.12588469032183       5.312855763258951E-004  1.570796326794897E-002
  -3.11017672705388       5.686837970814907E-004  1.570796326794897E-002
  -3.09446876378593       6.085059835836483E-004  1.570796326794897E-002
  -3.07876080051799       6.508936299959397E-004  1.570796326794897E-002
  -3.06305283725004       6.959953837985130E-004  1.570796326794897E-002
  -3.04734487398209       7.439673332938859E-004  1.570796326794897E-002
  -3.03163691071414       7.949733019009678E-004  1.570796326794897E-002
  -3.01592894744619       8.491851490819551E-004  1.570796326794897E-002
  -3.00022098417824       9.067830777196366E-004  1.570796326794897E-002
  -2.98451302091029       9.679559477340387E-004  1.570796326794897E-002
  -2.96880505764234       1.032901595697463E-003  1.570796326794897E-002
  -2.95309709437439       1.101827160175768E-003  1.570796326794897E-002
  -2.93738913110645       1.174949412491089E-003  1.570796326794897E-002
  -2.92168116783850       1.252495092567257E-003  1.570796326794897E-002
  -2.90597320457055       1.334701249483994E-003  1.570796326794897E-002
  -2.89026524130260       1.421815586329356E-003  1.570796326794897E-002
  -2.87455727803465       1.514096808902067E-003  1.570796326794897E-002
  -2.85884931476670       1.611814977776454E-003  1.570796326794897E-002
  -2.84314135149875       1.715251863202403E-003  1.570796326794897E-002
  -2.82743338823080       1.824701302271352E-003  1.570796326794897E-002
  -2.81172542496285       1.940469557737104E-003  1.570796326794897E-002
  -2.79601746169491       2.062875677836620E-003  1.570796326794897E-002
  -2.78030949842696       2.192251856411647E-003  1.570796326794897E-002
  -2.76460153515901       2.328943792586915E-003  1.570796326794897E-002
  -2.74889357189106       2.473311049214517E-003  1.570796326794897E-002
  -2.73318560862311       2.625727409247468E-003  1.570796326794897E-002
  -2.71747764535516       2.786581229158316E-003  1.570796326794897E-002
  -2.70176968208721       2.956275788470971E-003  1.570796326794897E-002
  -2.68606171881926       3.135229634425786E-003  1.570796326794897E-002
  -2.67035375555131       3.323876920750110E-003  1.570796326794897E-002
  -2.65464579228337       3.522667739457974E-003  1.570796326794897E-002
  -2.63893782901542       3.732068444554602E-003  1.570796326794897E-002
  -2.62322986574747       3.952561966473647E-003  1.570796326794897E-002
  -2.60752190247952       4.184648116027542E-003  1.570796326794897E-002
  -2.59181393921157       4.428843876604519E-003  1.570796326794897E-002
  -2.57610597594362       4.685683683299960E-003  1.570796326794897E-002
  -2.56039801267567       4.955719687624568E-003  1.570796326794897E-002
  -2.54469004940772       5.239522006387992E-003  1.570796326794897E-002
  -2.52898208613977       5.537678953314197E-003  1.570796326794897E-002
  -2.51327412287183       5.850797251903953E-003  1.570796326794897E-002
  -2.49756615960388       6.179502228020575E-003  1.570796326794897E-002
  -2.48185819633593       6.524437980638531E-003  1.570796326794897E-002
  -2.46615023306798       6.886267529159482E-003  1.570796326794897E-002
  -2.45044226980003       7.265672935668153E-003  1.570796326794897E-002
  -2.43473430653208       7.663355400471503E-003  1.570796326794897E-002
  -2.41902634326413       8.080035329237838E-003  1.570796326794897E-002
  -2.40331837999618       8.516452370029626E-003  1.570796326794897E-002
  -2.38761041672823       8.973365418504421E-003  1.570796326794897E-002
  -2.37190245346029       9.451552589542346E-003  1.570796326794897E-002
  -2.35619449019234       9.951811153546942E-003  1.570796326794897E-002
  -2.34048652692439       1.047495743565883E-002  1.570796326794897E-002
  -2.32477856365644       1.102182667611892E-002  1.570796326794897E-002
  -2.30907060038849       1.159327285001960E-002  1.570796326794897E-002
  -2.29336263712054       1.219016844468955E-002  1.570796326794897E-002
  -2.27765467385259       1.281340419297033E-002  1.570796326794897E-002
  -2.26194671058464       1.346388876066039E-002  1.570796326794897E-002
  -2.24623874731669       1.414254838642586E-002  1.570796326794897E-002
  -2.23053078404875       1.485032647250780E-002  1.570796326794897E-002
  -2.21482282078080       1.558818312459024E-002  1.570796326794897E-002
  -2.19911485751285       1.635709463923664E-002  1.570796326794897E-002
  -2.18340689424490       1.715805293735098E-002  1.570796326794897E-002
  -2.16769893097695       1.799206494217499E-002  1.570796326794897E-002
  -2.15199096770900       1.886015190039602E-002  1.570796326794897E-002
  -2.13628300444105       1.976334864500982E-002  1.570796326794897E-002
  -2.12057504117310       2.070270279865881E-002  1.570796326794897E-002
  -2.10486707790515       2.167927391625141E-002  1.570796326794897E-002
  -2.08915911463721       2.269413256575912E-002  1.570796326794897E-002
  -2.07345115136926       2.374835934618727E-002  1.570796326794897E-002
  -2.05774318810131       2.484304384182213E-002  1.570796326794897E-002
  -2.04203522483336       2.597928351197137E-002  1.570796326794897E-002
  -2.02632726156541       2.715818251553608E-002  1.570796326794897E-002
  -2.01061929829746       2.838085046988252E-002  1.570796326794897E-002
  -1.99491133502951       2.964840114361796E-002  1.570796326794897E-002
  -1.97920337176156       3.096195108301912E-002  1.570796326794897E-002
  -1.96349540849361       3.232261817201324E-002  1.570796326794897E-002
  -1.94778744522567       3.373152012576997E-002  1.570796326794897E-002
  -1.93207948195772       3.518977291812759E-002  1.570796326794897E-002
  -1.91637151868977       3.669848914324900E-002  1.570796326794897E-002
  -1.90066355542182       3.825877631208186E-002  1.570796326794897E-002
  -1.88495559215387       3.987173508438108E-002  1.570796326794897E-002
  -1.86924762888592       4.153845743724267E-002  1.570796326794897E-002
  -1.85353966561797       4.326002477129454E-002  1.570796326794897E-002
  -1.83783170235002       4.503750595588961E-002  1.570796326794897E-002
  -1.82212373908208       4.687195531485367E-002  1.570796326794897E-002
  -1.80641577581413       4.876441055455023E-002  1.570796326794897E-002
  -1.79070781254618       5.071589063623728E-002  1.570796326794897E-002
  -1.77499984927823       5.272739359490984E-002  1.570796326794897E-002
  -1.75929188601028       5.479989430704094E-002  1.570796326794897E-002
  -1.74358392274233       5.693434220985522E-002  1.570796326794897E-002
  -1.72787595947438       5.913165897499364E-002  1.570796326794897E-002
  -1.71216799620643       6.139273613965249E-002  1.570796326794897E-002
  -1.69646003293848       6.371843269850243E-002  1.570796326794897E-002
  -1.68075206967054       6.610957265991961E-002  1.570796326794897E-002
  -1.66504410640259       6.856694257028301E-002  1.570796326794897E-002
  -1.64933614313464       7.109128901031181E-002  1.570796326794897E-002
  -1.63362817986669       7.368331606763664E-002  1.570796326794897E-002
  -1.61792021659874       7.634368279001198E-002  1.570796326794897E-002
  -1.60221225333079       7.907300062378750E-002  1.570796326794897E-002
  -1.58650429006284       8.187183084246109E-002  1.570796326794897E-002
  -1.57079632679489       8.474068197033677E-002  1.570796326794897E-002
  -1.55508836352694       8.768000720650046E-002  1.570796326794897E-002
  -1.53938040025900       9.069020185451393E-002  1.570796326794897E-002
  -1.52367243699105       9.377160076340219E-002  1.570796326794897E-002
  -1.50796447372310       9.692447578567599E-002  1.570796326794897E-002
  -1.49225651045515       0.100149033258288       1.570796326794897E-002
  -1.47654854718720       0.103445411512569       1.570796326794897E-002
  -1.46084058391925       0.106813678419317       1.570796326794897E-002
  -1.44513262065130       0.110253828975343       1.570796326794897E-002
  -1.42942465738335       0.113765782937881       1.570796326794897E-002
  -1.41371669411540       0.117349382513349       1.570796326794897E-002
  -1.39800873084746       0.121004390107057       1.570796326794897E-002
  -1.38230076757951       0.124730486140484       1.570796326794897E-002
  -1.36659280431156       0.128527266942820       1.570796326794897E-002
  -1.35088484104361       0.132394242723481       1.570796326794897E-002
  -1.33517687777566       0.136330835632324       1.570796326794897E-002
  -1.31946891450771       0.140336377914272       1.570796326794897E-002
  -1.30376095123976       0.144410110165056       1.570796326794897E-002
  -1.28805298797181       0.148551179694691       1.570796326794897E-002
  -1.27234502470386       0.152758639005292       1.570796326794897E-002
  -1.25663706143592       0.157031444389699       1.570796326794897E-002
  -1.24092909816797       0.161368454657317       1.570796326794897E-002
  -1.22522113490002       0.165768429993407       1.570796326794897E-002
  -1.20951317163207       0.170230030957962       1.570796326794897E-002
  -1.19380520836412       0.174751817630083       1.570796326794897E-002
  -1.17809724509617       0.179332248903628       1.570796326794897E-002
  -1.16238928182822       0.183969681939653       1.570796326794897E-002
  -1.14668131856027       0.188662371780960       1.570796326794897E-002
  -1.13097335529232       0.193408471133801       1.570796326794897E-002
  -1.11526539202438       0.198206030321513       1.570796326794897E-002
  -1.09955742875643       0.203052997414560       1.570796326794897E-002
  -1.08384946548848       0.207947218541167       1.570796326794897E-002
  -1.06814150222053       0.212886438382351       1.570796326794897E-002
  -1.05243353895258       0.217868300854850       1.570796326794897E-002
  -1.03672557568463       0.222890349985050       1.570796326794897E-002
  -1.02101761241668       0.227950030976625       1.570796326794897E-002
  -1.00530964914873       0.233044691474208       1.570796326794897E-002
 -0.989601685880784       0.238171583024980       1.570796326794897E-002
 -0.973893722612835       0.243327862739630       1.570796326794897E-002
 -0.958185759344886       0.248510595153697       1.570796326794897E-002
 -0.942477796076937       0.253716754289824       1.570796326794897E-002
 -0.926769832808989       0.258943225920993       1.570796326794897E-002
 -0.911061869541040       0.264186810034316       1.570796326794897E-002
 -0.895353906273091       0.269444223494479       1.570796326794897E-002
 -0.879645943005142       0.274712102905401       1.570796326794897E-002
 -0.863937979737193       0.279987007668195       1.570796326794897E-002
 -0.848230016469244       0.285265423232977       1.570796326794897E-002
 -0.832522053201295       0.290543764541583       1.570796326794897E-002
 -0.816814089933346       0.295818379657687       1.570796326794897E-002
 -0.801106126665397       0.301085553580346       1.570796326794897E-002
 -0.785398163397448       0.306341512236443       1.570796326794897E-002
 -0.769690200129499       0.311582426646995       1.570796326794897E-002
 -0.753982236861550       0.316804417261785       1.570796326794897E-002
 -0.738274273593601       0.322003558456266       1.570796326794897E-002
 -0.722566310325652       0.327175883184195       1.570796326794897E-002
 -0.706858347057703       0.332317387778959       1.570796326794897E-002
 -0.691150383789754       0.337424036896084       1.570796326794897E-002
 -0.675442420521805       0.342491768588960       1.570796326794897E-002
 -0.659734457253856       0.347516499509349       1.570796326794897E-002
 -0.644026493985907       0.352494130223839       1.570796326794897E-002
 -0.628318530717958       0.357420550636956       1.570796326794897E-002
 -0.612610567450009       0.362291645511290       1.570796326794897E-002
 -0.596902604182060       0.367103300074578       1.570796326794897E-002
 -0.581194640914111       0.371851405703371       1.570796326794897E-002
 -0.565486677646162       0.376531865672557       1.570796326794897E-002
 -0.549778714378213       0.381140600959719       1.570796326794897E-002
 -0.534070751110264       0.385673556093035       1.570796326794897E-002
 -0.518362787842315       0.390126705031167       1.570796326794897E-002
 -0.502654824574366       0.394496057063376       1.570796326794897E-002
 -0.486946861306417       0.398777662717901       1.570796326794897E-002
 -0.471238898038468       0.402967619666482       1.570796326794897E-002
 -0.455530934770519       0.407062078612787       1.570796326794897E-002
 -0.439822971502570       0.411057249152392       1.570796326794897E-002
 -0.424115008234621       0.414949405591912       1.570796326794897E-002
 -0.408407044966672       0.418734892714838       1.570796326794897E-002
 -0.392699081698723       0.422410131481669       1.570796326794897E-002
 -0.376991118430774       0.425971624651917       1.570796326794897E-002
 -0.361283155162825       0.429415962315688       1.570796326794897E-002
 -0.345575191894876       0.432739827322610       1.570796326794897E-002
 -0.329867228626927       0.435940000596050       1.570796326794897E-002
 -0.314159265358978       0.439013366320716       1.570796326794897E-002
 -0.298451302091029       0.441956916991962       1.570796326794897E-002
 -0.282743338823080       0.444767758315362       1.570796326794897E-002
 -0.267035375555131       0.447443113945387       1.570796326794897E-002
 -0.251327412287182       0.449980330052333       1.570796326794897E-002
 -0.235619449019233       0.452376879706996       1.570796326794897E-002
 -0.219911485751284       0.454630367072951       1.570796326794897E-002
 -0.204203522483335       0.456738531396712       1.570796326794897E-002
 -0.188495559215386       0.458699250786468       1.570796326794897E-002
 -0.172787595947437       0.460510545770557       1.570796326794897E-002
 -0.157079632679488       0.462170582627319       1.570796326794897E-002
 -0.141371669411539       0.463677676478510       1.570796326794897E-002
 -0.125663706143590       0.465030294138938       1.570796326794897E-002
 -0.109955742875641       0.466227056715610       1.570796326794897E-002
 -9.424777960769243E-002  0.467266741950196       1.570796326794897E-002
 -7.853981633974347E-002  0.468148286299255       1.570796326794897E-002
 -6.283185307179451E-002  0.468870786747261       1.570796326794897E-002
 -4.712388980384554E-002  0.469433502348102       1.570796326794897E-002
 -3.141592653589657E-002  0.469835855491371       1.570796326794897E-002
 -1.570796326794761E-002  0.470077432890418       1.570796326794897E-002
  1.360023205165817E-015  0.470157986289797       1.570796326794897E-002
  1.570796326795033E-002  0.470077432890418       1.570796326794897E-002
  3.141592653589929E-002  0.469835855491371       1.570796326794897E-002
  4.712388980384826E-002  0.469433502348102       1.570796326794897E-002
  6.283185307179723E-002  0.468870786747261       1.570796326794897E-002
  7.853981633974619E-002  0.468148286299255       1.570796326794897E-002
  9.424777960769515E-002  0.467266741950195       1.570796326794897E-002
  0.109955742875644       0.466227056715610       1.570796326794897E-002
  0.125663706143593       0.465030294138938       1.570796326794897E-002
  0.141371669411542       0.463677676478510       1.570796326794897E-002
  0.157079632679491       0.462170582627319       1.570796326794897E-002
  0.172787595947440       0.460510545770556       1.570796326794897E-002
  0.188495559215389       0.458699250786468       1.570796326794897E-002
  0.204203522483338       0.456738531396711       1.570796326794897E-002
  0.219911485751287       0.454630367072950       1.570796326794897E-002
  0.235619449019236       0.452376879706995       1.570796326794897E-002
  0.251327412287185       0.449980330052333       1.570796326794897E-002
  0.267035375555134       0.447443113945386       1.570796326794897E-002
  0.282743338823083       0.444767758315361       1.570796326794897E-002
  0.298451302091032       0.441956916991961       1.570796326794897E-002
  0.314159265358981       0.439013366320716       1.570796326794897E-002
  0.329867228626930       0.435940000596050       1.570796326794897E-002
  0.345575191894879       0.432739827322609       1.570796326794897E-002
  0.361283155162828       0.429415962315687       1.570796326794897E-002
  0.376991118430777       0.425971624651917       1.570796326794897E-002
  0.392699081698726       0.422410131481668       1.570796326794897E-002
  0.408407044966675       0.418734892714837       1.570796326794897E-002
  0.424115008234624       0.414949405591911       1.570796326794897E-002
  0.439822971502573       0.411057249152392       1.570796326794897E-002
  0.455530934770522       0.407062078612786       1.570796326794897E-002
  0.471238898038471       0.402967619666481       1.570796326794897E-002
  0.486946861306420       0.398777662717900       1.570796326794897E-002
  0.502654824574368       0.394496057063376       1.570796326794897E-002
  0.518362787842317       0.390126705031166       1.570796326794897E-002
  0.534070751110266       0.385673556093034       1.570796326794897E-002
  0.549778714378215       0.381140600959719       1.570796326794897E-002
  0.565486677646164       0.376531865672557       1.570796326794897E-002
  0.581194640914113       0.371851405703371       1.570796326794897E-002
  0.596902604182062       0.367103300074577       1.570796326794897E-002
  0.612610567450011       0.362291645511289       1.570796326794897E-002
  0.628318530717960       0.357420550636955       1.570796326794897E-002
  0.644026493985909       0.352494130223838       1.570796326794897E-002
  0.659734457253858       0.347516499509348       1.570796326794897E-002
  0.675442420521807       0.342491768588959       1.570796326794897E-002
  0.691150383789756       0.337424036896084       1.570796326794897E-002
  0.706858347057705       0.332317387778958       1.570796326794897E-002
  0.722566310325654       0.327175883184194       1.570796326794897E-002
  0.738274273593603       0.322003558456265       1.570796326794897E-002
  0.753982236861552       0.316804417261784       1.570796326794897E-002
  0.769690200129501       0.311582426646994       1.570796326794897E-002
  0.785398163397450       0.306341512236442       1.570796326794897E-002
  0.801106126665399       0.301085553580345       1.570796326794897E-002
  0.816814089933348       0.295818379657686       1.570796326794897E-002
  0.832522053201297       0.290543764541583       1.570796326794897E-002
  0.848230016469246       0.285265423232976       1.570796326794897E-002
  0.863937979737195       0.279987007668194       1.570796326794897E-002
  0.879645943005144       0.274712102905400       1.570796326794897E-002
  0.895353906273093       0.269444223494478       1.570796326794897E-002
  0.911061869541042       0.264186810034315       1.570796326794897E-002
  0.926769832808991       0.258943225920992       1.570796326794897E-002
  0.942477796076940       0.253716754289824       1.570796326794897E-002
  0.958185759344889       0.248510595153696       1.570796326794897E-002
  0.973893722612838       0.243327862739629       1.570796326794897E-002
  0.989601685880787       0.238171583024979       1.570796326794897E-002
   1.00530964914874       0.233044691474207       1.570796326794897E-002
   1.02101761241668       0.227950030976624       1.570796326794897E-002
   1.03672557568463       0.222890349985049       1.570796326794897E-002
   1.05243353895258       0.217868300854849       1.570796326794897E-002
   1.06814150222053       0.212886438382350       1.570796326794897E-002
   1.08384946548848       0.207947218541167       1.570796326794897E-002
   1.09955742875643       0.203052997414559       1.570796326794897E-002
   1.11526539202438       0.198206030321512       1.570796326794897E-002
   1.13097335529233       0.193408471133801       1.570796326794897E-002
   1.14668131856028       0.188662371780959       1.570796326794897E-002
   1.16238928182822       0.183969681939652       1.570796326794897E-002
   1.17809724509617       0.179332248903628       1.570796326794897E-002
   1.19380520836412       0.174751817630082       1.570796326794897E-002
   1.20951317163207       0.170230030957961       1.570796326794897E-002
   1.22522113490002       0.165768429993406       1.570796326794897E-002
   1.24092909816797       0.161368454657316       1.570796326794897E-002
   1.25663706143592       0.157031444389698       1.570796326794897E-002
   1.27234502470387       0.152758639005291       1.570796326794897E-002
   1.28805298797182       0.148551179694691       1.570796326794897E-002
   1.30376095123976       0.144410110165055       1.570796326794897E-002
   1.31946891450771       0.140336377914272       1.570796326794897E-002
   1.33517687777566       0.136330835632323       1.570796326794897E-002
   1.35088484104361       0.132394242723481       1.570796326794897E-002
   1.36659280431156       0.128527266942819       1.570796326794897E-002
   1.38230076757951       0.124730486140483       1.570796326794897E-002
   1.39800873084746       0.121004390107056       1.570796326794897E-002
   1.41371669411541       0.117349382513348       1.570796326794897E-002
   1.42942465738336       0.113765782937880       1.570796326794897E-002
   1.44513262065130       0.110253828975342       1.570796326794897E-002
   1.46084058391925       0.106813678419316       1.570796326794897E-002
   1.47654854718720       0.103445411512568       1.570796326794897E-002
   1.49225651045515       0.100149033258288       1.570796326794897E-002
   1.50796447372310       9.692447578567547E-002  1.570796326794897E-002
   1.52367243699105       9.377160076340166E-002  1.570796326794897E-002
   1.53938040025900       9.069020185451340E-002  1.570796326794897E-002
   1.55508836352695       8.768000720649996E-002  1.570796326794897E-002
   1.57079632679490       8.474068197033630E-002  1.570796326794897E-002
   1.58650429006284       8.187183084246064E-002  1.570796326794897E-002
   1.60221225333079       7.907300062378701E-002  1.570796326794897E-002
   1.61792021659874       7.634368279001152E-002  1.570796326794897E-002
   1.63362817986669       7.368331606763620E-002  1.570796326794897E-002
   1.64933614313464       7.109128901031139E-002  1.570796326794897E-002
   1.66504410640259       6.856694257028259E-002  1.570796326794897E-002
   1.68075206967054       6.610957265991919E-002  1.570796326794897E-002
   1.69646003293849       6.371843269850203E-002  1.570796326794897E-002
   1.71216799620644       6.139273613965212E-002  1.570796326794897E-002
   1.72787595947438       5.913165897499328E-002  1.570796326794897E-002
   1.74358392274233       5.693434220985485E-002  1.570796326794897E-002
   1.75929188601028       5.479989430704060E-002  1.570796326794897E-002
   1.77499984927823       5.272739359490949E-002  1.570796326794897E-002
   1.79070781254618       5.071589063623694E-002  1.570796326794897E-002
   1.80641577581413       4.876441055454991E-002  1.570796326794897E-002
   1.82212373908208       4.687195531485337E-002  1.570796326794897E-002
   1.83783170235003       4.503750595588929E-002  1.570796326794897E-002
   1.85353966561798       4.326002477129424E-002  1.570796326794897E-002
   1.86924762888592       4.153845743724240E-002  1.570796326794897E-002
   1.88495559215387       3.987173508438081E-002  1.570796326794897E-002
   1.90066355542182       3.825877631208158E-002  1.570796326794897E-002
   1.91637151868977       3.669848914324873E-002  1.570796326794897E-002
   1.93207948195772       3.518977291812734E-002  1.570796326794897E-002
   1.94778744522567       3.373152012576974E-002  1.570796326794897E-002
   1.96349540849362       3.232261817201302E-002  1.570796326794897E-002
   1.97920337176157       3.096195108301890E-002  1.570796326794897E-002
   1.99491133502952       2.964840114361773E-002  1.570796326794897E-002
   2.01061929829746       2.838085046988231E-002  1.570796326794897E-002
   2.02632726156541       2.715818251553588E-002  1.570796326794897E-002
   2.04203522483336       2.597928351197117E-002  1.570796326794897E-002
   2.05774318810131       2.484304384182194E-002  1.570796326794897E-002
   2.07345115136926       2.374835934618709E-002  1.570796326794897E-002
   2.08915911463721       2.269413256575895E-002  1.570796326794897E-002
   2.10486707790516       2.167927391625124E-002  1.570796326794897E-002
   2.12057504117311       2.070270279865865E-002  1.570796326794897E-002
   2.13628300444106       1.976334864500966E-002  1.570796326794897E-002
   2.15199096770900       1.886015190039587E-002  1.570796326794897E-002
   2.16769893097695       1.799206494217484E-002  1.570796326794897E-002
   2.18340689424490       1.715805293735084E-002  1.570796326794897E-002
   2.19911485751285       1.635709463923650E-002  1.570796326794897E-002
   2.21482282078080       1.558818312459011E-002  1.570796326794897E-002
   2.23053078404875       1.485032647250768E-002  1.570796326794897E-002
   2.24623874731670       1.414254838642574E-002  1.570796326794897E-002
   2.26194671058465       1.346388876066027E-002  1.570796326794897E-002
   2.27765467385260       1.281340419297023E-002  1.570796326794897E-002
   2.29336263712054       1.219016844468944E-002  1.570796326794897E-002
   2.30907060038849       1.159327285001950E-002  1.570796326794897E-002
   2.32477856365644       1.102182667611883E-002  1.570796326794897E-002
   2.34048652692439       1.047495743565874E-002  1.570796326794897E-002
   2.35619449019234       9.951811153546857E-003  1.570796326794897E-002
   2.37190245346029       9.451552589542261E-003  1.570796326794897E-002
   2.38761041672824       8.973365418504341E-003  1.570796326794897E-002
   2.40331837999619       8.516452370029549E-003  1.570796326794897E-002
   2.41902634326414       8.080035329237767E-003  1.570796326794897E-002
   2.43473430653208       7.663355400471434E-003  1.570796326794897E-002
   2.45044226980003       7.265672935668086E-003  1.570796326794897E-002
   2.46615023306798       6.886267529159419E-003  1.570796326794897E-002
   2.48185819633593       6.524437980638473E-003  1.570796326794897E-002
   2.49756615960388       6.179502228020514E-003  1.570796326794897E-002
   2.51327412287183       5.850797251903896E-003  1.570796326794897E-002
   2.52898208613978       5.537678953314144E-003  1.570796326794897E-002
   2.54469004940773       5.239522006387940E-003  1.570796326794897E-002
   2.56039801267567       4.955719687624520E-003  1.570796326794897E-002
   2.57610597594362       4.685683683299914E-003  1.570796326794897E-002
   2.59181393921157       4.428843876604476E-003  1.570796326794897E-002
   2.60752190247952       4.184648116027501E-003  1.570796326794897E-002
   2.62322986574747       3.952561966473607E-003  1.570796326794897E-002
   2.63893782901542       3.732068444554566E-003  1.570796326794897E-002
   2.65464579228337       3.522667739457939E-003  1.570796326794897E-002
   2.67035375555132       3.323876920750075E-003  1.570796326794897E-002
   2.68606171881927       3.135229634425753E-003  1.570796326794897E-002
   2.70176968208721       2.956275788470942E-003  1.570796326794897E-002
   2.71747764535516       2.786581229158289E-003  1.570796326794897E-002
   2.73318560862311       2.625727409247440E-003  1.570796326794897E-002
   2.74889357189106       2.473311049214493E-003  1.570796326794897E-002
   2.76460153515901       2.328943792586892E-003  1.570796326794897E-002
   2.78030949842696       2.192251856411626E-003  1.570796326794897E-002
   2.79601746169491       2.062875677836598E-003  1.570796326794897E-002
   2.81172542496286       1.940469557737085E-003  1.570796326794897E-002
   2.82743338823081       1.824701302271334E-003  1.570796326794897E-002
   2.84314135149875       1.715251863202385E-003  1.570796326794897E-002
   2.85884931476670       1.611814977776437E-003  1.570796326794897E-002
   2.87455727803465       1.514096808902051E-003  1.570796326794897E-002
   2.89026524130260       1.421815586329341E-003  1.570796326794897E-002
   2.90597320457055       1.334701249483980E-003  1.570796326794897E-002
   2.92168116783850       1.252495092567243E-003  1.570796326794897E-002
   2.93738913110645       1.174949412491076E-003  1.570796326794897E-002
   2.95309709437440       1.101827160175756E-003  1.570796326794897E-002
   2.96880505764235       1.032901595697451E-003  1.570796326794897E-002
   2.98451302091029       9.679559477340275E-004  1.570796326794897E-002
   3.00022098417824       9.067830777196270E-004  1.570796326794897E-002
   3.01592894744619       8.491851490819454E-004  1.570796326794897E-002
   3.03163691071414       7.949733019009587E-004  1.570796326794897E-002
   3.04734487398209       7.439673332938780E-004  1.570796326794897E-002
   3.06305283725004       6.959953837985056E-004  1.570796326794897E-002
   3.07876080051799       6.508936299959321E-004  1.570796326794897E-002
   3.09446876378594       6.085059835836413E-004  1.570796326794897E-002
   3.11017672705389       5.686837970814842E-004  1.570796326794897E-002
   3.12588469032183       5.312855763258891E-004  1.570796326794897E-002
   3.14159265358978       4.961766998817882E-004  1.570796326794897E-002
   3.15730061685773       4.632291454772561E-004  1.570796326794897E-002
   3.17300858012568       4.323212235427051E-004  1.570796326794897E-002
   3.18871654339363       4.033373179146142E-004  1.570796326794897E-002
   3.20442450666158       3.761676337431783E-004  1.570796326794897E-002
   3.22013246992953       3.507079526239650E-004  1.570796326794897E-002
   3.23584043319748       3.268593949555940E-004  1.570796326794897E-002
   3.25154839646543       3.045281895085516E-004  1.570796326794897E-002
   3.26725635973337       2.836254501745862E-004  1.570796326794897E-002
   3.28296432300132       2.640669598515727E-004  1.570796326794897E-002
   3.29867228626927       2.457729614052633E-004  1.570796326794897E-002
   3.31438024953722       2.286679556369998E-004  1.570796326794897E-002
   3.33008821280517       2.126805061751210E-004  1.570796326794897E-002
   3.34579617607312       1.977430511974467E-004  1.570796326794897E-002
   3.36150413934107       1.837917218828591E-004  1.570796326794897E-002
   3.37721210260902       1.707661674815561E-004  1.570796326794897E-002
   3.39292006587697       1.586093868859544E-004  1.570796326794897E-002
   3.40862802914491       1.472675665775184E-004  1.570796326794897E-002
   3.42433599241286       1.366899248188626E-004  1.570796326794897E-002
   3.44004395568081       1.268285619553009E-004  1.570796326794897E-002
   3.45575191894876       1.176383166856065E-004  1.570796326794897E-002
   3.47145988221671       1.090766281579902E-004  1.570796326794897E-002
   3.48716784548466       1.011034037442035E-004  1.570796326794897E-002
   3.50287580875261       9.368089234220174E-005  1.570796326794897E-002
   3.51858377202056       8.677356305588454E-005  1.570796326794897E-002
   3.53429173528851       8.034798909906168E-005  1.570796326794897E-002
   3.54999969855645       7.437273676992530E-005  1.570796326794897E-002
   3.56570766182440       6.881825934191523E-005  1.570796326794897E-002
   3.58141562509235       6.365679571689610E-005  1.570796326794897E-002
   3.59712358836030       5.886227368700999E-005  1.570796326794897E-002
   3.61283155162825       5.441021765238367E-005  1.570796326794897E-002
   3.62853951489620       5.027766064302178E-005  1.570796326794897E-002
   3.64424747816415       4.644306049468745E-005  1.570796326794897E-002
   3.65995544143210       4.288622003033067E-005  1.570796326794897E-002
   3.67566340470005       3.958821110063021E-005  1.570796326794897E-002
   3.69137136796799       3.653130233946592E-005  1.570796326794897E-002
   3.70707933123594       3.369889049259328E-005  1.570796326794897E-002
   3.72278729450389       3.107543518042724E-005  1.570796326794897E-002
   3.73849525777184       2.864639695864986E-005  1.570796326794897E-002
   3.75420322103979       2.639817854330116E-005  1.570796326794897E-002
   3.76991118430774       2.431806907007830E-005  1.570796326794897E-002
   3.78561914757569       2.239419126074387E-005  1.570796326794897E-002
   3.80132711084364       2.061545137280157E-005  1.570796326794897E-002
   3.81703507411159       1.897149181192619E-005  1.570796326794897E-002
   3.83274303737953       1.745264629001948E-005  1.570796326794897E-002
   3.84845100064748       1.604989741518799E-005  1.570796326794897E-002
   3.86415896391543       1.475483660338970E-005  1.570796326794897E-002
   3.87986692718338       1.355962620496251E-005  1.570796326794897E-002
   3.89557489045133       1.245696374271812E-005  1.570796326794897E-002
   3.91128285371928       1.144004816174579E-005  1.570796326794897E-002
   3.92699081698723       1.050254799451632E-005  1.570796326794897E-002
   3.94269878025518       9.638571348297172E-006  1.570796326794897E-002
   3.95840674352312       8.842637625273967E-006  1.570796326794897E-002
   3.97411470679107       8.109650889119900E-006  1.570796326794897E-002
   3.98982267005902       7.434874795051839E-006  1.570796326794897E-002
   4.00553063332697       6.813909003655427E-006  1.570796326794897E-002
   4.02123859659492       6.242667001947672E-006  1.570796326794897E-002
   4.03694655986287       5.717355258268078E-006  1.570796326794897E-002
   4.05265452313082       5.234453640644267E-006  1.570796326794897E-002
   4.06836248639877       4.790697031263045E-006  1.570796326794897E-002
   4.08407044966672       4.383058072590107E-006  1.570796326794897E-002
   4.09977841293466       4.008730983515819E-006  1.570796326794897E-002
   4.11548637620261       3.665116386663477E-006  1.570796326794897E-002
   4.13119433947056       3.349807090674452E-006  1.570796326794897E-002
   4.14690230273851       3.060574773882139E-006  1.570796326794897E-002
   4.16261026600646       2.795357518303713E-006  1.570796326794897E-002
   4.17831822927441       2.552248145313198E-006  1.570796326794897E-002
   4.19402619254236       2.329483306711969E-006  1.570796326794897E-002
   4.20973415581031       2.125433287183944E-006  1.570796326794897E-002
   4.22544211907826       1.938592476312273E-006  1.570796326794897E-002
   4.24115008234620       1.767570470442750E-006  1.570796326794897E-002
   4.25685804561415       1.611083766708021E-006  1.570796326794897E-002
   4.27256600888210       1.467948013476403E-006  1.570796326794897E-002
   4.28827397215005       1.337070783360755E-006  1.570796326794897E-002
   4.30398193541800       1.217444836718535E-006  1.570796326794897E-002
   4.31968989868595       1.108141845294488E-006  1.570796326794897E-002
   4.33539786195390       1.008306547304387E-006  1.570796326794897E-002
   4.35110582522185       9.171513068336748E-007  1.570796326794897E-002
   4.36681378848980       8.339510519301257E-007  1.570796326794897E-002
   4.38252175175774       7.580385672068934E-007  1.570796326794897E-002
   4.39822971502569       6.888001181433234E-007  1.570796326794897E-002
   4.41393767829364       6.256713855776898E-007  1.570796326794897E-002
   4.42964564156159       5.681336901303938E-007  1.570796326794897E-002
   4.44535360482954       5.157104874803306E-007  1.570796326794897E-002
   4.46106156809749       4.679641165430270E-007  1.570796326794897E-002
   4.47676953136544       4.244927836686508E-007  1.570796326794897E-002
   4.49247749463339       3.849277669934492E-007  1.570796326794897E-002
   4.50818545790134       3.489308260412489E-007  1.570796326794897E-002
   4.52389342116928       3.161918025845238E-007  1.570796326794897E-002
   4.53960138443723       2.864263996392258E-007  1.570796326794897E-002
   4.55530934770518       2.593741262858700E-007  1.570796326794897E-002
   4.57101731097313       2.347963967833026E-007  1.570796326794897E-002
   4.58672527424108       2.124747731730403E-007  1.570796326794897E-002
   4.60243323750903       1.922093412628487E-007  1.570796326794897E-002
   4.61814120077698       1.738172105301414E-007  1.570796326794897E-002
   4.63384916404493       1.571311291006448E-007  1.570796326794897E-002
   4.64955712731288       1.419982055372407E-007  1.570796326794897E-002
   4.66526509058082       1.282787297196406E-007  1.570796326794897E-002
   4.68097305384877       1.158450856092463E-007  1.570796326794897E-002
   4.69668101711672       1.045807491766935E-007  1.570796326794897E-002
   4.71238898038467       9.437936522372761E-008  1.570796326794897E-002
   4.72809694365262       8.514389725768015E-008  1.570796326794897E-002
   4.74380490692057       7.678584497731526E-008  1.570796326794897E-002
   4.75951287018852       6.922452430453452E-008  1.570796326794897E-002
   4.77522083345647       6.238640524872175E-008  1.570796326794897E-002
   4.79092879672442       5.620450322059892E-008  1.570796326794897E-002
   4.80663675999236       5.061781972156181E-008  1.570796326794897E-002
   4.82234472326031       4.557082862374990E-008  1.570796326794897E-002
   4.83805268652826       4.101300452666117E-008  1.570796326794897E-002
   4.85376064979621       3.689838992901922E-008  1.570796326794897E-002
   4.86946861306416       3.318519819086068E-008  1.570796326794897E-002
   4.88517657633211       2.983544948136502E-008  1.570796326794897E-002
   4.90088453960006       2.681463711377289E-008  1.570796326794897E-002
   4.91659250286801       2.409142186065185E-008  1.570796326794897E-002
   4.93230046613596       2.163735202163835E-008  1.570796326794897E-002
   4.94800842940390       1.942660718239980E-008  1.570796326794897E-002
   4.96371639267185       1.743576375865788E-008  1.570796326794897E-002
   4.97942435593980       1.564358056342235E-008  1.570796326794897E-002
   4.99513231920775       1.403080276977342E-008  1.570796326794897E-002
   5.01084028247570       1.257998276623919E-008  1.570796326794897E-002
   5.02654824574365       1.127531651764914E-008  1.570796326794897E-002
   5.04225620901160       1.010249415187811E-008  1.570796326794897E-002
   5.05796417227955       9.048563592669000E-009  1.570796326794897E-002
   5.07367213554750       8.101806151239347E-009  1.570796326794897E-002
   5.08938009881544       7.251623075129499E-009  1.570796326794897E-002
   5.10508806208339       6.488432132179534E-009  1.570796326794897E-002
   5.12079602535134       5.803573381061093E-009  1.570796326794897E-002
   5.13650398861929       5.189223347837713E-009  1.570796326794897E-002
   5.15221195188724       4.638316890961107E-009  1.570796326794897E-002
   5.16791991515519       4.144476095281261E-009  1.570796326794897E-002
   5.18362787842314       3.701945589392410E-009  1.570796326794897E-002
   5.19933584169109       3.305533730262285E-009  1.570796326794897E-002
   5.21504380495904       2.950559144891021E-009  1.570796326794897E-002
   5.23075176822698       2.632802160993213E-009  1.570796326794897E-002
   5.24645973149493       2.348460697646122E-009  1.570796326794897E-002
   5.26216769476288       2.094110222737527E-009  1.570796326794897E-002
   5.27787565803083       1.866667417103738E-009  1.570796326794897E-002
   5.29358362129878       1.663357215677130E-009  1.570796326794897E-002
   5.30929158456673       1.481682923960715E-009  1.570796326794897E-002
   5.32499954783468       1.319399133893805E-009  1.570796326794897E-002
   5.34070751110263       1.174487186839080E-009  1.570796326794897E-002
   5.35641547437057       1.045132953161934E-009  1.570796326794897E-002
   5.37212343763852       9.297067178376703E-010  1.570796326794897E-002
   5.38783140090647       8.267449798441561E-010  1.570796326794897E-002
   5.40353936417442       7.349339899056976E-010  1.570796326794897E-002
   5.41924732744237       6.530948665646322E-010  1.570796326794897E-002
   5.43495529071032       5.801701446804015E-010  1.570796326794897E-002
   5.45066325397827       5.152116233921184E-010  1.570796326794897E-002
   5.46637121724622       4.573693924249229E-010  1.570796326794897E-002
   5.48207918051417       4.058819264586616E-010  1.570796326794897E-002
   5.49778714378211       3.600671471908973E-010  1.570796326794897E-002
   5.51349510705006       3.193143617893754E-010  1.570796326794897E-002
   5.52920307031801       2.830769947107334E-010  1.570796326794897E-002
   5.54491103358596       2.508660374261812E-010  1.570796326794897E-002
   5.56061899685391       2.222441475002494E-010  1.570796326794897E-002
   5.57632696012186       1.968203347695549E-010  1.570796326794897E-002
   5.59203492338981       1.742451781152573E-010  1.570796326794897E-002
   5.60774288665776       1.542065215616786E-010  1.570796326794897E-002
   5.62345084992571       1.364256032071231E-010  1.570796326794897E-002
   5.63915881319365       1.206535748404281E-010  1.570796326794897E-002
   5.65486677646160       1.066683740545564E-010  1.570796326794897E-002
   5.67057473972955       9.427191426970548E-011  1.570796326794897E-002
   5.68628270299750       8.328756135364468E-011  1.570796326794897E-002
   5.70199066626545       7.355786850441728E-011  1.570796326794897E-002
   5.71769862953340       6.494254376597027E-011  1.570796326794897E-002
   5.73340659280135       5.731662700440841E-011  1.570796326794897E-002
   5.74911455606930       5.056885540321720E-011  1.570796326794897E-002
   5.76482251933725       4.460019855985699E-011  1.570796326794897E-002
   5.78053048260519       3.932254610192743E-011  1.570796326794897E-002
   5.79623844587314       3.465753240536889E-011  1.570796326794897E-002
   5.81194640914109       3.053548450527726E-011  1.570796326794897E-002
   5.82765437240904       2.689448065583558E-011  1.570796326794897E-002
   5.84336233567699       2.367950823253224E-011  1.570796326794897E-002
   5.85907029894494       2.084171078889623E-011  1.570796326794897E-002
   5.87477826221289       1.833771509221140E-011  1.570796326794897E-002
   5.89048622548084       1.612902987783874E-011  1.570796326794897E-002
   5.90619418874879       1.418150888882300E-011  1.570796326794897E-002
   5.92190215201673       1.246487151453301E-011  1.570796326794897E-002
   5.93761011528468       1.095227501662421E-011  1.570796326794897E-002
   5.95331807855263       9.619932939379847E-012  1.570796326794897E-002
   5.96902604182058       8.446774850659748E-012  1.570796326794897E-002
   5.98473400508853       7.414143054871304E-012  1.570796326794897E-002
   6.00044196835648       6.505522365694740E-012  1.570796326794897E-002
   6.01614993162443       5.706299428376055E-012  1.570796326794897E-002
   6.03185789489238       5.003548443485957E-012  1.570796326794897E-002
   6.04756585816033       4.385840469954753E-012  1.570796326794897E-002
   6.06327382142827       3.843073778423962E-012  1.570796326794897E-002
   6.07898178469622       3.366322989663266E-012  1.570796326794897E-002
   6.09468974796417       2.947704969858191E-012  1.570796326794897E-002
   6.11039771123212       2.580259667576029E-012  1.570796326794897E-002
   6.12610567450007       2.257844268527538E-012  1.570796326794897E-002
   6.14181363776802       1.975039215990119E-012  1.570796326794897E-002
   6.15752160103597       1.727064798880185E-012  1.570796326794897E-002
   6.17322956430392       1.509707147706758E-012  1.570796326794897E-002
   6.18893752757187       1.319252602587494E-012  1.570796326794897E-002
   6.20464549083981       1.152429528591394E-012  1.570796326794897E-002
   6.22035345410776       1.006356753184125E-012  1.570796326794897E-002
   6.23606141737571       8.784978896572911E-013  1.570796326794897E-002
   6.25176938064366       7.666208901772213E-013  1.570796326794897E-002
   6.26747734391161       6.687622434424043E-013  1.570796326794897E-002
   6.28318530717956       5.831952957493434E-013  1.570796326794897E-002
   6.29889327044751       5.084022313066832E-013  1.570796326794897E-002
   6.31460123371546       4.430492986048347E-013  1.570796326794897E-002
   6.33030919698341       3.859649151688258E-013  1.570796326794897E-002
   6.34601716025135       3.361203236616441E-013  1.570796326794897E-002
   6.36172512351930       2.926125085711093E-013  1.570796326794897E-002
   6.37743308678725       2.546491150630188E-013  1.570796326794897E-002
   6.39314105005520       2.215351404268984E-013  1.570796326794897E-002
   6.40884901332315       1.926611942480475E-013  1.570796326794897E-002
   6.42455697659110       1.674931463414163E-013  1.570796326794897E-002
   6.44026493985905       1.455630018771865E-013  1.570796326794897E-002
   6.45597290312700       1.264608612814760E-013  1.570796326794897E-002
   6.47168086639495       1.098278386478457E-013  1.570796326794897E-002
   6.48738882966289       9.534982676077963E-014  1.570796326794897E-002
   6.50309679293084       8.275200960348384E-014  1.570796326794897E-002
   6.51880475619879       7.179403457123847E-014  1.570796326794897E-002
   6.53451271946674       6.226576669245837E-014  1.570796326794897E-002
   6.55022068273469       5.398355611042593E-014  1.570796326794897E-002
   6.56592864600264       4.678695802279842E-014  1.570796326794897E-002
   6.58163660927059       4.053585132367434E-014  1.570796326794897E-002
   6.59734457253854       3.510790844288823E-014  1.570796326794897E-002
   6.61305253580649       3.039637441721708E-014  1.570796326794897E-002
   6.62876049907443       2.630811813697280E-014  1.570796326794897E-002
   6.64446846234238       2.276192305913256E-014  1.570796326794897E-002
   6.66017642561033       1.968698852727094E-014  1.570796326794897E-002
   6.67588438887828       1.702161624485978E-014  1.570796326794897E-002
   6.69159235214623       1.471205946173010E-014  1.570796326794897E-002
   6.70730031541418       1.271151509785997E-014  1.570796326794897E-002
   6.72300827868213       1.097924138362612E-014  1.570796326794897E-002
   6.73871624195008       9.479785676281146E-015  1.570796326794897E-002
   6.75442420521803       8.182308949919619E-015  1.570796326794897E-002
   6.77013216848597       7.059995078301711E-015  1.570796326794897E-002
   6.78584013175392       6.089534461295143E-015  1.570796326794897E-002
   6.80154809502187       5.250672808265374E-015  1.570796326794897E-002
   6.81725605828982       4.525817004956510E-015  1.570796326794897E-002
   6.83296402155777       3.899690971527034E-015  1.570796326794897E-002
   6.84867198482572       3.359035283756858E-015  1.570796326794897E-002
   6.86437994809367       2.892345090611560E-015  1.570796326794897E-002
   6.88008791136162       2.489641531385916E-015  1.570796326794897E-002
   6.89579587462956       2.142272445217306E-015  1.570796326794897E-002
   6.91150383789751       1.842738684319719E-015  1.570796326794897E-002
   6.92721180116546       1.584542798204843E-015  1.570796326794897E-002
   6.94291976443341       1.362057256835645E-015  1.570796326794897E-002
   6.95862772770136       1.170409732648034E-015  1.570796326794897E-002
   6.97433569096931       1.005383270471870E-015  1.570796326794897E-002
   6.99004365423726       8.633294456990567E-016  1.570796326794897E-002
   7.00575161750521       7.410928491067899E-016  1.570796326794897E-002
   7.02145958077316       6.359454455399364E-016  1.570796326794897E-002
   7.03716754404110       5.455295367122522E-016  1.570796326794897E-002
   7.05287550730905       4.678082188097074E-016  1.570796326794897E-002
   7.06858347057700       4.010223661132616E-016  1.570796326794897E-002
   7.08429143384495       3.436532949187440E-016  1.570796326794897E-002
   7.09999939711290       2.943903697480770E-016  1.570796326794897E-002
   7.11570736038085       2.521029080941641E-016  1.570796326794897E-002
   7.13141532364880       2.158158223723270E-016  1.570796326794897E-002
   7.14712328691675       1.846885098173927E-016  1.570796326794897E-002
   7.16283125018470       1.579965640453210E-016  1.570796326794897E-002
   7.17853921345264       1.351159370152729E-016  1.570796326794897E-002
   7.19424717672059       1.155092281700308E-016  1.570796326794897E-002
   7.20995513998854       9.871381946709956E-017  1.570796326794897E-002
   7.22566310325649       8.433161160175205E-017  1.570796326794897E-002
   7.24137106652444       7.202014863521148E-017  1.570796326794897E-002
   7.25707902979239       6.148494606312736E-017  1.570796326794897E-002
   7.27278699306034       5.247286160589487E-017  1.570796326794897E-002
   7.28849495632829       4.476636912438796E-017  1.570796326794897E-002
   7.30420291959624       3.817861445767126E-017  1.570796326794897E-002
   7.31991088286418       3.254914798946422E-017  1.570796326794897E-002
   7.33561884613213       2.774024268069577E-017  1.570796326794897E-002
   7.35132680940008       2.363371842183850E-017  1.570796326794897E-002
   7.36703477266803       2.012820409287327E-017  1.570796326794897E-002
   7.38274273593598       1.713677787376370E-017  1.570796326794897E-002
   7.39845069920393       1.458493430160378E-017  1.570796326794897E-002
   7.41415866247188       1.240883347718750E-017  1.570796326794897E-002
   7.42986662573983       1.055379381901190E-017  1.570796326794897E-002
   7.44557458900778       8.972994964886973E-018  1.570796326794897E-002
   7.46128255227572       7.626361933515914E-018  1.570796326794897E-002
   7.47699051554367       6.479605570608213E-018  1.570796326794897E-002
   7.49269847881162       5.503397694752562E-018  1.570796326794897E-002
   7.50840644207957       4.672662295773129E-018  1.570796326794897E-002
   7.52411440534752       3.965966682193080E-018  1.570796326794897E-002
   7.53982236861547       3.364998676614406E-018  1.570796326794897E-002
   7.55553033188342       2.854117863440924E-018  1.570796326794897E-002
   7.57123829515137       2.419970541723404E-018  1.570796326794897E-002
   7.58694625841932       2.051159461162245E-018  1.570796326794897E-002
   7.60265422168726       1.737960651180890E-018  1.570796326794897E-002
   7.61836218495521       1.472080717302448E-018  1.570796326794897E-002
   7.63407014822316       1.246448898257113E-018  1.570796326794897E-002
   7.64977811149111       1.055038970797633E-018  1.570796326794897E-002
   7.66548607475906       8.927167740111502E-019  1.570796326794897E-002
   7.68119403802701       7.551097156604333E-019  1.570796326794897E-002
   7.69690200129496       6.384951324875061E-019  1.570796326794897E-002
   7.71260996456291       5.397048154987105E-019  1.570796326794897E-002
   7.72831792783086       4.560433895814927E-019  1.570796326794897E-002
   7.74402589109880       3.852185626590346E-019  1.570796326794897E-002
   7.75973385436675       3.252815401394629E-019  1.570796326794897E-002
   7.77544181763470       2.745761418666510E-019  1.570796326794897E-002
   7.79114978090265       2.316953664991835E-019  1.570796326794897E-002
   7.80685774417060       1.954443268752377E-019  1.570796326794897E-002
   7.82256570743855       1.648086334786456E-019  1.570796326794897E-002
   7.83827367070650       1.389274350732076E-019  1.570796326794897E-002
   7.85398163397445       1.170704389148936E-019  1.570796326794897E-002
   7.86968959724240       9.861833027163499E-020  1.570796326794897E-002
   7.88539756051034       8.304609451085510E-020  1.570796326794897E-002
   7.90110552377829       6.990881668183776E-020  1.570796326794897E-002
   7.91681348704624       5.882959498486314E-020  1.570796326794897E-002
   7.93252145031419       4.948925721368516E-020  1.570796326794897E-002
   7.94822941358214       4.161761441640208E-020  1.570796326794897E-002
   7.96393737685009       3.498602470501256E-020  1.570796326794897E-002
   7.97964534011804       2.940107327110797E-020  1.570796326794897E-002
   7.99535330338599       2.469920302185181E-020  1.570796326794897E-002
   8.01106126665394       2.074215451437148E-020  1.570796326794897E-002
   8.02676922992189       1.741309462056751E-020  1.570796326794897E-002
   8.04247719318984       1.461333109919070E-020  1.570796326794897E-002
   8.05818515645779       1.225952541825881E-020  1.570796326794897E-002
   8.07389311972574       1.028132912823147E-020  1.570796326794897E-002
   8.08960108299368       8.619380152338057E-021  1.570796326794897E-002
   8.10530904626163       7.223604807488294E-021  1.570796326794897E-002
   8.12101700952958       6.051779431073456E-021  1.570796326794897E-002
   8.13672497279753       5.068312366152937E-021  1.570796326794897E-002
   8.15243293606548       4.243212921859957E-021  1.570796326794897E-002
   8.16814089933343       3.551218924610292E-021  1.570796326794897E-002
   8.18384886260138       2.971058735004250E-021  1.570796326794897E-002
   8.19955682586933       2.484827233162090E-021  1.570796326794897E-002
   8.21526478913728       2.077458364070959E-021  1.570796326794897E-002
   8.23097275240523       1.736279463427716E-021  1.570796326794897E-002
   8.24668071567318       1.450634821068779E-021  1.570796326794897E-002
   8.26238867894113       1.211567841200881E-021  1.570796326794897E-002
   8.27809664220908       1.011552775694437E-021  1.570796326794897E-002
   8.29380460547703       8.442683808738252E-022  1.570796326794897E-002
   8.30951256874498       7.044070155716889E-022  1.570796326794897E-002
   8.32522053201293       5.875136894656959E-022  1.570796326794897E-002
   8.34092849528088       4.898504121246603E-022  1.570796326794897E-002
   8.35663645854883       4.082819071373189E-022  1.570796326794897E-002
   8.37234442181678       3.401793612609196E-022  1.570796326794897E-002
   8.38805238508473       2.833393919655998E-022  1.570796326794897E-002
   8.40376034835268       2.359158519148228E-022  1.570796326794897E-002
   8.41946831162063       1.963624576055976E-022  1.570796326794897E-002
   8.43517627488858       1.633845416323336E-022  1.570796326794897E-002
   8.45088423815653       1.358984923762946E-022  1.570796326794897E-002
   8.46659220142448       1.129976686230987E-022  1.570796326794897E-002
   8.48230016469243       9.392376584898158E-023  1.570796326794897E-002
   8.49800812796038       7.804277094131385E-023  1.570796326794897E-002
   8.51371609122833       6.482477738897227E-023  1.570796326794897E-002
   8.52942405449628       5.382704727949980E-023  1.570796326794897E-002
   8.54513201776423       4.467980298678437E-023  1.570796326794897E-002
   8.56083998103218       3.707431295218215E-023  1.570796326794897E-002
   8.57654794430013       3.075290476674932E-023  1.570796326794897E-002
   8.59225590756808       2.550059681366117E-023  1.570796326794897E-002
   8.60796387083603       2.113808869017685E-023  1.570796326794897E-002
   8.62367183410398       1.751589190579773E-023  1.570796326794897E-002
   8.63937979737193       1.450941714007738E-023  1.570796326794897E-002
   8.65508776063988       1.201486364946249E-023  1.570796326794897E-002
   8.67079572390783       9.945781091776765E-024  1.570796326794897E-002
   8.68650368717578       8.230194812171688E-024  1.570796326794897E-002
   8.70221165044373       6.808203116544630E-024  1.570796326794897E-002
   8.71791961371168       5.629969764018860E-024  1.570796326794897E-002
   8.73362757697963       4.654047275420238E-024  1.570796326794897E-002
   8.74933554024757       3.845977048316022E-024  1.570796326794897E-002
   8.76504350351552       3.177121002200938E-024  1.570796326794897E-002
   8.78075146678347       2.623686812405340E-024  1.570796326794897E-002
   8.79645943005142       2.165914949746825E-024  1.570796326794897E-002
