 Results of <E(T)E(0)>
          20          27   5.000000      0.000000000000000E+000
#No. bin=    1 from processor    0
   35.7098333   29.7666999   25.7107905   22.8334910   20.7518453   19.2360495
   18.1363397   17.3543958   16.8257518   16.5083088   16.4137197   16.5096837
   16.7931329   17.2996162   18.0866911   19.1775970   20.6756689   22.7609196
   25.6460848   29.7036753    7.3322489    8.0839395    8.5674610    8.8721268
    9.0726565    9.1758063    9.2405926    9.2985022    9.3316969    9.3538239
    9.3677444    9.3674490    9.3368855    9.3058789    9.2774184    9.2011636
    9.0578024    8.8760921    8.5585600    8.0666470    9.1062886    9.1165050
    9.1767391    9.2309080    9.2593647    9.2639784    9.2937835    9.3016624
    9.3161638    9.3111232    9.3054610    9.3078408    9.2854724    9.2729416
    9.2784869    9.2535739    9.2260095    9.2022832    9.1578411    9.1131031
    7.3487621    8.0957728    8.5912281    8.8919384    9.0884782    9.1870210
    9.2581837    9.3065336    9.3327995    9.3585836    9.3707328    9.3728908
    9.3340081    9.3003145    9.2738117    9.1960912    9.0624648    8.8748213
    8.5640386    8.0775206    9.0923421    9.1245363    9.1820535    9.2246321
    9.2589391    9.2644806    9.2777134    9.2959342    9.3072187    9.3127500
    9.3283023    9.3312798    9.3057421    9.2883276    9.3005475    9.2748264
    9.2371385    9.2063774    9.1643535    9.1098210    9.1718665    9.1547643
    9.1723189    9.1893178    9.2046314    9.1959416    9.1972695    9.2073069
    9.2148478    9.2301201    9.2420928    9.2552392    9.2288746    9.2127855
    9.2245311    9.2182514    9.1969320    9.1791456    9.1615871    9.1441880
    9.0917628    9.1163381    9.1747402    9.2298137    9.2723087    9.2785708
    9.2901534    9.3120984    9.3169181    9.3179430    9.3342604    9.3258496
    9.3097049    9.2826117    9.3012854    9.2702821    9.2349619    9.2011653
    9.1501456    9.0991580    9.1502925    9.1318186    9.1512138    9.1626658
    9.1839950    9.1729707    9.1706701    9.1805652    9.1903917    9.1994111
    9.2161701    9.2256856    9.2011058    9.1865511    9.2074538    9.1986607
    9.1787587    9.1720096    9.1435762    9.1227173    9.2451058    9.2325286
    9.2407358    9.2446839    9.2531571    9.2340770    9.2108448    9.2351576
    9.2237351    9.2309558    9.2322965    9.2346425    9.2041923    9.2086068
    9.2274684    9.2229886    9.2133806    9.2125619    9.1967512    9.2017558
    7.3433209    8.0769103    8.5620769    8.8661155    9.0601752    9.1612973
    9.2282949    9.2935834    9.3304810    9.3582477    9.3696829    9.3685030
    9.3399457    9.2973844    9.2568457    9.1762953    9.0455465    8.8619503
    8.5482945    8.0645857    9.0890104    9.1236541    9.1774613    9.2252053
    9.2675651    9.2805217    9.2852715    9.3082494    9.3124432    9.3169732
    9.3392168    9.3409903    9.3118167    9.2907679    9.2940566    9.2702618
    9.2367550    9.2108911    9.1561295    9.1056352    9.1711313    9.1645092
    9.1768789    9.1864637    9.1921915    9.1668584    9.1589113    9.1721365
    9.1830351    9.1963302    9.2095210    9.2141702    9.1983599    9.2025294
    9.2208872    9.2161192    9.1895097    9.1723595    9.1514511    9.1376768
    9.0758230    9.1027375    9.1567722    9.1995833    9.2384235    9.2423948
    9.2524511    9.2699637    9.2829227    9.2974836    9.3098359    9.3176728
    9.2988085    9.2827571    9.2939895    9.2695925    9.2307680    9.2012085
    9.1502136    9.0996973    9.1790942    9.1694240    9.1812814    9.1906758
    9.2058489    9.1945446    9.1948476    9.2073918    9.2094340    9.2171839
    9.2280817    9.2348074    9.2129342    9.2034666    9.2198360    9.2139855
    9.1932191    9.1903383    9.1688188    9.1548682    9.2063952    9.1902854
    9.2035071    9.2091485    9.2190839    9.2111419    9.2115200    9.2196423
    9.2219211    9.2275678    9.2388923    9.2380019    9.2223938    9.2106451
    9.2253088    9.2162210    9.2027535    9.2010177    9.1886319    9.1717679
    9.1664433    9.1526468    9.1664385    9.1754298    9.1933298    9.1794594
    9.1766099    9.1997992    9.1943834    9.1963169    9.2116380    9.2102361
    9.1956943    9.1746513    9.1903875    9.1798960    9.1605434    9.1550065
    9.1377583    9.1337684    9.2085419    9.1867887    9.1982210    9.2017483
    9.2138588    9.2058804    9.2016977    9.2187563    9.2156413    9.2250495
    9.2457459    9.2521328    9.2354051    9.2222215    9.2338708    9.2247118
    9.2023261    9.1996782    9.1883547    9.1799587    9.2025580    9.1862056
    9.1888902    9.1920096    9.2022288    9.1875074    9.1823065    9.1979867
    9.1983610    9.2031554    9.2112543    9.2228640    9.1952895    9.1802496
    9.2012861    9.2026265    9.1865783    9.1929133    9.1809021    9.1783746
    9.0650716    9.0989316    9.1502263    9.2039486    9.2337728    9.2327202
    9.2396742    9.2656286    9.2673251    9.2709462    9.2812746    9.2840892
    9.2505087    9.2296505    9.2521637    9.2463750    9.2010078    9.1644314
    9.1191906    9.0819395    9.1863971    9.1733064    9.1908344    9.2055883
    9.2161826    9.1997447    9.1927048    9.1999526    9.1924146    9.1991136
    9.2080777    9.2167125    9.1962033    9.1963559    9.2150647    9.2097879
    9.1828385    9.1874520    9.1656927    9.1550140    9.1756560    9.1602225
    9.1788066    9.1897730    9.1957553    9.1971491    9.1870336    9.2128919
    9.2179200    9.2131635    9.2336022    9.2293021    9.2039401    9.1807476
    9.1863039    9.1918682    9.1779173    9.1785027    9.1505023    9.1423812
    9.1606469    9.1457398    9.1585787    9.1699052    9.1828651    9.1740907
    9.1720929    9.1863713    9.1908973    9.1916015    9.2054953    9.2088302
    9.1919044    9.1827117    9.1950386    9.1900944    9.1705821    9.1722333
    9.1537564    9.1377691    9.2101524    9.1918781    9.2041539    9.2138398
    9.2240528    9.2121691    9.2131745    9.2273026    9.2376677    9.2419232
    9.2622001    9.2668944    9.2420496    9.2266509    9.2460312    9.2301240
    9.2049766    9.2051132    9.1956008    9.1793983    9.2080952    9.1925561
    9.2043843    9.2130496    9.2113099    9.2002938    9.1930399    9.2041728
    9.2119689    9.2164626    9.2292650    9.2405984    9.2234296    9.2058588
    9.2293230    9.2196151    9.1976659    9.1944725    9.1925953    9.1802141
    9.2199935    9.1958001    9.1982963    9.2097536    9.2329838    9.2171846
    9.2168535    9.2318776    9.2209288    9.2280842    9.2362994    9.2513969
    9.2327442    9.2232848    9.2395160    9.2338588    9.2126732    9.2038186
    9.1961527    9.1845042    9.2357888    9.2229980    9.2279598    9.2289710
    9.2344289    9.2129653    9.2166085    9.2277410    9.2298250    9.2219841
    9.2356337    9.2476805    9.2280904    9.2133876    9.2353528    9.2239360
    9.2124396    9.2218366    9.2098885    9.2043930    9.1560049    9.1491476
    9.1780985    9.1974221    9.2190833    9.2061619    9.2108782    9.2193309
    9.2167822    9.2211780    9.2452102    9.2479937    9.2287970    9.2198276
    9.2316298    9.2061482    9.1815344    9.1765512    9.1634530    9.1422404
    1.0000000    3.0369399
#No. bin=    1 from processor    1
   35.7490232   29.7867196   25.7066898   22.8211020   20.7292356   19.2095181
   18.1185165   17.3536621   16.8497723   16.5718444   16.4817837   16.5764298
   16.8789866   17.3779349   18.1572371   19.2453401   20.7613707   22.8505175
   25.7546638   29.8050027    7.3596560    8.1130475    8.5963245    8.8998196
    9.0854162    9.2285974    9.3211802    9.3642216    9.3967665    9.4083867
    9.3999863    9.3725675    9.3834654    9.3445085    9.2843724    9.2236377
    9.0969500    8.9104532    8.6118738    8.1371246    9.0768317    9.1048202
    9.1694810    9.2155308    9.2372245    9.2743403    9.2996524    9.2983258
    9.3254232    9.3321408    9.3248809    9.3119811    9.3197960    9.2989560
    9.2697370    9.2532785    9.2236397    9.1815538    9.1648933    9.1144927
    7.3461505    8.0884242    8.5823206    8.8823290    9.0538129    9.2013476
    9.3028651    9.3429991    9.3815126    9.3914414    9.3898693    9.3771107
    9.3747141    9.3364610    9.2799150    9.2061676    9.0677163    8.8674787
    8.5819075    8.1059888    9.0909626    9.1327870    9.1964459    9.2396616
    9.2608793    9.3078428    9.3371529    9.3430207    9.3605603    9.3687903
    9.3681460    9.3520447    9.3570766    9.3319243    9.3064243    9.2992852
    9.2599902    9.2230446    9.1873813    9.1409341    9.1871079    9.1730457
    9.1870428    9.1912402    9.1957772    9.2293439    9.2457001    9.2455945
    9.2640039    9.2715956    9.2547625    9.2497777    9.2722187    9.2603942
    9.2381166    9.2434846    9.2207884    9.1910837    9.1917367    9.1840026
    9.0739414    9.0980884    9.1490666    9.1924863    9.2242222    9.2606382
    9.2896073    9.3010994    9.3121403    9.3187905    9.3214847    9.3055607
    9.3115926    9.2896521    9.2704960    9.2638738    9.2293265    9.1854788
    9.1639510    9.1153763    9.2278839    9.2139297    9.2337972    9.2380624
    9.2403049    9.2622990    9.2732024    9.2769550    9.2925525    9.2939854
    9.2763280    9.2731426    9.2944001    9.2755899    9.2613278    9.2662149
    9.2553923    9.2371333    9.2363778    9.2243082    9.2184064    9.2104746
    9.2137130    9.2293219    9.2225922    9.2497262    9.2695303    9.2603996
    9.2760583    9.2667542    9.2439089    9.2166749    9.2413968    9.2299150
    9.2041320    9.2083571    9.2082832    9.1955588    9.2265665    9.2264388
    7.3580750    8.1043366    8.5871745    8.8972067    9.0776599    9.2162217
    9.3168233    9.3564031    9.3953250    9.4077348    9.4036627    9.3994810
    9.4089250    9.3586059    9.2941848    9.2240249    9.0923168    8.8837728
    8.5927684    8.1164451    9.0834651    9.1179073    9.1777261    9.2225607
    9.2450119    9.2893515    9.3205511    9.3241498    9.3480988    9.3504562
    9.3421287    9.3232391    9.3306558    9.3046353    9.2793872    9.2736083
    9.2468633    9.2080886    9.1826666    9.1351121    9.2068269    9.1919571
    9.1990973    9.2110301    9.2067843    9.2332349    9.2573286    9.2595329
    9.2713007    9.2741879    9.2663544    9.2590586    9.2782449    9.2577572
    9.2452565    9.2499440    9.2333903    9.2188377    9.2133712    9.2026004
    9.0917448    9.1312802    9.1929937    9.2352455    9.2572098    9.2923914
    9.3231060    9.3230969    9.3393755    9.3452294    9.3406754    9.3239759
    9.3353373    9.3102674    9.2892621    9.2819095    9.2503593    9.2085070
    9.1840857    9.1456290    9.1776999    9.1666772    9.1803219    9.1876168
    9.1897292    9.2198392    9.2446356    9.2425691    9.2586679    9.2610601
    9.2584371    9.2456839    9.2646255    9.2449735    9.2269745    9.2304446
    9.2111670    9.1944977    9.1940008    9.1847665    9.2364751    9.2253480
    9.2368890    9.2434545    9.2438246    9.2657649    9.2840807    9.2691039
    9.2804294    9.2810607    9.2753188    9.2575642    9.2675827    9.2533936
    9.2352144    9.2491383    9.2364328    9.2264843    9.2397046    9.2400074
    9.1882828    9.1745001    9.1863272    9.1887751    9.1919283    9.2206620
    9.2491218    9.2527548    9.2721101    9.2783072    9.2652219    9.2526500
    9.2702150    9.2653949    9.2407949    9.2373709    9.2267800    9.2004676
    9.2023048    9.1974974    9.2285259    9.2148151    9.2363323    9.2388345
    9.2377126    9.2582779    9.2764712    9.2705044    9.2808377    9.2825453
    9.2781368    9.2598619    9.2786193    9.2601751    9.2448930    9.2523933
    9.2436684    9.2287399    9.2365810    9.2356158    9.2397653    9.2253666
    9.2389208    9.2302538    9.2292046    9.2501387    9.2771455    9.2653650
    9.2741460    9.2922939    9.2801679    9.2700539    9.2902258    9.2777308
    9.2633772    9.2717397    9.2617638    9.2426029    9.2504944    9.2461577
    9.0953955    9.1253490    9.1724996    9.2023928    9.2263882    9.2689090
    9.2940748    9.3077639    9.3359766    9.3321964    9.3300917    9.3168190
    9.3233396    9.2988536    9.2729472    9.2602172    9.2236610    9.1882013
    9.1637923    9.1174279    9.2115787    9.2038702    9.2215816    9.2245241
    9.2258059    9.2570764    9.2659015    9.2520160    9.2634084    9.2597608
    9.2589924    9.2520560    9.2657849    9.2540593    9.2386889    9.2492025
    9.2275237    9.2171820    9.2224157    9.2224879    9.2195392    9.2117910
    9.2156831    9.2078071    9.2080058    9.2317192    9.2356830    9.2284781
    9.2419944    9.2507065    9.2569127    9.2537948    9.2739663    9.2656450
    9.2600288    9.2622609    9.2468138    9.2267295    9.2395282    9.2389278
    9.1783665    9.1653066    9.1845433    9.1881133    9.1892497    9.2184359
    9.2437843    9.2317480    9.2440542    9.2519970    9.2450911    9.2359369
    9.2486870    9.2354471    9.2232032    9.2284680    9.2089352    9.1891828
    9.1941642    9.1830094    9.2256003    9.2163049    9.2281038    9.2334437
    9.2285511    9.2612798    9.2791187    9.2705312    9.2865281    9.2861074
    9.2769940    9.2611679    9.2731916    9.2595633    9.2389874    9.2421216
    9.2334018    9.2145601    9.2289680    9.2337947    9.2249201    9.2142714
    9.2194136    9.2156077    9.2151937    9.2289681    9.2513403    9.2455804
    9.2587536    9.2641490    9.2579737    9.2447936    9.2618856    9.2503233
    9.2392745    9.2432084    9.2353699    9.2278598    9.2275609    9.2282823
    9.2321672    9.2212457    9.2473542    9.2377229    9.2438510    9.2654876
    9.2783649    9.2686826    9.2965476    9.2976661    9.2785103    9.2542891
    9.2836691    9.2624983    9.2487951    9.2642481    9.2590097    9.2314934
    9.2464023    9.2414355    9.2203543    9.2090648    9.2202822    9.2143534
    9.2100768    9.2249086    9.2443265    9.2478496    9.2616520    9.2623329
    9.2557079    9.2431130    9.2653458    9.2473701    9.2256860    9.2316391
    9.2187721    9.2139559    9.2214858    9.2256669    9.2026283    9.1847765
    9.2024093    9.2114118    9.2173137    9.2494944    9.2640819    9.2676023
    9.2866012    9.2909468    9.2910436    9.2653462    9.2805417    9.2648257
    9.2533160    9.2509552    9.2357255    9.2015974    9.2072658    9.2077294
    1.0000000    3.0417345
#No. bin=    2 from processor    0
   35.5041605   29.5631708   25.5205733   22.6408559   20.5763642   19.0671042
   17.9760010   17.2010948   16.6992913   16.4119645   16.3316779   16.4201954
   16.7123448   17.2284604   17.9995557   19.1070388   20.6298193   22.6821333
   25.5423962   29.5879032    7.2063304    7.9719823    8.4861025    8.7542442
    8.9690087    9.0807505    9.1720115    9.2252342    9.2568647    9.2760041
    9.2863654    9.2793881    9.2541238    9.2132202    9.1763269    9.1028007
    8.9946142    8.7825876    8.4708935    7.9947558    8.9317224    8.9722674
    9.0501154    9.0709577    9.1223761    9.1449619    9.1692393    9.1715623
    9.1862074    9.1997093    9.2087432    9.2048627    9.1747292    9.1601464
    9.1586261    9.1351457    9.1086974    9.0688871    9.0160072    8.9806697
    7.2016342    7.9577301    8.4628366    8.7341217    8.9611507    9.0778128
    9.1513617    9.2027663    9.2437663    9.2674689    9.2683879    9.2544153
    9.2284957    9.1850173    9.1503883    9.0641639    8.9588756    8.7586224
    8.4471513    7.9734958    8.9570407    9.0111042    9.0846189    9.0956030
    9.1466636    9.1598891    9.1862147    9.2003933    9.2099281    9.2139137
    9.2101603    9.2074566    9.1957365    9.1834263    9.1882259    9.1671908
    9.1568045    9.1103248    9.0534975    9.0154595    9.0773094    9.0839190
    9.1161423    9.0956960    9.1276076    9.1354866    9.1439404    9.1463181
    9.1547956    9.1553680    9.1677568    9.1532418    9.1440966    9.1306336
    9.1456033    9.1368732    9.1398066    9.1156231    9.0948211    9.0966477
    8.9500420    9.0001588    9.0773611    9.0758899    9.1290492    9.1413096
    9.1573299    9.1693531    9.1840914    9.1909734    9.1891505    9.1675905
    9.1560840    9.1523397    9.1547759    9.1296909    9.1195342    9.0730918
    9.0146614    9.0002003    9.0697271    9.0663591    9.0949617    9.0743695
    9.1086522    9.1077383    9.1110137    9.1167754    9.1253501    9.1417477
    9.1491267    9.1424123    9.1378503    9.1262618    9.1370452    9.1269676
    9.1297911    9.1109397    9.0933725    9.0944375    9.0700211    9.0770565
    9.1059197    9.0758399    9.0942705    9.0876655    9.1063047    9.1108352
    9.1043008    9.1079287    9.1116097    9.1102087    9.1065005    9.0993461
    9.1124587    9.0925831    9.0972020    9.0926824    9.0644034    9.0774876
    7.2144487    7.9693430    8.4642155    8.7330692    8.9447175    9.0557641
    9.1448190    9.1886096    9.2199310    9.2384319    9.2526648    9.2476983
    9.2110040    9.1639716    9.1285319    9.0539462    8.9463416    8.7427829
    8.4407365    7.9739390    8.9595356    9.0074722    9.0842598    9.0890377
    9.1458794    9.1618425    9.1789802    9.1991392    9.2091030    9.2183388
    9.2250541    9.2261679    9.2047658    9.1890817    9.1882348    9.1672673
    9.1545836    9.1047685    9.0554868    9.0215173    9.0563068    9.0520106
    9.0853872    9.0677196    9.0919118    9.1013342    9.1226916    9.1260904
    9.1357678    9.1503565    9.1482225    9.1433086    9.1255661    9.1103867
    9.1305907    9.1232796    9.1227862    9.1015863    9.0775558    9.0741438
    8.9571728    9.0063215    9.0809208    9.0924035    9.1344725    9.1491483
    9.1722289    9.1768853    9.1850228    9.1993391    9.2020950    9.2015386
    9.1901407    9.1818196    9.1856907    9.1658631    9.1601627    9.1094248
    9.0561722    9.0148504    9.0554991    9.0616997    9.0976256    9.0800260
    9.1109903    9.1132271    9.1215771    9.1206641    9.1256832    9.1386102
    9.1390039    9.1329602    9.1219111    9.1121412    9.1266707    9.1230121
    9.1242585    9.0981917    9.0778341    9.0759385    9.0936213    9.0954934
    9.1201961    9.0951887    9.1102272    9.1069536    9.1154124    9.1164735
    9.1220765    9.1281490    9.1384376    9.1339798    9.1219989    9.1180484
    9.1260088    9.1200435    9.1275163    9.1094007    9.0944348    9.1054685
    9.0338994    9.0286334    9.0670386    9.0485752    9.0872828    9.0963526
    9.1059232    9.1129371    9.1121901    9.1256410    9.1239044    9.1260421
    9.1242009    9.1034124    9.1129558    9.0981330    9.1016726    9.0761840
    9.0543235    9.0569499    9.0772986    9.0843683    9.1160143    9.0906692
    9.1177248    9.1161111    9.1312894    9.1301480    9.1311311    9.1352220
    9.1335662    9.1324737    9.1203495    9.1085402    9.1149572    9.1122601
    9.1217370    9.1050746    9.0868803    9.0891162    9.1060786    9.1032895
    9.1338537    9.1064197    9.1314895    9.1340861    9.1354071    9.1438529
    9.1506451    9.1448627    9.1558056    9.1611401    9.1315350    9.1248627
    9.1388730    9.1400776    9.1474713    9.1272582    9.1197173    9.1205258
    8.9469104    8.9926956    9.0724879    9.0752500    9.1280140    9.1323080
    9.1509942    9.1684880    9.1780605    9.1853592    9.1993487    9.1954114
    9.1853344    9.1776157    9.1784379    9.1551824    9.1394265    9.0956357
    9.0477342    9.0020463    9.0810801    9.0845043    9.1184599    9.0930650
    9.1208310    9.1175316    9.1379883    9.1426024    9.1498420    9.1563273
    9.1456103    9.1499070    9.1395872    9.1233218    9.1389086    9.1381689
    9.1423979    9.1245269    9.1065765    9.1055636    9.0416403    9.0334519
    9.0641899    9.0383283    9.0749488    9.0799182    9.0926926    9.0780387
    9.0911793    9.0956728    9.1098705    9.0969029    9.0850216    9.0696413
    9.0757895    9.0757582    9.0752032    9.0544119    9.0411997    9.0623365
    9.0993050    9.0954444    9.1257025    9.1070477    9.1348154    9.1371811
    9.1537896    9.1564788    9.1680487    9.1682117    9.1667909    9.1594736
    9.1429640    9.1330502    9.1428779    9.1359809    9.1469363    9.1294742
    9.1071338    9.1079744    9.0936575    9.0979443    9.1307876    9.0988932
    9.1248268    9.1178342    9.1195193    9.1219003    9.1319172    9.1420547
    9.1441781    9.1404099    9.1266994    9.1186860    9.1352369    9.1310165
    9.1345889    9.1127839    9.0959974    9.1048786    9.0580629    9.0612809
    9.0951421    9.0742936    9.0973344    9.1051630    9.1250447    9.1301411
    9.1442913    9.1535248    9.1537220    9.1456290    9.1162727    9.1006883
    9.1166411    9.1180197    9.1196213    9.0944878    9.0780421    9.0746066
    9.0887433    9.0851091    9.1213443    9.0976690    9.1131222    9.1050499
    9.1045751    9.1142693    9.1172958    9.1283935    9.1417296    9.1439762
    9.1228505    9.1207381    9.1381753    9.1385936    9.1491252    9.1181611
    9.0961553    9.1005792    9.0537584    9.0529909    9.0876898    9.0621312
    9.0915817    9.0924714    9.1034929    9.1151427    9.1208636    9.1279966
    9.1288124    9.1304949    9.1156058    9.0997272    9.1030842    9.0993481
    9.0942974    9.0735841    9.0621009    9.0673747    9.1253515    9.1355570
    9.1668679    9.1396527    9.1708355    9.1496660    9.1490134    9.1532565
    9.1575613    9.1555744    9.1478676    9.1528772    9.1486298    9.1457681
    9.1533324    9.1487619    9.1510853    9.1356977    9.1237665    9.1246665
    0.9990000    3.0173427
#No. bin=    2 from processor    1
   35.7290453   29.7615361   25.7024520   22.8179364   20.7561537   19.2491151
   18.1471941   17.3789874   16.8763836   16.5823726   16.4614184   16.5424001
   16.8268789   17.3445489   18.1049298   19.2162681   20.7309672   22.8295626
   25.7138641   29.7877871    7.2842028    8.0614043    8.5603268    8.8645030
    9.0490741    9.1628872    9.2403123    9.3038938    9.3561291    9.3764585
    9.3776852    9.3664647    9.3412067    9.3105949    9.2443858    9.1652496
    9.0239219    8.8241434    8.5327453    8.0614918    9.0881609    9.1310715
    9.1872502    9.2218720    9.2562155    9.2770706    9.2806926    9.3080278
    9.3258134    9.3226348    9.3034427    9.3146249    9.2893835    9.2882459
    9.2669734    9.2619594    9.2347422    9.2055740    9.1779117    9.1384468
    7.3325336    8.0972566    8.5785946    8.8733442    9.0696771    9.1861390
    9.2618177    9.3236384    9.3702710    9.3825644    9.3797111    9.3766752
    9.3556876    9.3348551    9.2674376    9.1995531    9.0623005    8.8772774
    8.5719831    8.0995414    9.0938817    9.1500994    9.2125545    9.2537708
    9.2848823    9.3024549    9.3126654    9.3217153    9.3489394    9.3604350
    9.3596008    9.3528410    9.3410649    9.3321374    9.3147408    9.3062752
    9.2708985    9.2417581    9.2094626    9.1545127    9.1742919    9.1984007
    9.2188949    9.2316226    9.2329211    9.2281861    9.2230274    9.2305343
    9.2511281    9.2629820    9.2549995    9.2528600    9.2439575    9.2464378
    9.2150101    9.2180485    9.1961844    9.1920272    9.1935870    9.1811450
    9.1347572    9.1798723    9.2280739    9.2723095    9.3066579    9.3141684
    9.3154269    9.3365656    9.3486301    9.3638944    9.3493094    9.3527532
    9.3390244    9.3427871    9.3068872    9.2974149    9.2759046    9.2459550
    9.2242889    9.1891654    9.1523974    9.1663876    9.1779739    9.1758460
    9.1804268    9.1821921    9.1786967    9.1909782    9.2151827    9.2127609
    9.2132249    9.2193444    9.2022634    9.2082881    9.1878547    9.1891302
    9.1697426    9.1606825    9.1566736    9.1574937    9.2441469    9.2454251
    9.2503052    9.2504377    9.2581880    9.2574007    9.2517720    9.2691598
    9.2969055    9.2996327    9.2879693    9.2915569    9.2778243    9.2696267
    9.2587591    9.2679019    9.2581845    9.2550336    9.2518351    9.2478176
    7.3402626    8.1102594    8.5951053    8.8990913    9.0825353    9.1983739
    9.2578852    9.3204071    9.3690051    9.3775382    9.3830120    9.3763114
    9.3475847    9.3190078    9.2475641    9.1749169    9.0485010    8.8635767
    8.5733168    8.1001432    9.0606480    9.1199990    9.1774200    9.2213946
    9.2437116    9.2594137    9.2693027    9.2904671    9.3160057    9.3221787
    9.3218029    9.3198201    9.3108297    9.3066211    9.2801834    9.2727477
    9.2393894    9.2099533    9.1784457    9.1247265    9.2144885    9.2193096
    9.2404648    9.2479205    9.2494004    9.2517001    9.2565333    9.2668619
    9.2903729    9.2956687    9.2812095    9.2784466    9.2646934    9.2581396
    9.2314365    9.2251719    9.2156056    9.2095244    9.2179128    9.2058120
    9.0693736    9.1241617    9.1848094    9.2290587    9.2604340    9.2791552
    9.2889321    9.3157218    9.3426012    9.3542885    9.3431489    9.3452697
    9.3298716    9.3229779    9.2944805    9.2814946    9.2448729    9.2094394
    9.1808780    9.1324758    9.1827366    9.1918592    9.2074829    9.2151803
    9.2213970    9.2240744    9.2188697    9.2322010    9.2513813    9.2523311
    9.2492917    9.2492967    9.2413984    9.2392468    9.2176214    9.2180447
    9.2019812    9.1958242    9.1975629    9.1897997    9.1991121    9.2074243
    9.2131310    9.2180378    9.2223166    9.2169973    9.2156835    9.2331779
    9.2526966    9.2615010    9.2543753    9.2497877    9.2433913    9.2439729
    9.2343012    9.2395094    9.2256692    9.2158078    9.2161556    9.2080821
    9.1660516    9.1805507    9.1901183    9.2022863    9.2110473    9.2125136
    9.2211200    9.2403819    9.2643651    9.2648327    9.2631612    9.2673559
    9.2530474    9.2500639    9.2264330    9.2172998    9.1979353    9.1874822
    9.1859362    9.1839361    9.1937573    9.2097706    9.2185554    9.2289210
    9.2379954    9.2340377    9.2286383    9.2361159    9.2609161    9.2625613
    9.2555042    9.2530054    9.2392663    9.2357097    9.2152150    9.2155541
    9.2022909    9.2042569    9.2080574    9.2054362    9.1861453    9.1999604
    9.2206116    9.2244426    9.2197468    9.2207935    9.2272945    9.2285970
    9.2474295    9.2480026    9.2497289    9.2563263    9.2435914    9.2371391
    9.2177542    9.2218670    9.2195661    9.2176007    9.2175645    9.2001997
    9.1167038    9.1510871    9.2033975    9.2323504    9.2724969    9.2795390
    9.2925213    9.3151576    9.3324324    9.3399162    9.3333195    9.3363048
    9.3257383    9.3229243    9.3043431    9.2907755    9.2661777    9.2336774
    9.2046539    9.1708396    9.1644467    9.1800784    9.1859309    9.1960236
    9.2100339    9.2114161    9.2087347    9.2171442    9.2406914    9.2483905
    9.2457978    9.2411158    9.2271608    9.2194462    9.1924165    9.1962192
    9.1793076    9.1732156    9.1771408    9.1760369    9.2269033    9.2345008
    9.2511285    9.2576474    9.2591401    9.2544027    9.2523895    9.2588672
    9.2682738    9.2740827    9.2641138    9.2558666    9.2324141    9.2419234
    9.2187524    9.2335553    9.2132508    9.2185105    9.2339961    9.2251500
    9.1885842    9.2039218    9.2243566    9.2247770    9.2285677    9.2371711
    9.2282994    9.2440226    9.2626636    9.2693585    9.2556750    9.2514977
    9.2416140    9.2458534    9.2208409    9.2159376    9.2046041    9.1930174
    9.1980464    9.1956788    9.1955470    9.2045680    9.2106840    9.2124554
    9.2146980    9.2183487    9.2205993    9.2308163    9.2568848    9.2679636
    9.2635884    9.2652163    9.2618103    9.2584114    9.2465719    9.2481393
    9.2283971    9.2199134    9.2239559    9.2116405    9.2331330    9.2424287
    9.2603735    9.2650628    9.2522750    9.2434448    9.2341405    9.2394783
    9.2549357    9.2627019    9.2579245    9.2627216    9.2544790    9.2581937
    9.2354795    9.2334161    9.2268254    9.2296904    9.2402870    9.2351305
    9.1514598    9.1588094    9.1844868    9.1895612    9.1957596    9.1972153
    9.1843488    9.2086997    9.2321350    9.2385450    9.2415873    9.2350911
    9.2237780    9.2206601    9.2112692    9.2185174    9.1976535    9.1858960
    9.1897211    9.1699459    9.2241852    9.2224857    9.2415582    9.2374641
    9.2480577    9.2401496    9.2351838    9.2536674    9.2645873    9.2682484
    9.2559945    9.2608393    9.2461098    9.2558368    9.2411523    9.2437101
    9.2275497    9.2308405    9.2392962    9.2399673    9.2178461    9.2332201
    9.2466024    9.2504892    9.2577531    9.2544760    9.2550756    9.2671490
    9.2837777    9.2944007    9.2900304    9.2861225    9.2692711    9.2584196
    9.2388069    9.2260456    9.1995442    9.1986207    9.2071626    9.2191788
    1.0000000    3.0356198
