 Results of <K(T)K(0)>
          20          27   5.000000      0.000000000000000E+000
#No. bin=    1 from processor    0
    3.6328341    2.9080012    2.5329244    2.3003214    2.1590428    2.0890736
    2.0277365    1.9791160    1.9479560    1.9284412    1.9146092    1.9099034
    1.9454915    1.9806973    2.0067930    2.0702647    2.1614531    2.2990075
    2.5267003    2.9049224    1.4824935    1.4636016    1.4567078    1.4512388
    1.4474870    1.4575832    1.4578653    1.4580921    1.4581956    1.4575766
    1.4500357    1.4467160    1.4566620    1.4607404    1.4503902    1.4505306
    1.4566782    1.4531385    1.4597905    1.4689521    1.4007819    1.4065964
    1.4041387    1.4038441    1.4024200    1.4162784    1.4233796    1.4172995
    1.4200649    1.4153479    1.4114658    1.4109938    1.4181247    1.4202350
    1.4094580    1.4084140    1.4102371    1.4083093    1.4074358    1.4112246
    1.5015792    1.4705944    1.4586126    1.4492011    1.4454205    1.4545463
    1.4602276    1.4549862    1.4574449    1.4555122    1.4505544    1.4468647
    1.4546405    1.4591314    1.4502129    1.4510679    1.4547536    1.4545453
    1.4666895    1.4783032    1.3986724    1.4099422    1.4130843    1.4124443
    1.4128564    1.4239470    1.4296051    1.4267962    1.4278943    1.4262481
    1.4216330    1.4208455    1.4283658    1.4314498    1.4209921    1.4194602
    1.4231883    1.4172593    1.4197597    1.4157049    1.4232353    1.4300452
    1.4270454    1.4235893    1.4215178    1.4319445    1.4365182    1.4308406
    1.4331083    1.4301517    1.4256767    1.4246378    1.4305950    1.4344557
    1.4247778    1.4239716    1.4289910    1.4265449    1.4314006    1.4341266
    1.4045700    1.4051391    1.4045010    1.4031040    1.4066869    1.4158924
    1.4208757    1.4202405    1.4223474    1.4186507    1.4145514    1.4104874
    1.4196907    1.4237239    1.4140045    1.4099949    1.4157075    1.4097659
    1.4156979    1.4154473    1.4259577    1.4302925    1.4267530    1.4246303
    1.4235709    1.4302006    1.4337627    1.4332034    1.4341578    1.4299139
    1.4269615    1.4247615    1.4328893    1.4367037    1.4262075    1.4253318
    1.4309520    1.4287496    1.4351945    1.4364953    1.4215725    1.4264052
    1.4231226    1.4215584    1.4196295    1.4267651    1.4293073    1.4299242
    1.4321357    1.4294914    1.4265032    1.4226048    1.4289153    1.4325746
    1.4230115    1.4215407    1.4279441    1.4247555    1.4285966    1.4328999
    1.5205802    1.4842586    1.4654731    1.4527598    1.4471586    1.4562404
    1.4566087    1.4531570    1.4508310    1.4477234    1.4459724    1.4449430
    1.4564130    1.4607242    1.4451024    1.4479645    1.4569015    1.4590297
    1.4673045    1.4901515    1.4007559    1.4121234    1.4145045    1.4156265
    1.4151690    1.4254130    1.4296409    1.4272673    1.4279060    1.4262624
    1.4207966    1.4182648    1.4275895    1.4317737    1.4203727    1.4191387
    1.4230463    1.4174203    1.4176563    1.4177977    1.4249382    1.4294439
    1.4272902    1.4247137    1.4221240    1.4304522    1.4336260    1.4301844
    1.4341826    1.4312492    1.4244519    1.4221379    1.4313801    1.4329297
    1.4255336    1.4266846    1.4306656    1.4277753    1.4331912    1.4381213
    1.3985421    1.4104269    1.4135114    1.4138324    1.4134907    1.4239087
    1.4285279    1.4282170    1.4286805    1.4258092    1.4224951    1.4205777
    1.4284592    1.4305577    1.4202838    1.4194523    1.4222000    1.4182014
    1.4179280    1.4169451    1.4244466    1.4289588    1.4266770    1.4245057
    1.4221930    1.4307978    1.4342996    1.4306962    1.4319819    1.4302464
    1.4246400    1.4225594    1.4312810    1.4347279    1.4253609    1.4246225
    1.4294633    1.4268808    1.4313650    1.4341204    1.4201176    1.4266983
    1.4251056    1.4238117    1.4209225    1.4300102    1.4327466    1.4286675
    1.4304708    1.4289764    1.4243261    1.4208799    1.4291150    1.4324032
    1.4238881    1.4233154    1.4275071    1.4253402    1.4308565    1.4338048
    1.4238497    1.4279953    1.4261433    1.4226155    1.4221273    1.4298620
    1.4333759    1.4314606    1.4340221    1.4306576    1.4258472    1.4236974
    1.4340170    1.4370679    1.4261179    1.4259354    1.4311156    1.4282128
    1.4321946    1.4356414    1.4206558    1.4259169    1.4247125    1.4221560
    1.4195814    1.4282126    1.4320060    1.4300616    1.4303327    1.4285031
    1.4237600    1.4217913    1.4323007    1.4346537    1.4236499    1.4239236
    1.4288497    1.4258354    1.4295088    1.4328425    1.4218298    1.4280745
    1.4262426    1.4233116    1.4213112    1.4299394    1.4340331    1.4303507
    1.4321880    1.4307081    1.4242936    1.4216011    1.4298555    1.4328461
    1.4239584    1.4257203    1.4314383    1.4276290    1.4314824    1.4353034
    1.4072474    1.4095111    1.4061151    1.4061723    1.4019390    1.4130306
    1.4183506    1.4179233    1.4160614    1.4168127    1.4137447    1.4107483
    1.4179898    1.4180253    1.4057588    1.4049743    1.4140722    1.4096692
    1.4111545    1.4153216    1.4268422    1.4314940    1.4277898    1.4265129
    1.4219825    1.4312103    1.4338032    1.4311044    1.4291248    1.4308231
    1.4264466    1.4241257    1.4328844    1.4352950    1.4243594    1.4243840
    1.4317425    1.4284222    1.4326000    1.4386115    1.4248663    1.4296504
    1.4264456    1.4232479    1.4207343    1.4298983    1.4322926    1.4295850
    1.4328750    1.4326400    1.4252296    1.4232541    1.4307802    1.4338336
    1.4247078    1.4261020    1.4309922    1.4261204    1.4317896    1.4381390
    1.4260509    1.4294626    1.4268050    1.4253124    1.4204506    1.4284279
    1.4332325    1.4306066    1.4312069    1.4295045    1.4262698    1.4229879
    1.4315479    1.4338597    1.4271039    1.4253124    1.4300926    1.4273388
    1.4311875    1.4363978    1.4217306    1.4278379    1.4252115    1.4234059
    1.4208947    1.4287481    1.4330493    1.4303130    1.4298742    1.4291667
    1.4237346    1.4224704    1.4308166    1.4333389    1.4236496    1.4233065
    1.4303736    1.4252486    1.4299252    1.4326612    1.4228197    1.4307191
    1.4271537    1.4235390    1.4206093    1.4300117    1.4332307    1.4302038
    1.4320873    1.4311878    1.4243729    1.4203391    1.4312259    1.4330511
    1.4239143    1.4243922    1.4301120    1.4266594    1.4307796    1.4342282
    1.4256231    1.4256668    1.4256489    1.4216126    1.4236454    1.4290522
    1.4323689    1.4307010    1.4331563    1.4282126    1.4230381    1.4243677
    1.4332033    1.4327756    1.4263452    1.4243692    1.4280986    1.4240204
    1.4294334    1.4360478    1.4232002    1.4274673    1.4266730    1.4227997
    1.4221177    1.4297330    1.4343562    1.4305157    1.4317542    1.4287335
    1.4218449    1.4217842    1.4327330    1.4335049    1.4238519    1.4237393
    1.4306525    1.4265615    1.4308436    1.4345498    1.4247024    1.4316399
    1.4284191    1.4254719    1.4242886    1.4315455    1.4371274    1.4348481
    1.4349295    1.4330850    1.4262867    1.4225767    1.4337278    1.4347284
    1.4254837    1.4267765    1.4312291    1.4270459    1.4313240    1.4373793
    1.0000000    1.1928915
#No. bin=    1 from processor    1
    3.6402946    2.9077678    2.5253055    2.3182589    2.1826241    2.0762433
    2.0127779    1.9776577    1.9309286    1.9204341    1.9197656    1.9384886
    1.9483962    1.9854534    2.0388068    2.0890859    2.1875913    2.3345357
    2.5367678    2.9021537    1.4925899    1.4740148    1.4582438    1.4614151
    1.4666550    1.4588021    1.4510980    1.4545865    1.4507973    1.4524726
    1.4535411    1.4586820    1.4523057    1.4601373    1.4626443    1.4577892
    1.4586976    1.4650234    1.4575839    1.4634252    1.4174683    1.4189930
    1.4114225    1.4169671    1.4216276    1.4161717    1.4096671    1.4191159
    1.4148169    1.4162237    1.4143552    1.4198102    1.4161980    1.4214739
    1.4236362    1.4205780    1.4220098    1.4205353    1.4127852    1.4094363
    1.5094835    1.4817447    1.4665653    1.4635248    1.4642408    1.4540595
    1.4510610    1.4568020    1.4465061    1.4461067    1.4521322    1.4590282
    1.4515544    1.4563319    1.4638919    1.4578402    1.4616805    1.4646026
    1.4626620    1.4729837    1.4073689    1.4192702    1.4209936    1.4254122
    1.4300987    1.4240816    1.4197661    1.4248083    1.4230459    1.4208959
    1.4264470    1.4320209    1.4233238    1.4285652    1.4322495    1.4274027
    1.4270765    1.4277375    1.4172788    1.4116539    1.4306955    1.4378315
    1.4336666    1.4334067    1.4367119    1.4298011    1.4236809    1.4305052
    1.4255025    1.4258945    1.4280993    1.4320539    1.4268635    1.4331672
    1.4368328    1.4336634    1.4354876    1.4372200    1.4320032    1.4298472
    1.4143208    1.4156037    1.4126157    1.4137499    1.4213638    1.4137146
    1.4100739    1.4166832    1.4104219    1.4100615    1.4165686    1.4209298
    1.4128443    1.4177491    1.4196301    1.4153747    1.4190057    1.4170366
    1.4089400    1.4089869    1.4386864    1.4424139    1.4376711    1.4360746
    1.4407986    1.4334031    1.4256564    1.4302372    1.4273945    1.4257105
    1.4306045    1.4351641    1.4284455    1.4330771    1.4373947    1.4352228
    1.4357637    1.4389532    1.4337672    1.4363764    1.4285312    1.4376946
    1.4337766    1.4336232    1.4372053    1.4281122    1.4220971    1.4290154
    1.4236951    1.4216887    1.4264354    1.4292860    1.4267987    1.4342888
    1.4330642    1.4296331    1.4303288    1.4348755    1.4271438    1.4289336
    1.5333706    1.4927659    1.4730095    1.4654116    1.4639156    1.4559104
    1.4492671    1.4527111    1.4473186    1.4471553    1.4534346    1.4566364
    1.4505202    1.4547314    1.4594372    1.4550282    1.4588562    1.4675340
    1.4707534    1.4871583    1.4091953    1.4215646    1.4219997    1.4268654
    1.4318794    1.4260299    1.4206306    1.4253635    1.4218894    1.4233680
    1.4277483    1.4323534    1.4241939    1.4275641    1.4327531    1.4271360
    1.4273629    1.4283794    1.4187373    1.4140001    1.4367882    1.4432155
    1.4360584    1.4381648    1.4393913    1.4332473    1.4266946    1.4312077
    1.4274743    1.4283327    1.4313929    1.4358545    1.4281232    1.4322073
    1.4387895    1.4341453    1.4359298    1.4375856    1.4336770    1.4336633
    1.4113524    1.4222091    1.4215621    1.4255079    1.4308509    1.4262175
    1.4218839    1.4285379    1.4232157    1.4243962    1.4285811    1.4329578
    1.4262107    1.4298217    1.4320059    1.4262409    1.4258432    1.4288196
    1.4191767    1.4141670    1.4331781    1.4387800    1.4351265    1.4367268
    1.4392268    1.4322070    1.4259829    1.4308443    1.4259133    1.4262394
    1.4302778    1.4359880    1.4280410    1.4329948    1.4377263    1.4327172
    1.4341407    1.4383645    1.4321815    1.4317509    1.4306613    1.4357674
    1.4323786    1.4334606    1.4374098    1.4292529    1.4238741    1.4295887
    1.4234651    1.4252662    1.4287859    1.4344186    1.4248240    1.4303592
    1.4354783    1.4316332    1.4336412    1.4353464    1.4310539    1.4298046
    1.4313214    1.4385550    1.4332535    1.4338790    1.4377575    1.4288858
    1.4254122    1.4327035    1.4265824    1.4271504    1.4300948    1.4351376
    1.4284178    1.4331615    1.4358585    1.4325673    1.4339555    1.4383412
    1.4309386    1.4297878    1.4302471    1.4370038    1.4322973    1.4341154
    1.4372759    1.4304334    1.4235143    1.4294236    1.4247727    1.4243704
    1.4263014    1.4321690    1.4255229    1.4298768    1.4356757    1.4317693
    1.4314814    1.4358484    1.4303771    1.4285475    1.4292716    1.4364111
    1.4326915    1.4325815    1.4357677    1.4297613    1.4237775    1.4299497
    1.4231291    1.4240473    1.4274654    1.4317213    1.4247114    1.4302046
    1.4335560    1.4295888    1.4322263    1.4347456    1.4281346    1.4279033
    1.4161119    1.4215802    1.4147102    1.4145126    1.4187627    1.4147474
    1.4112078    1.4135368    1.4107408    1.4106257    1.4161171    1.4205197
    1.4151904    1.4161549    1.4187025    1.4138568    1.4136548    1.4175370
    1.4119171    1.4118814    1.4339200    1.4425952    1.4369693    1.4369557
    1.4382781    1.4310892    1.4264351    1.4290410    1.4250541    1.4267116
    1.4304868    1.4341781    1.4272796    1.4316933    1.4361399    1.4319885
    1.4347932    1.4403971    1.4348219    1.4346653    1.4317399    1.4386431
    1.4353010    1.4355944    1.4366295    1.4300348    1.4252385    1.4302334
    1.4239915    1.4218207    1.4270672    1.4304641    1.4240784    1.4285936
    1.4331702    1.4287288    1.4335674    1.4371423    1.4308583    1.4334159
    1.4397621    1.4434617    1.4375768    1.4370131    1.4375661    1.4303731
    1.4252901    1.4308309    1.4243454    1.4259408    1.4305802    1.4356634
    1.4291579    1.4340659    1.4372082    1.4333820    1.4329480    1.4396511
    1.4357804    1.4366674    1.4313248    1.4369435    1.4332712    1.4352907
    1.4373502    1.4307136    1.4251247    1.4291802    1.4233482    1.4238403
    1.4298686    1.4338787    1.4259798    1.4309412    1.4357295    1.4318091
    1.4323615    1.4365744    1.4315768    1.4301264    1.4328466    1.4375201
    1.4333176    1.4353677    1.4395981    1.4316626    1.4253243    1.4297395
    1.4238797    1.4218176    1.4296490    1.4344564    1.4238320    1.4293550
    1.4357426    1.4315929    1.4351886    1.4363151    1.4311364    1.4313924
    1.4320634    1.4384921    1.4340904    1.4336937    1.4369771    1.4278052
    1.4251539    1.4318184    1.4256946    1.4285211    1.4288630    1.4348219
    1.4269633    1.4328583    1.4379923    1.4332489    1.4328179    1.4369538
    1.4308890    1.4336162    1.4324458    1.4361203    1.4333437    1.4355623
    1.4385254    1.4313120    1.4247116    1.4303161    1.4250508    1.4244884
    1.4260801    1.4306756    1.4268398    1.4303854    1.4366156    1.4332676
    1.4324417    1.4363169    1.4314855    1.4302421    1.4366130    1.4404207
    1.4362587    1.4366592    1.4410294    1.4369625    1.4288540    1.4307779
    1.4252199    1.4255607    1.4318340    1.4354210    1.4296648    1.4327765
    1.4377103    1.4337255    1.4358974    1.4389591    1.4323056    1.4334929
    1.0000000    1.1952398
#No. bin=    2 from processor    0
    3.6436530    2.9154931    2.5257509    2.3186380    2.1687171    2.0881653
    2.0226182    1.9921336    1.9637691    1.9401611    1.9384842    1.9344164
    1.9618525    1.9847118    2.0134717    2.0839968    2.1690661    2.3196924
    2.5367099    2.8989642    1.4981142    1.4730475    1.4551632    1.4628436
    1.4541796    1.4599598    1.4578732    1.4608556    1.4616393    1.4580744
    1.4569143    1.4564287    1.4603187    1.4611997    1.4557745    1.4588082
    1.4529453    1.4592075    1.4661111    1.4643245    1.4184290    1.4133401
    1.4027873    1.4155414    1.4078411    1.4138203    1.4148881    1.4187422
    1.4201912    1.4183691    1.4167614    1.4181052    1.4217343    1.4210232
    1.4150828    1.4151920    1.4094874    1.4120674    1.4148486    1.4082013
    1.5213130    1.4834420    1.4596546    1.4659028    1.4591477    1.4582082
    1.4582142    1.4595845    1.4609186    1.4584847    1.4523574    1.4518753
    1.4598803    1.4595191    1.4568460    1.4574164    1.4531794    1.4624136
    1.4695777    1.4800425    1.4140645    1.4202360    1.4125935    1.4279017
    1.4223591    1.4265853    1.4271600    1.4309284    1.4304841    1.4282748
    1.4257061    1.4265471    1.4312544    1.4325842    1.4260081    1.4254017
    1.4187348    1.4233695    1.4242711    1.4154902    1.4402268    1.4394651
    1.4262267    1.4392141    1.4280366    1.4334847    1.4342955    1.4375073
    1.4357455    1.4326600    1.4330668    1.4330798    1.4357328    1.4383656
    1.4328947    1.4325081    1.4266061    1.4322431    1.4381306    1.4346849
    1.4178618    1.4154308    1.4064424    1.4174114    1.4135427    1.4160593
    1.4160710    1.4194984    1.4175781    1.4172129    1.4149310    1.4165279
    1.4214621    1.4217687    1.4165483    1.4152723    1.4054827    1.4118669
    1.4156820    1.4099170    1.4389973    1.4402103    1.4279437    1.4375788
    1.4290370    1.4310468    1.4309186    1.4349617    1.4338145    1.4296116
    1.4274784    1.4304701    1.4357720    1.4365025    1.4315280    1.4319712
    1.4261725    1.4330793    1.4396156    1.4359599    1.4400602    1.4397505
    1.4263560    1.4384454    1.4312730    1.4319654    1.4296878    1.4340771
    1.4331187    1.4302443    1.4305380    1.4324700    1.4359119    1.4361242
    1.4348881    1.4325368    1.4247768    1.4296537    1.4366281    1.4354267
    1.5380776    1.4951174    1.4665607    1.4709964    1.4544369    1.4553613
    1.4552632    1.4579767    1.4552596    1.4539286    1.4521648    1.4547719
    1.4563222    1.4584606    1.4536998    1.4554981    1.4552415    1.4638202
    1.4720216    1.4862826    1.4171786    1.4226227    1.4143346    1.4272284
    1.4211918    1.4272051    1.4270691    1.4294941    1.4300124    1.4281468
    1.4266654    1.4293495    1.4324799    1.4323784    1.4265650    1.4263059
    1.4197622    1.4239365    1.4260748    1.4171940    1.4434557    1.4410587
    1.4275296    1.4380363    1.4281854    1.4328758    1.4345496    1.4358362
    1.4344262    1.4327380    1.4305529    1.4319222    1.4364134    1.4375188
    1.4320429    1.4327088    1.4287604    1.4345621    1.4390745    1.4358399
    1.4162528    1.4227657    1.4153092    1.4289150    1.4227898    1.4266580
    1.4295669    1.4320097    1.4300661    1.4273675    1.4277795    1.4287635
    1.4319623    1.4327382    1.4283460    1.4267276    1.4208806    1.4243993
    1.4254433    1.4185839    1.4413538    1.4405640    1.4284264    1.4389196
    1.4305846    1.4339938    1.4333449    1.4356301    1.4338564    1.4315981
    1.4309745    1.4327066    1.4365568    1.4374338    1.4321548    1.4325470
    1.4277499    1.4341501    1.4392846    1.4358206    1.4377629    1.4365033
    1.4262727    1.4371368    1.4279938    1.4321081    1.4331547    1.4340300
    1.4323159    1.4298059    1.4300405    1.4319357    1.4350185    1.4369043
    1.4318017    1.4315451    1.4260464    1.4328149    1.4364133    1.4318618
    1.4364802    1.4379832    1.4284613    1.4400707    1.4303108    1.4344304
    1.4352736    1.4374326    1.4334708    1.4314708    1.4310774    1.4333937
    1.4379188    1.4385455    1.4336320    1.4318836    1.4249986    1.4332113
    1.4377958    1.4338241    1.4322065    1.4328062    1.4251207    1.4366360
    1.4280658    1.4318001    1.4324845    1.4331336    1.4323573    1.4287598
    1.4279685    1.4300834    1.4351702    1.4350838    1.4308372    1.4303635
    1.4242928    1.4307096    1.4349167    1.4303487    1.4377701    1.4350697
    1.4286994    1.4383887    1.4304499    1.4331156    1.4317357    1.4338513
    1.4329094    1.4303901    1.4299089    1.4310636    1.4366726    1.4376585
    1.4325771    1.4319142    1.4249428    1.4304378    1.4374181    1.4340527
    1.4250048    1.4190873    1.4089562    1.4212162    1.4127396    1.4155545
    1.4149230    1.4212019    1.4198289    1.4172648    1.4165607    1.4197587
    1.4213753    1.4229125    1.4184224    1.4143535    1.4092663    1.4136542
    1.4178094    1.4151529    1.4431007    1.4425519    1.4303987    1.4407679
    1.4323153    1.4341918    1.4316789    1.4330807    1.4322074    1.4306268
    1.4294948    1.4327458    1.4373319    1.4379342    1.4330458    1.4326714
    1.4280864    1.4330840    1.4392168    1.4377922    1.4348479    1.4360624
    1.4263954    1.4402700    1.4290090    1.4309272    1.4298577    1.4328872
    1.4321848    1.4304202    1.4268571    1.4297488    1.4352943    1.4383749
    1.4325441    1.4334511    1.4276816    1.4330048    1.4357723    1.4326908
    1.4420538    1.4408083    1.4287971    1.4382184    1.4298528    1.4325693
    1.4348839    1.4357814    1.4341030    1.4302044    1.4295743    1.4321592
    1.4360889    1.4391662    1.4345038    1.4325891    1.4248365    1.4331455
    1.4403805    1.4405668    1.4344770    1.4376037    1.4259613    1.4374441
    1.4296139    1.4312850    1.4306658    1.4328097    1.4319703    1.4298288
    1.4297836    1.4316150    1.4352584    1.4367126    1.4314372    1.4306733
    1.4253643    1.4310847    1.4355380    1.4328433    1.4346028    1.4359363
    1.4257495    1.4376045    1.4276017    1.4291943    1.4308739    1.4321832
    1.4317388    1.4297132    1.4292275    1.4316658    1.4338401    1.4358330
    1.4325384    1.4322087    1.4260337    1.4327622    1.4352128    1.4314564
    1.4399758    1.4401807    1.4299995    1.4376003    1.4280434    1.4312467
    1.4324958    1.4350260    1.4351441    1.4319475    1.4303386    1.4320244
    1.4370837    1.4388591    1.4329427    1.4304650    1.4221912    1.4320852
    1.4366580    1.4336893    1.4359439    1.4361687    1.4276329    1.4372223
    1.4289859    1.4329395    1.4327332    1.4337482    1.4343210    1.4300306
    1.4314921    1.4322880    1.4353601    1.4351672    1.4316840    1.4299372
    1.4237789    1.4306028    1.4341953    1.4310402    1.4379610    1.4401253
    1.4315015    1.4447695    1.4341944    1.4390298    1.4378036    1.4370008
    1.4366026    1.4314232    1.4309780    1.4335904    1.4365262    1.4374057
    1.4347276    1.4324487    1.4265473    1.4321291    1.4377448    1.4352403
    0.9990000    1.1966321
#No. bin=    2 from processor    1
    3.6487621    2.9069885    2.5252153    2.2976576    2.1707768    2.0967002
    2.0368166    1.9882459    1.9465698    1.9275367    1.9235385    1.9279503
    1.9564355    1.9843565    2.0375645    2.0956727    2.1886948    2.3295874
    2.5305730    2.9104491    1.5003107    1.4676445    1.4568497    1.4549754
    1.4574049    1.4616745    1.4675618    1.4630440    1.4575172    1.4552799
    1.4596515    1.4586334    1.4604269    1.4618990    1.4659947    1.4666440
    1.4653687    1.4651941    1.4619013    1.4697887    1.4190000    1.4120248
    1.4079656    1.4110689    1.4134885    1.4170784    1.4228210    1.4195559
    1.4137961    1.4121377    1.4196571    1.4162845    1.4208035    1.4184614
    1.4230551    1.4205252    1.4226167    1.4167450    1.4112730    1.4098249
    1.5189179    1.4827708    1.4648766    1.4588489    1.4585416    1.4612840
    1.4650056    1.4616910    1.4508825    1.4495075    1.4513970    1.4543206
    1.4578429    1.4566004    1.4614997    1.4616673    1.4634220    1.4647861
    1.4639795    1.4778306    1.4156676    1.4156305    1.4185160    1.4221207
    1.4270218    1.4322275    1.4368511    1.4336292    1.4258656    1.4244090
    1.4275733    1.4285364    1.4304859    1.4288256    1.4347476    1.4327874
    1.4327438    1.4286447    1.4199254    1.4171364    1.4425523    1.4360615
    1.4314991    1.4316302    1.4335303    1.4380147    1.4402100    1.4372567
    1.4322785    1.4263963    1.4302873    1.4303757    1.4353682    1.4330056
    1.4398307    1.4384229    1.4400603    1.4389581    1.4360610    1.4354895
    1.4227466    1.4151691    1.4124999    1.4131644    1.4159780    1.4202581
    1.4242499    1.4221712    1.4118853    1.4112233    1.4164197    1.4184793
    1.4212947    1.4180415    1.4191250    1.4190160    1.4203621    1.4166931
    1.4109893    1.4102001    1.4443929    1.4368768    1.4348711    1.4323203
    1.4364529    1.4398803    1.4403982    1.4392076    1.4291724    1.4279325
    1.4317817    1.4331907    1.4345002    1.4359191    1.4393471    1.4394853
    1.4411332    1.4398990    1.4353281    1.4399555    1.4341543    1.4288058
    1.4316909    1.4308148    1.4348174    1.4364850    1.4410551    1.4368768
    1.4326469    1.4264171    1.4294101    1.4292934    1.4339090    1.4300039
    1.4353299    1.4344910    1.4368049    1.4354407    1.4310688    1.4329872
    1.5410141    1.4925361    1.4713607    1.4614980    1.4604791    1.4611405
    1.4616082    1.4574249    1.4495264    1.4472443    1.4502247    1.4515514
    1.4567879    1.4576429    1.4623067    1.4591891    1.4651082    1.4662629
    1.4723069    1.4916957    1.4183452    1.4183859    1.4192118    1.4212833
    1.4261209    1.4313048    1.4339518    1.4319595    1.4237533    1.4232221
    1.4272958    1.4286797    1.4315893    1.4305107    1.4341603    1.4317688
    1.4317232    1.4275085    1.4239912    1.4199228    1.4375259    1.4335584
    1.4320156    1.4305468    1.4333072    1.4360392    1.4375214    1.4356371
    1.4268421    1.4251911    1.4319114    1.4301645    1.4330246    1.4312357
    1.4373727    1.4353998    1.4391426    1.4357246    1.4334839    1.4342294
    1.4185249    1.4199809    1.4192812    1.4222667    1.4265772    1.4322032
    1.4366361    1.4327767    1.4246909    1.4231792    1.4270973    1.4287913
    1.4308946    1.4290451    1.4339462    1.4302000    1.4327894    1.4288440
    1.4215709    1.4167787    1.4418222    1.4350270    1.4319874    1.4320747
    1.4343154    1.4375587    1.4399670    1.4361710    1.4270770    1.4268456
    1.4305626    1.4315166    1.4342679    1.4335067    1.4387390    1.4380858
    1.4406631    1.4386736    1.4351066    1.4363436    1.4359092    1.4314568
    1.4305188    1.4314750    1.4330757    1.4360751    1.4384462    1.4352031
    1.4278036    1.4263284    1.4309240    1.4294080    1.4321821    1.4321686
    1.4389808    1.4365992    1.4384907    1.4367336    1.4327678    1.4330267
    1.4413571    1.4356965    1.4323988    1.4328423    1.4358201    1.4389589
    1.4393152    1.4363294    1.4271085    1.4269093    1.4316077    1.4315618
    1.4349938    1.4314525    1.4397077    1.4370230    1.4409212    1.4393360
    1.4332134    1.4349246    1.4387499    1.4326042    1.4316541    1.4307332
    1.4353249    1.4373280    1.4390238    1.4363285    1.4271501    1.4269191
    1.4301074    1.4305535    1.4333061    1.4322227    1.4400771    1.4383112
    1.4397698    1.4379384    1.4326522    1.4344390    1.4368564    1.4309580
    1.4324371    1.4310740    1.4345992    1.4361829    1.4381230    1.4351768
    1.4292653    1.4262167    1.4294321    1.4291606    1.4324227    1.4319071
    1.4397310    1.4359705    1.4394821    1.4367755    1.4330723    1.4334562
    1.4264245    1.4184257    1.4135021    1.4132349    1.4159707    1.4199432
    1.4224545    1.4224710    1.4174300    1.4145054    1.4164691    1.4173930
    1.4204853    1.4197208    1.4239104    1.4193857    1.4235709    1.4190968
    1.4178630    1.4167895    1.4433585    1.4363129    1.4324671    1.4315685
    1.4331234    1.4357910    1.4355362    1.4347429    1.4264859    1.4247229
    1.4283818    1.4294617    1.4352749    1.4332718    1.4380925    1.4342745
    1.4385060    1.4371750    1.4379921    1.4378222    1.4390748    1.4341408
    1.4294189    1.4297266    1.4305972    1.4350169    1.4358136    1.4360160
    1.4256379    1.4225958    1.4296267    1.4283743    1.4335605    1.4303727
    1.4350696    1.4312487    1.4356672    1.4338696    1.4324579    1.4325872
    1.4442519    1.4368631    1.4325175    1.4334305    1.4334333    1.4367025
    1.4402010    1.4367728    1.4295316    1.4279024    1.4305335    1.4322130
    1.4340486    1.4341501    1.4397851    1.4376007    1.4421843    1.4392805
    1.4372308    1.4367060    1.4371792    1.4321910    1.4305676    1.4303971
    1.4320665    1.4357246    1.4374107    1.4358284    1.4264577    1.4264861
    1.4291073    1.4301177    1.4329398    1.4326784    1.4379582    1.4363102
    1.4387331    1.4359076    1.4342861    1.4336583    1.4374461    1.4325114
    1.4309515    1.4326587    1.4328569    1.4374165    1.4376884    1.4370322
    1.4275131    1.4249666    1.4287929    1.4283601    1.4334668    1.4332541
    1.4382519    1.4330510    1.4360592    1.4346793    1.4323816    1.4328476
    1.4360152    1.4327337    1.4302106    1.4320891    1.4342173    1.4347513
    1.4401841    1.4360138    1.4238956    1.4234553    1.4291435    1.4291041
    1.4334376    1.4274630    1.4353005    1.4340525    1.4385226    1.4361347
    1.4298905    1.4313958    1.4383664    1.4336298    1.4328099    1.4307592
    1.4350958    1.4371572    1.4403642    1.4374096    1.4269237    1.4271582
    1.4302963    1.4303482    1.4331215    1.4317898    1.4394911    1.4384465
    1.4415912    1.4362238    1.4340861    1.4339463    1.4383652    1.4367483
    1.4354158    1.4323085    1.4377366    1.4399726    1.4405292    1.4388704
    1.4316071    1.4274399    1.4324851    1.4319934    1.4367966    1.4348200
    1.4400547    1.4383695    1.4400708    1.4369233    1.4358062    1.4379842
    1.0000000    1.2003182
