 Results of <K(T)D(0)>
          20          27   5.000000      0.000000000000000E+000
#No. bin=    1 from processor    0
    1.0221315    1.0157843    1.0137368    1.0144184    1.0165185    1.0218654
    1.0239847    1.0244706    1.0246867    1.0253618    1.0245734    1.0230762
    1.0253152    1.0254615    1.0207110    1.0186926    1.0176151    1.0157645
    1.0154223    1.0181434    1.0232259    1.0171482    1.0128605    1.0098257
    1.0082333    1.0113555    1.0122321    1.0115813    1.0114950    1.0112014
    1.0097111    1.0092200    1.0122704    1.0128047    1.0096817    1.0097446
    1.0128764    1.0120437    1.0156248    1.0202855    1.0141576    1.0147000
    1.0116688    1.0088922    1.0076721    1.0116034    1.0120573    1.0113102
    1.0108337    1.0108456    1.0106780    1.0099350    1.0125927    1.0127586
    1.0089942    1.0097171    1.0112362    1.0115207    1.0134439    1.0161318
    1.0244796    1.0189565    1.0138253    1.0109931    1.0087894    1.0118864
    1.0129509    1.0124685    1.0130629    1.0125013    1.0111405    1.0096979
    1.0127853    1.0142235    1.0113982    1.0117038    1.0133313    1.0130171
    1.0165302    1.0212393    1.0140782    1.0135830    1.0109950    1.0090738
    1.0079071    1.0103861    1.0113768    1.0107160    1.0104219    1.0102050
    1.0084159    1.0077010    1.0108230    1.0121233    1.0086680    1.0091118
    1.0109640    1.0110212    1.0129516    1.0158006    1.0088327    1.0118251
    1.0108841    1.0093915    1.0083102    1.0113881    1.0123131    1.0109150
    1.0115265    1.0111610    1.0096910    1.0077752    1.0105437    1.0120532
    1.0087977    1.0086997    1.0105524    1.0107121    1.0121809    1.0134373
    1.0139362    1.0137281    1.0113248    1.0089405    1.0078547    1.0109881
    1.0120065    1.0107443    1.0106855    1.0108317    1.0085997    1.0081599
    1.0103787    1.0120974    1.0075991    1.0083747    1.0104898    1.0105664
    1.0135213    1.0160279    1.0092203    1.0117515    1.0099167    1.0092501
    1.0079404    1.0106556    1.0120792    1.0114425    1.0117044    1.0110803
    1.0098711    1.0089802    1.0118978    1.0132040    1.0092593    1.0091918
    1.0107615    1.0100836    1.0125196    1.0139830    1.0087864    1.0110171
    1.0104939    1.0092943    1.0080675    1.0110281    1.0132031    1.0111568
    1.0122072    1.0112503    1.0098157    1.0087422    1.0128959    1.0137576
    1.0096769    1.0091439    1.0104829    1.0101304    1.0129111    1.0136065
    1.0246012    1.0190832    1.0135300    1.0103494    1.0094106    1.0128061
    1.0141235    1.0129049    1.0124838    1.0121569    1.0109550    1.0099088
    1.0124977    1.0141638    1.0108005    1.0105804    1.0125819    1.0126762
    1.0157828    1.0211412    1.0131538    1.0127963    1.0106981    1.0089988
    1.0073275    1.0097526    1.0117803    1.0099574    1.0100687    1.0100562
    1.0079620    1.0072087    1.0102349    1.0114468    1.0080093    1.0083569
    1.0106582    1.0102640    1.0128332    1.0152257    1.0092660    1.0117175
    1.0106464    1.0091708    1.0082131    1.0116219    1.0127237    1.0120582
    1.0121943    1.0118481    1.0101268    1.0099269    1.0134750    1.0135504
    1.0103155    1.0097514    1.0111417    1.0111655    1.0128352    1.0140420
    1.0130356    1.0129689    1.0102873    1.0084314    1.0066707    1.0097003
    1.0111190    1.0104405    1.0102149    1.0091940    1.0080577    1.0073302
    1.0100852    1.0113228    1.0078999    1.0083180    1.0103026    1.0102051
    1.0125343    1.0147351    1.0092310    1.0112950    1.0104009    1.0095674
    1.0085369    1.0114307    1.0124333    1.0113874    1.0117796    1.0112161
    1.0094365    1.0085425    1.0116459    1.0128805    1.0096271    1.0096111
    1.0118240    1.0109548    1.0123572    1.0130855    1.0087760    1.0109221
    1.0098738    1.0093212    1.0083530    1.0108509    1.0119901    1.0112046
    1.0111571    1.0105579    1.0091413    1.0088640    1.0114666    1.0129383
    1.0098384    1.0096491    1.0108706    1.0104614    1.0120928    1.0138038
    1.0082835    1.0108098    1.0101189    1.0086340    1.0073995    1.0107952
    1.0125615    1.0109989    1.0119758    1.0116680    1.0098653    1.0091081
    1.0111093    1.0130985    1.0093259    1.0095581    1.0115149    1.0110671
    1.0122899    1.0128056    1.0084003    1.0109164    1.0100709    1.0096534
    1.0083601    1.0107789    1.0122971    1.0108665    1.0113846    1.0111689
    1.0093751    1.0086382    1.0115194    1.0130075    1.0095754    1.0096880
    1.0116476    1.0108032    1.0121611    1.0127573    1.0090700    1.0116187
    1.0104086    1.0090299    1.0081202    1.0111903    1.0126051    1.0112450
    1.0119091    1.0111619    1.0091559    1.0083809    1.0120119    1.0130944
    1.0100154    1.0097479    1.0116369    1.0108296    1.0120805    1.0129342
    1.0141930    1.0132505    1.0108151    1.0080573    1.0064236    1.0096948
    1.0116269    1.0100153    1.0103759    1.0104057    1.0085422    1.0075450
    1.0110841    1.0121942    1.0078905    1.0072355    1.0102697    1.0105824
    1.0133059    1.0150572    1.0079585    1.0102083    1.0092367    1.0083943
    1.0079156    1.0109889    1.0124122    1.0113425    1.0117373    1.0113379
    1.0098053    1.0087346    1.0121303    1.0130084    1.0093568    1.0091819
    1.0114348    1.0095956    1.0113913    1.0124068    1.0105502    1.0126033
    1.0105601    1.0093472    1.0089484    1.0114953    1.0138174    1.0119285
    1.0121626    1.0123085    1.0096126    1.0097799    1.0130343    1.0153874
    1.0123935    1.0115311    1.0132639    1.0118785    1.0139397    1.0152774
    1.0088622    1.0109905    1.0099027    1.0090021    1.0081153    1.0104282
    1.0116640    1.0105430    1.0103683    1.0103080    1.0085166    1.0079556
    1.0110729    1.0122823    1.0094737    1.0093086    1.0113384    1.0103563
    1.0113852    1.0127575    1.0088901    1.0115458    1.0103792    1.0093523
    1.0083152    1.0116056    1.0128912    1.0119391    1.0117237    1.0119768
    1.0095883    1.0087435    1.0118385    1.0126490    1.0086238    1.0089907
    1.0114586    1.0105693    1.0116425    1.0133669    1.0084003    1.0109160
    1.0093124    1.0079973    1.0080092    1.0107678    1.0124392    1.0110336
    1.0110392    1.0111485    1.0093103    1.0076260    1.0105182    1.0118559
    1.0083323    1.0088127    1.0111610    1.0103044    1.0111242    1.0125346
    1.0085680    1.0112765    1.0114141    1.0100938    1.0086636    1.0115203
    1.0124987    1.0108097    1.0121091    1.0117443    1.0105843    1.0087540
    1.0115419    1.0126885    1.0097741    1.0099797    1.0120413    1.0113907
    1.0121213    1.0133642    1.0079373    1.0095320    1.0092178    1.0083635
    1.0077015    1.0111846    1.0118696    1.0106804    1.0106251    1.0108679
    1.0088360    1.0079440    1.0111095    1.0121721    1.0084219    1.0092258
    1.0107760    1.0092734    1.0108064    1.0121757    1.0109361    1.0131456
    1.0113184    1.0103283    1.0095479    1.0122841    1.0130756    1.0121921
    1.0123005    1.0129310    1.0099958    1.0084900    1.0117049    1.0130318
    1.0097803    1.0111127    1.0132741    1.0119905    1.0123876    1.0143476
    1.0000000    0.7103330
#No. bin=    1 from processor    1
    1.0261014    1.0193833    1.0172514    1.0194149    1.0225274    1.0219719
    1.0226568    1.0255250    1.0246390    1.0250217    1.0260126    1.0278943
    1.0257439    1.0271765    1.0262369    1.0233091    1.0216797    1.0205405
    1.0168217    1.0179447    1.0293757    1.0236089    1.0183532    1.0170919
    1.0174506    1.0144081    1.0121302    1.0132415    1.0121222    1.0123326
    1.0132504    1.0152752    1.0121943    1.0140278    1.0154845    1.0140738
    1.0149574    1.0170131    1.0170705    1.0204574    1.0170098    1.0165205
    1.0137449    1.0137242    1.0144897    1.0117099    1.0099837    1.0120895
    1.0096222    1.0100720    1.0105175    1.0123986    1.0105781    1.0118326
    1.0130077    1.0126834    1.0141561    1.0156532    1.0137496    1.0150913
    1.0300396    1.0248327    1.0189754    1.0173723    1.0179467    1.0148346
    1.0127346    1.0142913    1.0121454    1.0121169    1.0131887    1.0147194
    1.0131792    1.0142840    1.0153693    1.0140116    1.0153933    1.0179071
    1.0177740    1.0217044    1.0193604    1.0184726    1.0159692    1.0154538
    1.0161508    1.0127209    1.0109585    1.0118740    1.0110614    1.0106115
    1.0114984    1.0129978    1.0109523    1.0127518    1.0148636    1.0134404
    1.0147171    1.0156486    1.0148876    1.0163345    1.0126198    1.0150124
    1.0140046    1.0142098    1.0145196    1.0112129    1.0096370    1.0116586
    1.0100707    1.0099440    1.0119154    1.0131813    1.0109159    1.0127451
    1.0150950    1.0128078    1.0140595    1.0156759    1.0134431    1.0134521
    1.0164523    1.0157245    1.0135351    1.0128284    1.0134479    1.0108865
    1.0094471    1.0104141    1.0092390    1.0095059    1.0110138    1.0126960
    1.0105557    1.0116299    1.0132405    1.0118749    1.0132178    1.0146006
    1.0128234    1.0139611    1.0141604    1.0161398    1.0148343    1.0151709
    1.0158590    1.0135272    1.0122032    1.0127049    1.0113852    1.0112822
    1.0133817    1.0145940    1.0122259    1.0143343    1.0158637    1.0145699
    1.0146938    1.0156399    1.0137746    1.0145076    1.0147353    1.0166728
    1.0161900    1.0155377    1.0174469    1.0143681    1.0120751    1.0139721
    1.0108701    1.0101872    1.0126467    1.0145040    1.0114845    1.0131521
    1.0155098    1.0146569    1.0145368    1.0166941    1.0137372    1.0140136
    1.0300799    1.0231247    1.0187364    1.0168346    1.0169455    1.0145750
    1.0122341    1.0137507    1.0120610    1.0127921    1.0148699    1.0156863
    1.0130395    1.0151720    1.0170123    1.0154927    1.0163640    1.0184736
    1.0181137    1.0214267    1.0186144    1.0184251    1.0157288    1.0145946
    1.0151092    1.0122146    1.0100445    1.0115101    1.0098129    1.0102522
    1.0115074    1.0133116    1.0106765    1.0123752    1.0143417    1.0130283
    1.0136985    1.0155003    1.0141602    1.0155941    1.0135830    1.0160699
    1.0155423    1.0149656    1.0155849    1.0127704    1.0107074    1.0120754
    1.0107831    1.0106887    1.0119681    1.0134775    1.0111945    1.0131998
    1.0148605    1.0134653    1.0142968    1.0150597    1.0134298    1.0136513
    1.0192533    1.0183428    1.0155568    1.0146038    1.0152159    1.0130460
    1.0104521    1.0120839    1.0104519    1.0102775    1.0112185    1.0130032
    1.0110261    1.0130666    1.0143746    1.0130799    1.0143553    1.0163445
    1.0151526    1.0158945    1.0140831    1.0159342    1.0149955    1.0153827
    1.0161618    1.0133433    1.0110976    1.0127034    1.0110980    1.0113538
    1.0121976    1.0142921    1.0117498    1.0136102    1.0154200    1.0137570
    1.0146570    1.0159061    1.0141471    1.0139103    1.0145079    1.0160898
    1.0149700    1.0152207    1.0158427    1.0134324    1.0111200    1.0132812
    1.0115324    1.0115825    1.0125616    1.0145002    1.0120435    1.0136259
    1.0155788    1.0136207    1.0146829    1.0159432    1.0143100    1.0143456
    1.0141675    1.0160437    1.0147779    1.0150471    1.0152768    1.0125666
    1.0107605    1.0121838    1.0106345    1.0106348    1.0127217    1.0147211
    1.0121654    1.0132366    1.0148574    1.0140103    1.0141391    1.0164989
    1.0142441    1.0137432    1.0151146    1.0174636    1.0155147    1.0158709
    1.0160652    1.0134547    1.0114151    1.0128182    1.0114689    1.0112039
    1.0121842    1.0143664    1.0119909    1.0138099    1.0159397    1.0146616
    1.0148331    1.0163562    1.0145075    1.0143355    1.0135059    1.0156170
    1.0142716    1.0148758    1.0147782    1.0123439    1.0098512    1.0124660
    1.0113331    1.0099126    1.0119410    1.0141502    1.0121092    1.0137949
    1.0151901    1.0138227    1.0144860    1.0159844    1.0135732    1.0133254
    1.0191417    1.0179411    1.0155569    1.0151008    1.0146613    1.0117044
    1.0101925    1.0111341    1.0103540    1.0116087    1.0126900    1.0136132
    1.0114779    1.0121124    1.0130791    1.0122075    1.0141131    1.0162433
    1.0158914    1.0176438    1.0138757    1.0159382    1.0146551    1.0151780
    1.0149670    1.0112800    1.0100491    1.0121693    1.0101160    1.0106788
    1.0117988    1.0131148    1.0109685    1.0127854    1.0149201    1.0130919
    1.0142983    1.0155508    1.0136996    1.0134368    1.0158133    1.0170181
    1.0158111    1.0167161    1.0166825    1.0135655    1.0127065    1.0142247
    1.0128240    1.0123897    1.0128368    1.0140295    1.0130978    1.0142922
    1.0150499    1.0142238    1.0158152    1.0172481    1.0148263    1.0143946
    1.0149440    1.0166840    1.0147773    1.0154673    1.0159515    1.0126926
    1.0111423    1.0129953    1.0110551    1.0109654    1.0127332    1.0141816
    1.0123486    1.0139568    1.0156362    1.0138113    1.0140321    1.0160752
    1.0138867    1.0144274    1.0145798    1.0163696    1.0156502    1.0159932
    1.0166335    1.0135335    1.0115190    1.0132600    1.0114844    1.0117190
    1.0131263    1.0146335    1.0125306    1.0137528    1.0158693    1.0146735
    1.0152228    1.0167926    1.0143920    1.0138884    1.0142731    1.0153187
    1.0144025    1.0151436    1.0153388    1.0128593    1.0108196    1.0125421
    1.0112282    1.0105612    1.0120733    1.0141020    1.0115721    1.0129964
    1.0149595    1.0142141    1.0145684    1.0156178    1.0143670    1.0142151
    1.0151750    1.0173749    1.0149354    1.0162235    1.0159812    1.0128392
    1.0110316    1.0134704    1.0109063    1.0112848    1.0130012    1.0161886
    1.0128283    1.0148534    1.0165540    1.0151457    1.0147137    1.0165526
    1.0142912    1.0148716    1.0134297    1.0150895    1.0136153    1.0144331
    1.0150817    1.0130982    1.0116992    1.0129136    1.0110522    1.0111202
    1.0124162    1.0141735    1.0114257    1.0127211    1.0146289    1.0133891
    1.0137481    1.0150086    1.0135256    1.0127002    1.0167578    1.0191832
    1.0178904    1.0176248    1.0180063    1.0152506    1.0127356    1.0128145
    1.0108827    1.0111114    1.0123049    1.0151226    1.0131077    1.0149625
    1.0166636    1.0147408    1.0150797    1.0173206    1.0150893    1.0154298
    1.0000000    0.7116320
#No. bin=    2 from processor    0
    1.0279241    1.0192018    1.0137118    1.0189711    1.0171258    1.0207029
    1.0216798    1.0242742    1.0241498    1.0243571    1.0238034    1.0234881
    1.0244781    1.0235311    1.0206208    1.0183642    1.0142288    1.0143831
    1.0142826    1.0164499    1.0266728    1.0190894    1.0106295    1.0126182
    1.0085423    1.0099171    1.0091160    1.0091778    1.0093912    1.0091857
    1.0087490    1.0089667    1.0103882    1.0113987    1.0097241    1.0102589
    1.0083209    1.0111552    1.0142916    1.0163560    1.0140328    1.0120917
    1.0070265    1.0088869    1.0057236    1.0070069    1.0060311    1.0072105
    1.0073821    1.0068808    1.0056807    1.0057014    1.0076558    1.0079760
    1.0057706    1.0061232    1.0054589    1.0067316    1.0096997    1.0097397
    1.0274195    1.0199603    1.0122018    1.0136399    1.0094091    1.0101055
    1.0101329    1.0105996    1.0102034    1.0094888    1.0089970    1.0093571
    1.0110297    1.0112593    1.0096071    1.0101011    1.0082160    1.0110715
    1.0141633    1.0174644    1.0155629    1.0130339    1.0077326    1.0106932
    1.0072142    1.0083390    1.0073007    1.0076809    1.0073916    1.0068548
    1.0068334    1.0073077    1.0084066    1.0093168    1.0070800    1.0073150
    1.0056132    1.0083755    1.0114666    1.0115601    1.0111264    1.0109852
    1.0068742    1.0109526    1.0086578    1.0095685    1.0088664    1.0091020
    1.0087696    1.0090436    1.0082379    1.0092616    1.0098350    1.0106336
    1.0086226    1.0088068    1.0064974    1.0084734    1.0103776    1.0089195
    1.0125484    1.0103307    1.0056525    1.0097568    1.0062815    1.0067772
    1.0060326    1.0072674    1.0067395    1.0059174    1.0051375    1.0061888
    1.0066625    1.0070495    1.0056933    1.0067645    1.0047154    1.0069099
    1.0100454    1.0077917    1.0103193    1.0105142    1.0069540    1.0104510
    1.0071022    1.0081857    1.0083157    1.0084134    1.0080770    1.0073796
    1.0073874    1.0082039    1.0088291    1.0096795    1.0076469    1.0082295
    1.0068759    1.0084119    1.0104420    1.0088671    1.0103004    1.0102256
    1.0057979    1.0104877    1.0078431    1.0084936    1.0073350    1.0081376
    1.0086952    1.0080066    1.0075636    1.0082010    1.0089708    1.0096102
    1.0075990    1.0079602    1.0061837    1.0071541    1.0099004    1.0085393
    1.0258369    1.0182226    1.0109295    1.0129191    1.0086596    1.0100629
    1.0088028    1.0096311    1.0099505    1.0098810    1.0089564    1.0085193
    1.0094273    1.0104247    1.0089149    1.0091004    1.0078269    1.0104611
    1.0129398    1.0158801    1.0154222    1.0129865    1.0072597    1.0105554
    1.0071620    1.0082757    1.0078754    1.0076749    1.0078848    1.0073667
    1.0068775    1.0072359    1.0092401    1.0102676    1.0079900    1.0078059
    1.0061701    1.0090366    1.0112230    1.0107844    1.0114188    1.0121161
    1.0075816    1.0109499    1.0082856    1.0089056    1.0079433    1.0084881
    1.0080634    1.0074660    1.0071271    1.0075895    1.0096483    1.0109206
    1.0078305    1.0075990    1.0066730    1.0085035    1.0107704    1.0094589
    1.0151207    1.0129841    1.0075294    1.0102352    1.0074090    1.0079558
    1.0072188    1.0081534    1.0082182    1.0072232    1.0071049    1.0074040
    1.0085018    1.0091389    1.0073068    1.0076656    1.0060271    1.0085337
    1.0108753    1.0113781    1.0120042    1.0117952    1.0077199    1.0111007
    1.0080105    1.0089296    1.0083229    1.0087994    1.0085028    1.0076302
    1.0075532    1.0081588    1.0092429    1.0102936    1.0084140    1.0084324
    1.0067971    1.0090366    1.0110013    1.0100728    1.0117675    1.0115545
    1.0079511    1.0110461    1.0083467    1.0092212    1.0088414    1.0094931
    1.0092315    1.0087796    1.0082459    1.0087180    1.0103177    1.0111347
    1.0091891    1.0093546    1.0076836    1.0095853    1.0114329    1.0099807
    1.0100038    1.0108434    1.0064516    1.0101899    1.0067301    1.0079318
    1.0080969    1.0084723    1.0084073    1.0076736    1.0079549    1.0079826
    1.0090576    1.0104131    1.0080956    1.0078627    1.0052595    1.0077197
    1.0097098    1.0082022    1.0112564    1.0109429    1.0070651    1.0109999
    1.0080979    1.0094122    1.0087792    1.0092673    1.0094141    1.0085859
    1.0085191    1.0087092    1.0098593    1.0105590    1.0090502    1.0085520
    1.0067652    1.0088638    1.0108240    1.0098454    1.0115284    1.0115832
    1.0080896    1.0114207    1.0082631    1.0091655    1.0090103    1.0089961
    1.0087420    1.0093979    1.0085265    1.0080321    1.0103386    1.0105832
    1.0085451    1.0082916    1.0065486    1.0088593    1.0103207    1.0102265
    1.0164508    1.0137393    1.0074468    1.0107959    1.0068518    1.0086433
    1.0077761    1.0077114    1.0073795    1.0076676    1.0066461    1.0073062
    1.0092156    1.0100838    1.0082092    1.0081114    1.0069297    1.0086756
    1.0111467    1.0119138    1.0112402    1.0112324    1.0074544    1.0112775
    1.0084410    1.0097930    1.0083305    1.0083417    1.0077749    1.0075497
    1.0085028    1.0086859    1.0096034    1.0105743    1.0086435    1.0080005
    1.0060399    1.0077584    1.0097657    1.0090233    1.0119754    1.0129298
    1.0079222    1.0120901    1.0087210    1.0091540    1.0082098    1.0102378
    1.0094414    1.0085033    1.0070740    1.0075753    1.0089386    1.0102610
    1.0086650    1.0084144    1.0072801    1.0098674    1.0119432    1.0099399
    1.0109767    1.0111975    1.0069695    1.0105960    1.0081589    1.0094393
    1.0093806    1.0096473    1.0080646    1.0075317    1.0076199    1.0079575
    1.0094339    1.0103822    1.0088217    1.0089743    1.0065630    1.0090849
    1.0112105    1.0105901    1.0112402    1.0116808    1.0076086    1.0117244
    1.0086267    1.0095554    1.0090565    1.0095429    1.0093306    1.0083850
    1.0083847    1.0085904    1.0102624    1.0111618    1.0090700    1.0086595
    1.0070301    1.0090475    1.0109956    1.0097587    1.0100973    1.0102839
    1.0058632    1.0098004    1.0075346    1.0087638    1.0080663    1.0088033
    1.0081390    1.0075478    1.0068708    1.0078199    1.0093099    1.0100259
    1.0077591    1.0071804    1.0058634    1.0085496    1.0094694    1.0085935
    1.0112746    1.0119121    1.0080872    1.0106100    1.0080359    1.0090530
    1.0089908    1.0086341    1.0091987    1.0079091    1.0074132    1.0081281
    1.0099019    1.0105077    1.0086157    1.0075587    1.0053074    1.0089073
    1.0112126    1.0102720    1.0103808    1.0108098    1.0067416    1.0110153
    1.0084127    1.0099698    1.0098587    1.0095271    1.0093807    1.0087472
    1.0089096    1.0084290    1.0094143    1.0102348    1.0084744    1.0075015
    1.0063100    1.0083843    1.0098380    1.0086891    1.0118176    1.0122140
    1.0090719    1.0136081    1.0093329    1.0114079    1.0107662    1.0098955
    1.0091947    1.0085490    1.0088663    1.0086446    1.0100266    1.0105387
    1.0095794    1.0097072    1.0087026    1.0097172    1.0109874    1.0108156
    0.9990000    0.7101111
#No. bin=    2 from processor    1
    1.0279097    1.0186746    1.0156951    1.0173118    1.0205815    1.0247309
    1.0278232    1.0280349    1.0265876    1.0266080    1.0282513    1.0277694
    1.0280586    1.0269556    1.0277421    1.0246898    1.0235925    1.0202332
    1.0169631    1.0179351    1.0310694    1.0220541    1.0160410    1.0142731
    1.0146611    1.0157453    1.0164517    1.0146393    1.0119044    1.0113622
    1.0121469    1.0129647    1.0144942    1.0145091    1.0162752    1.0154657
    1.0164951    1.0178466    1.0179430    1.0213914    1.0206292    1.0176552
    1.0142225    1.0137350    1.0131518    1.0138831    1.0154921    1.0129813
    1.0101222    1.0095887    1.0125937    1.0115867    1.0139804    1.0124920
    1.0143042    1.0142043    1.0158873    1.0161416    1.0153401    1.0166771
    1.0308641    1.0223059    1.0176215    1.0158269    1.0151604    1.0162564
    1.0169341    1.0152117    1.0122837    1.0119959    1.0134673    1.0146101
    1.0152805    1.0144639    1.0163409    1.0153864    1.0170923    1.0170386
    1.0177181    1.0217360    1.0214682    1.0170802    1.0144391    1.0138873
    1.0139808    1.0146241    1.0151704    1.0143789    1.0112134    1.0105235
    1.0114916    1.0125250    1.0131150    1.0126087    1.0143098    1.0142449
    1.0160318    1.0161701    1.0154980    1.0176887    1.0160365    1.0138977
    1.0128699    1.0127040    1.0132028    1.0149463    1.0158952    1.0149640
    1.0122613    1.0103808    1.0119192    1.0125142    1.0135270    1.0134010
    1.0165503    1.0146620    1.0151319    1.0150241    1.0139135    1.0146721
    1.0190009    1.0152683    1.0131802    1.0124922    1.0116936    1.0128514
    1.0135594    1.0117689    1.0095946    1.0080078    1.0099842    1.0103920
    1.0118630    1.0107204    1.0135677    1.0133044    1.0142040    1.0147195
    1.0138134    1.0140728    1.0167897    1.0153056    1.0138944    1.0142406
    1.0149004    1.0159601    1.0165427    1.0156624    1.0124808    1.0122796
    1.0127683    1.0128673    1.0143633    1.0141823    1.0166235    1.0157272
    1.0169777    1.0169209    1.0156394    1.0156477    1.0155734    1.0138748
    1.0138667    1.0143913    1.0157823    1.0169522    1.0182298    1.0163113
    1.0132015    1.0119919    1.0128419    1.0122166    1.0136604    1.0139977
    1.0153777    1.0146801    1.0159065    1.0156300    1.0144817    1.0152507
    1.0323183    1.0228927    1.0178255    1.0160003    1.0161804    1.0168408
    1.0179394    1.0156355    1.0129357    1.0130028    1.0131229    1.0133446
    1.0144994    1.0138971    1.0164787    1.0160477    1.0171033    1.0170109
    1.0178724    1.0224304    1.0203185    1.0159609    1.0135220    1.0123182
    1.0128405    1.0138317    1.0145701    1.0129675    1.0099266    1.0096038
    1.0104877    1.0112945    1.0122604    1.0122185    1.0142391    1.0135547
    1.0149880    1.0149082    1.0143190    1.0162810    1.0137204    1.0135128
    1.0123471    1.0119426    1.0135098    1.0147562    1.0149875    1.0140910
    1.0110556    1.0101886    1.0119726    1.0117466    1.0125072    1.0123572
    1.0144823    1.0138813    1.0148711    1.0147718    1.0129927    1.0140133
    1.0209245    1.0173121    1.0145084    1.0136915    1.0139607    1.0150878
    1.0162375    1.0139779    1.0110679    1.0103935    1.0120769    1.0122112
    1.0132040    1.0125526    1.0145597    1.0140122    1.0154920    1.0157256
    1.0146881    1.0161182    1.0158487    1.0145211    1.0134261    1.0131906
    1.0136119    1.0147212    1.0159398    1.0147265    1.0117245    1.0113341
    1.0119794    1.0123389    1.0133562    1.0133333    1.0152775    1.0146487
    1.0156209    1.0155882    1.0140426    1.0144639    1.0151781    1.0136121
    1.0129102    1.0132483    1.0138930    1.0151230    1.0156159    1.0138868
    1.0115391    1.0105438    1.0117075    1.0127018    1.0136530    1.0138838
    1.0155614    1.0147743    1.0158871    1.0154678    1.0140035    1.0143839
    1.0150540    1.0131987    1.0125759    1.0121741    1.0131093    1.0147166
    1.0153648    1.0139770    1.0107234    1.0103719    1.0112680    1.0115224
    1.0131235    1.0125314    1.0150321    1.0143988    1.0149873    1.0147806
    1.0135227    1.0129921    1.0168475    1.0146970    1.0142315    1.0139817
    1.0147753    1.0161262    1.0164954    1.0150918    1.0117243    1.0117727
    1.0126675    1.0130366    1.0143478    1.0140865    1.0162657    1.0159410
    1.0168410    1.0161871    1.0147450    1.0153267    1.0141537    1.0127562
    1.0119580    1.0116434    1.0127657    1.0137504    1.0140731    1.0131548
    1.0103429    1.0102746    1.0110219    1.0114286    1.0124850    1.0126556
    1.0149429    1.0139757    1.0142957    1.0139130    1.0126188    1.0127989
    1.0198343    1.0165827    1.0140021    1.0135053    1.0131657    1.0149899
    1.0149662    1.0136976    1.0110253    1.0096621    1.0104798    1.0104215
    1.0121379    1.0121049    1.0138127    1.0133184    1.0144903    1.0148537
    1.0149270    1.0156835    1.0149642    1.0135696    1.0134597    1.0133234
    1.0136993    1.0146791    1.0152116    1.0145080    1.0117427    1.0105122
    1.0111921    1.0117851    1.0134587    1.0131588    1.0152446    1.0138904
    1.0150664    1.0145689    1.0131988    1.0130418    1.0177737    1.0163076
    1.0142321    1.0145751    1.0145475    1.0159711    1.0164791    1.0157563
    1.0132362    1.0113058    1.0122311    1.0123383    1.0142251    1.0132922
    1.0161394    1.0151657    1.0171198    1.0171616    1.0156711    1.0167157
    1.0172628    1.0156193    1.0138480    1.0142711    1.0148805    1.0156670
    1.0174519    1.0157523    1.0132178    1.0121934    1.0130066    1.0136842
    1.0145525    1.0140628    1.0162367    1.0157074    1.0166769    1.0172762
    1.0159496    1.0158703    1.0167361    1.0149737    1.0142421    1.0144704
    1.0151364    1.0160259    1.0163597    1.0154991    1.0126056    1.0119491
    1.0132050    1.0135233    1.0140077    1.0142976    1.0159391    1.0153529
    1.0165509    1.0163443    1.0147621    1.0152609    1.0174313    1.0157792
    1.0145517    1.0143379    1.0154320    1.0167347    1.0168205    1.0158544
    1.0127961    1.0113787    1.0127928    1.0129100    1.0142751    1.0134007
    1.0159187    1.0151582    1.0163706    1.0167211    1.0152301    1.0162782
    1.0169522    1.0158436    1.0138949    1.0143908    1.0149152    1.0151682
    1.0164556    1.0137801    1.0107986    1.0100922    1.0115020    1.0128727
    1.0140486    1.0141731    1.0158732    1.0153308    1.0175272    1.0170216
    1.0142272    1.0149723    1.0159395    1.0151635    1.0134455    1.0137745
    1.0136219    1.0151000    1.0165383    1.0145029    1.0116594    1.0110563
    1.0121829    1.0119918    1.0140495    1.0131984    1.0152889    1.0150269
    1.0167304    1.0159559    1.0146218    1.0144330    1.0175925    1.0160852
    1.0146295    1.0147465    1.0152574    1.0162946    1.0169631    1.0154696
    1.0133837    1.0118065    1.0133181    1.0137495    1.0149123    1.0146759
    1.0164550    1.0159563    1.0172564    1.0166157    1.0158931    1.0167666
    1.0000000    0.7130550
