 Results of <D(T)D(0)>
          20          27   5.000000      0.000000000000000E+000
#No. bin=    1 from processor    0
    0.4229831    0.3701654    0.3331523    0.3067735    0.2875799    0.2736563
    0.2634845    0.2561999    0.2512466    0.2483349    0.2474484    0.2483054
    0.2510079    0.2557353    0.2628701    0.2729426    0.2869037    0.3061956
    0.3327361    0.3698019    0.1608201    0.1679182    0.1723936    0.1751914
    0.1770750    0.1783178    0.1790505    0.1795622    0.1798845    0.1800826
    0.1801482    0.1801293    0.1800293    0.1797319    0.1792384    0.1784808
    0.1772989    0.1754339    0.1725502    0.1680055    0.1784708    0.1785691
    0.1788929    0.1791599    0.1793367    0.1796373    0.1799098    0.1799746
    0.1800444    0.1800423    0.1800078    0.1799620    0.1799327    0.1798029
    0.1795897    0.1794233    0.1792813    0.1790918    0.1788484    0.1786320
    0.1609198    0.1681474    0.1727087    0.1755267    0.1773095    0.1785134
    0.1792747    0.1797623    0.1800598    0.1802808    0.1803158    0.1802300
    0.1800722    0.1798342    0.1793758    0.1786206    0.1774102    0.1755045
    0.1726265    0.1681161    0.1783445    0.1785042    0.1787892    0.1790293
    0.1792515    0.1794439    0.1796188    0.1797630    0.1798354    0.1798855
    0.1799083    0.1798744    0.1798561    0.1797811    0.1796624    0.1794648
    0.1792359    0.1789933    0.1787411    0.1785212    0.1783696    0.1784297
    0.1785411    0.1785964    0.1786622    0.1787788    0.1788388    0.1788562
    0.1789700    0.1791158    0.1791333    0.1790835    0.1790372    0.1789886
    0.1788773    0.1788128    0.1787347    0.1785972    0.1785200    0.1784443
    0.1782655    0.1784848    0.1788349    0.1791611    0.1794417    0.1797256
    0.1798934    0.1799930    0.1800143    0.1800761    0.1800571    0.1799696
    0.1799380    0.1797986    0.1796327    0.1794403    0.1792415    0.1789706
    0.1786966    0.1784399    0.1781654    0.1781904    0.1782363    0.1783054
    0.1783983    0.1784933    0.1785770    0.1786179    0.1787328    0.1788030
    0.1788792    0.1789073    0.1788719    0.1788189    0.1787384    0.1786525
    0.1785542    0.1784410    0.1783358    0.1782605    0.1791140    0.1791629
    0.1792255    0.1791607    0.1791420    0.1791759    0.1791357    0.1791680
    0.1791367    0.1791397    0.1790395    0.1789946    0.1790424    0.1791361
    0.1790123    0.1789289    0.1789027    0.1788911    0.1789727    0.1790492
    0.1606875    0.1678348    0.1723190    0.1751685    0.1770712    0.1783312
    0.1791292    0.1796948    0.1800449    0.1803209    0.1803326    0.1802265
    0.1800851    0.1797830    0.1791975    0.1783413    0.1771446    0.1752968
    0.1723882    0.1678585    0.1781979    0.1783949    0.1786994    0.1789957
    0.1792567    0.1795263    0.1797343    0.1798056    0.1798522    0.1799127
    0.1799804    0.1799481    0.1798658    0.1797346    0.1795378    0.1793469
    0.1792029    0.1789611    0.1786681    0.1784009    0.1783885    0.1785224
    0.1785605    0.1785346    0.1785220    0.1785263    0.1785252    0.1786253
    0.1787080    0.1788356    0.1788634    0.1789130    0.1790173    0.1790510
    0.1789851    0.1788695    0.1787026    0.1785624    0.1784661    0.1783998
    0.1780764    0.1782200    0.1784613    0.1787006    0.1789164    0.1791549
    0.1793511    0.1794615    0.1795639    0.1796361    0.1796792    0.1797040
    0.1797120    0.1796543    0.1795271    0.1793332    0.1791159    0.1788506
    0.1785763    0.1783010    0.1784696    0.1785342    0.1785861    0.1786184
    0.1786902    0.1787805    0.1788488    0.1789057    0.1789525    0.1789910
    0.1789781    0.1789767    0.1789811    0.1789754    0.1789075    0.1788547
    0.1788200    0.1787301    0.1786103    0.1785160    0.1787404    0.1787281
    0.1787714    0.1787855    0.1788169    0.1788964    0.1789867    0.1790302
    0.1790302    0.1790417    0.1790598    0.1790576    0.1790794    0.1790763
    0.1789980    0.1788940    0.1788395    0.1788029    0.1787870    0.1787600
    0.1782543    0.1783275    0.1784148    0.1783915    0.1784520    0.1785755
    0.1786885    0.1787833    0.1788012    0.1788234    0.1788444    0.1787762
    0.1787277    0.1786857    0.1785753    0.1784954    0.1784458    0.1783746
    0.1782846    0.1782618    0.1787189    0.1787004    0.1787422    0.1787613
    0.1787788    0.1788546    0.1789266    0.1789736    0.1789915    0.1790823
    0.1791574    0.1791672    0.1791830    0.1791764    0.1790597    0.1789767
    0.1788995    0.1788188    0.1788046    0.1787469    0.1787143    0.1787432
    0.1786673    0.1785900    0.1786212    0.1786947    0.1787432    0.1788009
    0.1788526    0.1788407    0.1787852    0.1788507    0.1788555    0.1787835
    0.1787748    0.1787439    0.1787151    0.1787358    0.1787022    0.1787241
    0.1779975    0.1782193    0.1785226    0.1787835    0.1789607    0.1791664
    0.1793759    0.1794786    0.1795502    0.1795819    0.1795295    0.1794879
    0.1794336    0.1793357    0.1792531    0.1791376    0.1788963    0.1786059
    0.1784110    0.1781719    0.1783914    0.1784390    0.1785541    0.1786302
    0.1787336    0.1787842    0.1788302    0.1788227    0.1788066    0.1788167
    0.1787968    0.1787993    0.1788462    0.1789115    0.1788427    0.1787722
    0.1786544    0.1785499    0.1784701    0.1784047    0.1785629    0.1785661
    0.1785796    0.1786000    0.1786451    0.1788220    0.1789291    0.1790259
    0.1790667    0.1790361    0.1790450    0.1790385    0.1790350    0.1790079
    0.1788553    0.1788108    0.1787956    0.1787117    0.1785811    0.1785702
    0.1782322    0.1782618    0.1783080    0.1783461    0.1784357    0.1784994
    0.1785550    0.1786119    0.1786337    0.1786518    0.1786439    0.1786540
    0.1787109    0.1787167    0.1786267    0.1785787    0.1785387    0.1784846
    0.1783642    0.1782895    0.1787732    0.1787950    0.1788273    0.1788396
    0.1788631    0.1789948    0.1790904    0.1791638    0.1792503    0.1793252
    0.1793435    0.1793186    0.1792962    0.1791980    0.1790862    0.1789672
    0.1788919    0.1788556    0.1788210    0.1788041    0.1786928    0.1787100
    0.1787035    0.1786948    0.1787079    0.1787796    0.1788420    0.1788430
    0.1789027    0.1789676    0.1789799    0.1789652    0.1789739    0.1789137
    0.1788873    0.1788335    0.1787916    0.1787086    0.1787306    0.1787133
    0.1788005    0.1788290    0.1788679    0.1788908    0.1789597    0.1790334
    0.1790947    0.1790927    0.1790886    0.1791731    0.1791910    0.1791457
    0.1791496    0.1791739    0.1791091    0.1790929    0.1790499    0.1789370
    0.1788793    0.1788210    0.1789196    0.1789085    0.1789346    0.1788981
    0.1788933    0.1789508    0.1790095    0.1790403    0.1790432    0.1790193
    0.1790215    0.1790534    0.1790645    0.1790160    0.1789572    0.1789245
    0.1788955    0.1788801    0.1788711    0.1789160    0.1784066    0.1784896
    0.1786286    0.1787523    0.1789027    0.1789746    0.1790451    0.1790640
    0.1790486    0.1791740    0.1791888    0.1791032    0.1791212    0.1791542
    0.1790395    0.1789050    0.1788305    0.1786941    0.1785600    0.1784834
    1.0000000    0.4229831
#No. bin=    1 from processor    1
    0.4236974    0.3707278    0.3335390    0.3069699    0.2877189    0.2735299
    0.2633231    0.2563125    0.2516523    0.2490163    0.2482214    0.2491688
    0.2518803    0.2566425    0.2638080    0.2738935    0.2879058    0.3072139
    0.3338611    0.3708230    0.1616082    0.1687512    0.1732161    0.1760932
    0.1779327    0.1791388    0.1799138    0.1804205    0.1806719    0.1807924
    0.1807895    0.1806664    0.1805310    0.1802465    0.1797657    0.1790659
    0.1778783    0.1761556    0.1732500    0.1687827    0.1782946    0.1785103
    0.1789551    0.1793581    0.1796049    0.1797527    0.1798982    0.1800011
    0.1800683    0.1801664    0.1801570    0.1801616    0.1800938    0.1799581
    0.1797618    0.1795953    0.1794319    0.1791755    0.1788960    0.1785597
    0.1613706    0.1685501    0.1730551    0.1759253    0.1776904    0.1789563
    0.1797915    0.1802911    0.1805646    0.1806650    0.1806962    0.1806528
    0.1805495    0.1802297    0.1796972    0.1788844    0.1775997    0.1758195
    0.1729699    0.1685005    0.1787720    0.1789824    0.1793514    0.1796879
    0.1799229    0.1801097    0.1802697    0.1803695    0.1804813    0.1805401
    0.1805668    0.1805000    0.1804328    0.1803088    0.1802281    0.1800629
    0.1798008    0.1795179    0.1791898    0.1789263    0.1788261    0.1788534
    0.1789342    0.1789993    0.1790426    0.1791167    0.1791839    0.1793168
    0.1793921    0.1794514    0.1794582    0.1794954    0.1795451    0.1795468
    0.1795223    0.1793790    0.1792590    0.1791062    0.1789416    0.1788868
    0.1782414    0.1783973    0.1787180    0.1790702    0.1793734    0.1795579
    0.1797400    0.1798856    0.1799411    0.1800379    0.1801505    0.1801159
    0.1800431    0.1798820    0.1798327    0.1796725    0.1794250    0.1791445
    0.1788325    0.1784600    0.1793080    0.1793291    0.1794447    0.1795370
    0.1795810    0.1796417    0.1796958    0.1797377    0.1797901    0.1798110
    0.1797954    0.1798392    0.1798821    0.1798586    0.1798257    0.1797669
    0.1796657    0.1795458    0.1794036    0.1793301    0.1793723    0.1793951
    0.1794184    0.1795108    0.1795986    0.1796529    0.1796818    0.1797111
    0.1796106    0.1794694    0.1794394    0.1793243    0.1792944    0.1792715
    0.1792617    0.1792529    0.1792332    0.1792762    0.1793679    0.1793764
    0.1612550    0.1684282    0.1730153    0.1760014    0.1778320    0.1790606
    0.1798990    0.1804120    0.1806862    0.1808850    0.1809893    0.1809971
    0.1808880    0.1805559    0.1800487    0.1792392    0.1779710    0.1760097
    0.1730315    0.1684355    0.1786041    0.1788059    0.1791301    0.1794164
    0.1796422    0.1798547    0.1800037    0.1801389    0.1802434    0.1802961
    0.1802945    0.1802400    0.1801323    0.1800082    0.1799005    0.1797676
    0.1795649    0.1793471    0.1790553    0.1787705    0.1790587    0.1790944
    0.1791846    0.1792252    0.1792324    0.1792769    0.1793771    0.1794908
    0.1795166    0.1795274    0.1795464    0.1795798    0.1796207    0.1795755
    0.1795507    0.1795045    0.1794043    0.1793185    0.1791399    0.1790545
    0.1787293    0.1789250    0.1792700    0.1795578    0.1797852    0.1799663
    0.1800574    0.1801540    0.1802068    0.1802361    0.1802428    0.1802105
    0.1801939    0.1801111    0.1800100    0.1798647    0.1796807    0.1794313
    0.1791644    0.1789041    0.1788535    0.1788724    0.1789515    0.1790472
    0.1791212    0.1792107    0.1792963    0.1793876    0.1794373    0.1794836
    0.1795013    0.1795262    0.1795408    0.1794808    0.1794345    0.1793530
    0.1792360    0.1791519    0.1790329    0.1789212    0.1795089    0.1795048
    0.1795421    0.1796220    0.1796484    0.1797084    0.1797141    0.1797233
    0.1797229    0.1797162    0.1797215    0.1796815    0.1796319    0.1795929
    0.1795552    0.1795371    0.1794962    0.1795057    0.1795175    0.1795366
    0.1789864    0.1789638    0.1790085    0.1790537    0.1790694    0.1791744
    0.1793131    0.1794189    0.1795187    0.1795750    0.1796234    0.1796472
    0.1796345    0.1796460    0.1795351    0.1794491    0.1793422    0.1792712
    0.1791381    0.1790514    0.1794943    0.1795245    0.1795918    0.1796343
    0.1796109    0.1796239    0.1796711    0.1796926    0.1797075    0.1797021
    0.1797368    0.1797136    0.1797301    0.1796840    0.1796861    0.1796724
    0.1796052    0.1795645    0.1795128    0.1795042    0.1794555    0.1794513
    0.1794895    0.1794643    0.1794122    0.1794382    0.1795188    0.1796008
    0.1796435    0.1796737    0.1797211    0.1797983    0.1798661    0.1798548
    0.1798172    0.1798038    0.1797440    0.1796770    0.1795809    0.1795151
    0.1787070    0.1788318    0.1791336    0.1793889    0.1795424    0.1797121
    0.1798479    0.1800557    0.1802878    0.1803766    0.1804087    0.1803243
    0.1802293    0.1800382    0.1798504    0.1796844    0.1795114    0.1793310
    0.1791079    0.1788198    0.1791642    0.1792066    0.1793116    0.1793935
    0.1793720    0.1793879    0.1793996    0.1794467    0.1793951    0.1793984
    0.1794649    0.1794903    0.1794819    0.1795022    0.1795175    0.1794813
    0.1793571    0.1793229    0.1792459    0.1792219    0.1794593    0.1794333
    0.1793849    0.1793937    0.1793820    0.1793734    0.1793751    0.1794049
    0.1794624    0.1795278    0.1795821    0.1796363    0.1798087    0.1797997
    0.1797736    0.1797577    0.1797140    0.1796207    0.1795693    0.1794946
    0.1788804    0.1788868    0.1789474    0.1790577    0.1791120    0.1791499
    0.1792992    0.1793087    0.1793026    0.1793571    0.1794184    0.1794209
    0.1794302    0.1794095    0.1794236    0.1793320    0.1791631    0.1791028
    0.1789725    0.1789062    0.1794007    0.1794306    0.1795133    0.1795808
    0.1795754    0.1796590    0.1796918    0.1797395    0.1797802    0.1797946
    0.1797839    0.1797362    0.1797252    0.1796615    0.1796195    0.1795705
    0.1795327    0.1794591    0.1794131    0.1794255    0.1793480    0.1792994
    0.1793012    0.1793168    0.1792898    0.1792590    0.1793421    0.1794126
    0.1794716    0.1794794    0.1794906    0.1795136    0.1795377    0.1795093
    0.1795313    0.1795376    0.1794586    0.1794772    0.1794009    0.1793904
    0.1795185    0.1795650    0.1796262    0.1796626    0.1796669    0.1796607
    0.1796353    0.1797157    0.1797992    0.1798199    0.1797966    0.1798135
    0.1798499    0.1797817    0.1797634    0.1798246    0.1797333    0.1796007
    0.1795843    0.1795654    0.1792221    0.1792384    0.1792309    0.1792312
    0.1792237    0.1792458    0.1793661    0.1794667    0.1794712    0.1794905
    0.1795379    0.1795417    0.1795276    0.1794420    0.1793536    0.1793226
    0.1792381    0.1792772    0.1792526    0.1792243    0.1793359    0.1793619
    0.1794505    0.1795100    0.1795635    0.1796504    0.1796258    0.1796497
    0.1797021    0.1797650    0.1798226    0.1798115    0.1798195    0.1798167
    0.1798224    0.1796464    0.1795063    0.1793584    0.1792585    0.1792853
    1.0000000    0.4236974
#No. bin=    2 from processor    0
    0.4213975    0.3683970    0.3313194    0.3051193    0.2857890    0.2718597
    0.2617018    0.2545170    0.2497702    0.2471537    0.2463123    0.2472066
    0.2499527    0.2547906    0.2619229    0.2720668    0.2860304    0.3050627
    0.3314851    0.3685344    0.1597494    0.1668983    0.1713723    0.1741758
    0.1760025    0.1771996    0.1780530    0.1785616    0.1788914    0.1790979
    0.1791694    0.1791263    0.1789769    0.1786601    0.1781779    0.1774658
    0.1762488    0.1743493    0.1714770    0.1669399    0.1765362    0.1767984
    0.1771759    0.1774428    0.1777177    0.1780121    0.1781466    0.1782493
    0.1783984    0.1785015    0.1784879    0.1784377    0.1782955    0.1781888
    0.1780125    0.1778119    0.1775380    0.1772414    0.1769816    0.1766987
    0.1595452    0.1667389    0.1712520    0.1740462    0.1759609    0.1772066
    0.1779448    0.1784918    0.1788488    0.1790387    0.1790600    0.1789611
    0.1787891    0.1783809    0.1778961    0.1770776    0.1758786    0.1740692
    0.1711921    0.1666810    0.1769861    0.1772121    0.1774935    0.1777463
    0.1779645    0.1781669    0.1783206    0.1784627    0.1785336    0.1785419
    0.1785279    0.1785399    0.1784855    0.1784401    0.1783302    0.1781494
    0.1779420    0.1777071    0.1774389    0.1771557    0.1774835    0.1775431
    0.1775866    0.1776601    0.1778615    0.1779769    0.1779831    0.1779983
    0.1780675    0.1781314    0.1781707    0.1781278    0.1780671    0.1779860
    0.1779893    0.1779243    0.1777817    0.1776811    0.1776047    0.1775116
    0.1765766    0.1768803    0.1772744    0.1775605    0.1777832    0.1779302
    0.1780159    0.1782253    0.1783391    0.1783293    0.1782559    0.1781295
    0.1780125    0.1780107    0.1779516    0.1778206    0.1776121    0.1773032
    0.1769943    0.1766820    0.1773392    0.1773129    0.1773656    0.1774130
    0.1775064    0.1775855    0.1776325    0.1776595    0.1777231    0.1778593
    0.1779552    0.1779398    0.1779037    0.1778655    0.1778199    0.1777729
    0.1777238    0.1776198    0.1775818    0.1774715    0.1773296    0.1773956
    0.1773754    0.1774227    0.1774143    0.1774064    0.1774997    0.1775813
    0.1775813    0.1775775    0.1775671    0.1775975    0.1776030    0.1775932
    0.1775356    0.1773965    0.1773426    0.1773457    0.1772678    0.1772745
    0.1593474    0.1665645    0.1710695    0.1739126    0.1757688    0.1770103
    0.1777758    0.1782694    0.1786418    0.1788331    0.1789006    0.1787812
    0.1784895    0.1780976    0.1776398    0.1768945    0.1756937    0.1738357
    0.1709811    0.1664646    0.1769658    0.1771471    0.1774252    0.1776736
    0.1779631    0.1781739    0.1783066    0.1784639    0.1785794    0.1786386
    0.1786716    0.1786918    0.1786469    0.1785938    0.1784157    0.1781902
    0.1779652    0.1777120    0.1774164    0.1771217    0.1772704    0.1773211
    0.1773367    0.1773918    0.1774658    0.1775751    0.1776758    0.1777514
    0.1778198    0.1779228    0.1778894    0.1778728    0.1778564    0.1778207
    0.1777685    0.1776656    0.1776076    0.1775206    0.1774619    0.1773289
    0.1769213    0.1771340    0.1774091    0.1776584    0.1778577    0.1780205
    0.1781485    0.1782641    0.1783714    0.1784420    0.1784536    0.1784681
    0.1784320    0.1784047    0.1783041    0.1781579    0.1779955    0.1777036
    0.1773948    0.1771005    0.1773419    0.1773909    0.1774640    0.1775211
    0.1776051    0.1776853    0.1777146    0.1777303    0.1777685    0.1778331
    0.1778356    0.1778184    0.1777778    0.1777764    0.1777866    0.1777479
    0.1776448    0.1775441    0.1774856    0.1774085    0.1777353    0.1777454
    0.1777343    0.1776851    0.1776570    0.1776706    0.1777067    0.1777737
    0.1778208    0.1778614    0.1779086    0.1778922    0.1779016    0.1779249
    0.1778610    0.1778204    0.1777831    0.1777244    0.1777235    0.1777341
    0.1769746    0.1769908    0.1770309    0.1771040    0.1772427    0.1774124
    0.1775162    0.1776023    0.1776279    0.1777091    0.1777238    0.1777247
    0.1777686    0.1776900    0.1776028    0.1774488    0.1772927    0.1772017
    0.1771363    0.1770515    0.1775766    0.1776099    0.1776154    0.1776403
    0.1777064    0.1777843    0.1778660    0.1778969    0.1779292    0.1779232
    0.1779079    0.1778948    0.1778377    0.1777905    0.1777462    0.1776742
    0.1776510    0.1776300    0.1776020    0.1775722    0.1778359    0.1778405
    0.1778605    0.1778224    0.1778367    0.1779263    0.1779377    0.1779996
    0.1780516    0.1780845    0.1781116    0.1781040    0.1779825    0.1779304
    0.1779175    0.1779108    0.1778801    0.1778541    0.1778551    0.1778874
    0.1768641    0.1771100    0.1773800    0.1776199    0.1778379    0.1780319
    0.1781383    0.1782440    0.1783203    0.1784477    0.1784925    0.1784871
    0.1785612    0.1785554    0.1784211    0.1782194    0.1779946    0.1776874
    0.1774139    0.1770603    0.1775038    0.1775428    0.1776261    0.1776507
    0.1777293    0.1778127    0.1778961    0.1779294    0.1779538    0.1780120
    0.1780114    0.1780402    0.1779829    0.1779113    0.1779230    0.1778550
    0.1777471    0.1776903    0.1776502    0.1775800    0.1772655    0.1772669
    0.1771702    0.1771896    0.1773315    0.1774053    0.1774493    0.1774753
    0.1775341    0.1775029    0.1775375    0.1774291    0.1773911    0.1773388
    0.1772990    0.1772645    0.1772032    0.1772008    0.1772486    0.1772904
    0.1776702    0.1776661    0.1776660    0.1777479    0.1778655    0.1779900
    0.1781271    0.1781717    0.1781459    0.1781332    0.1781342    0.1780689
    0.1780121    0.1779771    0.1779659    0.1779314    0.1778773    0.1778718
    0.1777886    0.1777331    0.1777158    0.1777715    0.1778091    0.1777869
    0.1778148    0.1778210    0.1777942    0.1778452    0.1779325    0.1779608
    0.1779824    0.1779470    0.1779407    0.1779359    0.1779450    0.1778694
    0.1777953    0.1777217    0.1777042    0.1776962    0.1772443    0.1772818
    0.1772802    0.1773469    0.1774508    0.1776361    0.1777483    0.1778599
    0.1779394    0.1779929    0.1779320    0.1779216    0.1777553    0.1776511
    0.1776169    0.1775761    0.1775222    0.1774722    0.1773752    0.1772909
    0.1776151    0.1776405    0.1777222    0.1776617    0.1776544    0.1776433
    0.1776199    0.1776558    0.1777414    0.1777554    0.1778552    0.1779323
    0.1778479    0.1778696    0.1779139    0.1778372    0.1778001    0.1777515
    0.1777162    0.1776961    0.1772162    0.1772492    0.1772747    0.1773506
    0.1774672    0.1775923    0.1776935    0.1777667    0.1778035    0.1778544
    0.1778642    0.1778250    0.1777439    0.1776691    0.1775614    0.1774443
    0.1773362    0.1772682    0.1772629    0.1772323    0.1780557    0.1781757
    0.1782609    0.1783096    0.1782997    0.1782471    0.1781887    0.1781521
    0.1781291    0.1780964    0.1780555    0.1780573    0.1781237    0.1781375
    0.1781440    0.1781339    0.1781156    0.1780074    0.1779590    0.1779758
    0.9990000    0.4213975
#No. bin=    2 from processor    1
    0.4235938    0.3704129    0.3333419    0.3069340    0.2879119    0.2739972
    0.2638861    0.2567109    0.2519569    0.2492092    0.2482039    0.2489214
    0.2515103    0.2562975    0.2634479    0.2736749    0.2877820    0.3070231
    0.3335292    0.3705669    0.1609459    0.1681430    0.1726389    0.1755226
    0.1773828    0.1785867    0.1793727    0.1798724    0.1801766    0.1803480
    0.1803950    0.1803748    0.1802572    0.1799379    0.1794114    0.1785326
    0.1772350    0.1753742    0.1725027    0.1680562    0.1787545    0.1789560
    0.1792151    0.1794815    0.1797425    0.1799882    0.1801279    0.1801828
    0.1801324    0.1800638    0.1800972    0.1801421    0.1800838    0.1799470
    0.1798696    0.1798348    0.1797100    0.1795025    0.1792004    0.1789539
    0.1612226    0.1683754    0.1728993    0.1757276    0.1776274    0.1788742
    0.1796615    0.1801406    0.1804223    0.1805302    0.1806299    0.1806846
    0.1805065    0.1802289    0.1796935    0.1789175    0.1776980    0.1758288
    0.1728518    0.1683907    0.1789290    0.1790527    0.1793843    0.1797052
    0.1799767    0.1801647    0.1802752    0.1803188    0.1803521    0.1804126
    0.1804694    0.1804956    0.1804173    0.1802940    0.1802309    0.1801594
    0.1799847    0.1797481    0.1794452    0.1791426    0.1789210    0.1790132
    0.1791610    0.1792703    0.1793142    0.1793963    0.1794177    0.1794292
    0.1794146    0.1794039    0.1794390    0.1794763    0.1794386    0.1794744
    0.1794068    0.1792625    0.1790744    0.1790331    0.1789666    0.1789238
    0.1790202    0.1791739    0.1794738    0.1798407    0.1800762    0.1802242
    0.1802677    0.1803208    0.1803269    0.1803275    0.1803273    0.1803819
    0.1803636    0.1803195    0.1802344    0.1801144    0.1799758    0.1797646
    0.1795143    0.1791969    0.1787590    0.1788257    0.1788205    0.1788593
    0.1789298    0.1790191    0.1790373    0.1790840    0.1791082    0.1790762
    0.1790913    0.1791483    0.1791140    0.1791419    0.1791474    0.1790692
    0.1789839    0.1788999    0.1787774    0.1787402    0.1796573    0.1795537
    0.1795728    0.1796354    0.1798119    0.1799044    0.1799301    0.1799540
    0.1799627    0.1799313    0.1798698    0.1798443    0.1798052    0.1797960
    0.1797721    0.1798021    0.1798044    0.1797589    0.1796558    0.1796734
    0.1612243    0.1684665    0.1730200    0.1759760    0.1778386    0.1790564
    0.1797567    0.1801934    0.1804884    0.1806032    0.1806402    0.1805821
    0.1803579    0.1800034    0.1795004    0.1787620    0.1775443    0.1756742
    0.1727973    0.1683275    0.1784549    0.1786122    0.1789343    0.1792329
    0.1794600    0.1796643    0.1798105    0.1798818    0.1799152    0.1799499
    0.1799938    0.1800409    0.1800184    0.1799830    0.1798841    0.1797653
    0.1795755    0.1793153    0.1789764    0.1786761    0.1791417    0.1792088
    0.1793192    0.1793680    0.1795119    0.1796322    0.1796889    0.1797214
    0.1797409    0.1797236    0.1796902    0.1796575    0.1795674    0.1795048
    0.1793889    0.1792858    0.1792517    0.1792152    0.1791436    0.1791172
    0.1786009    0.1787730    0.1791061    0.1794371    0.1797346    0.1799783
    0.1801467    0.1802272    0.1802859    0.1803504    0.1803682    0.1803859
    0.1803102    0.1801946    0.1800613    0.1799142    0.1796700    0.1793785
    0.1790619    0.1787688    0.1789940    0.1790204    0.1790976    0.1791501
    0.1792320    0.1793373    0.1793830    0.1794330    0.1794155    0.1793883
    0.1793852    0.1794117    0.1794069    0.1793907    0.1793166    0.1792645
    0.1791753    0.1791303    0.1790288    0.1789810    0.1791498    0.1791209
    0.1791171    0.1791905    0.1792817    0.1793215    0.1793340    0.1793684
    0.1794028    0.1794061    0.1794053    0.1794740    0.1794774    0.1795064
    0.1795093    0.1795065    0.1794605    0.1793375    0.1792342    0.1791889
    0.1787523    0.1787684    0.1788348    0.1789118    0.1790632    0.1792072
    0.1793545    0.1794382    0.1794449    0.1794164    0.1794423    0.1795102
    0.1794929    0.1794393    0.1793705    0.1792426    0.1790689    0.1789595
    0.1788795    0.1787893    0.1792348    0.1792414    0.1792922    0.1793800
    0.1795042    0.1795797    0.1795457    0.1795071    0.1795101    0.1795337
    0.1795207    0.1795282    0.1794944    0.1794435    0.1793780    0.1793665
    0.1793093    0.1792819    0.1792286    0.1792426    0.1789083    0.1789656
    0.1790775    0.1790980    0.1791280    0.1792211    0.1792990    0.1792497
    0.1792159    0.1792453    0.1793052    0.1794145    0.1793602    0.1793179
    0.1792745    0.1792565    0.1792304    0.1791996    0.1791068    0.1789473
    0.1788862    0.1789849    0.1792992    0.1795417    0.1798818    0.1800949
    0.1801973    0.1802966    0.1802526    0.1802203    0.1802165    0.1802313
    0.1802663    0.1802425    0.1801856    0.1800457    0.1798751    0.1796312
    0.1793606    0.1791089    0.1787073    0.1787946    0.1788806    0.1789769
    0.1791390    0.1792242    0.1792531    0.1792748    0.1793163    0.1792879
    0.1792934    0.1792950    0.1792647    0.1791776    0.1790677    0.1790085
    0.1789147    0.1788173    0.1787114    0.1786863    0.1796557    0.1796344
    0.1796403    0.1797367    0.1797402    0.1797910    0.1798137    0.1798041
    0.1797500    0.1796454    0.1795680    0.1795088    0.1794110    0.1794447
    0.1794508    0.1795396    0.1794878    0.1795626    0.1795825    0.1795972
    0.1791696    0.1792325    0.1793032    0.1793406    0.1794394    0.1795714
    0.1796262    0.1796477    0.1796531    0.1796339    0.1795521    0.1795613
    0.1795309    0.1795233    0.1794342    0.1793541    0.1792919    0.1792650
    0.1792031    0.1791768    0.1792573    0.1792211    0.1792254    0.1792676
    0.1793400    0.1794288    0.1794679    0.1794998    0.1795648    0.1796097
    0.1796653    0.1797033    0.1796895    0.1796871    0.1796801    0.1796536
    0.1795517    0.1794745    0.1793729    0.1793059    0.1797000    0.1796771
    0.1797494    0.1797578    0.1797374    0.1797337    0.1796466    0.1796099
    0.1795538    0.1795152    0.1795706    0.1796346    0.1796376    0.1795895
    0.1795642    0.1795195    0.1795447    0.1796222    0.1796021    0.1796506
    0.1788497    0.1788451    0.1789323    0.1790138    0.1791069    0.1791415
    0.1790872    0.1791049    0.1791623    0.1791601    0.1792746    0.1793471
    0.1793083    0.1793493    0.1793470    0.1793777    0.1793440    0.1791998
    0.1790210    0.1788827    0.1794521    0.1794049    0.1794320    0.1794445
    0.1794918    0.1795399    0.1796020    0.1796129    0.1795426    0.1795165
    0.1794753    0.1795041    0.1795348    0.1795603    0.1795455    0.1795553
    0.1795326    0.1795418    0.1795143    0.1795035    0.1795541    0.1795732
    0.1795748    0.1796565    0.1797259    0.1797745    0.1798418    0.1798297
    0.1798601    0.1798503    0.1799073    0.1799162    0.1798160    0.1797036
    0.1796330    0.1794724    0.1793204    0.1792785    0.1793029    0.1794886
    1.0000000    0.4235938
